id,cvd_mortality_17
5kmN2760E4145,0.0
5kmN2760E4155,0.0
5kmN2760E4160,0.0
5kmN2760E4165,0.0
5kmN2765E4145,0.0
5kmN2765E4150,0.0
5kmN2765E4155,0.0
5kmN2765E4160,0.0
5kmN2765E4165,0.0
5kmN2770E4150,0.0
5kmN2770E4155,0.0
5kmN2770E4160,0.0
5kmN2770E4175,0.0
5kmN2770E4180,0.0
5kmN2775E4150,0.0
5kmN2775E4155,0.0
5kmN2775E4160,0.0
5kmN2775E4165,0.0
5kmN2775E4170,0.0
5kmN2775E4175,0.0
5kmN2775E4180,0.0
5kmN2775E4370,0.0
5kmN2775E4375,0.0
5kmN2780E4140,0.0
5kmN2780E4145,0.0
5kmN2780E4150,0.0
5kmN2780E4155,0.0
5kmN2780E4160,0.0
5kmN2780E4165,0.0
5kmN2780E4170,0.0
5kmN2780E4175,0.0
5kmN2780E4365,0.0
5kmN2780E4370,0.0
5kmN2780E4375,0.0
5kmN2780E4380,0.0
5kmN2785E4145,0.0
5kmN2785E4150,0.0
5kmN2785E4155,0.0
5kmN2785E4160,0.0
5kmN2785E4165,0.0
5kmN2785E4170,0.0
5kmN2785E4175,0.0
5kmN2785E4180,0.0
5kmN2785E4365,0.0
5kmN2785E4370,0.0
5kmN2785E4375,0.0
5kmN2785E4380,0.0
5kmN2785E4390,0.0
5kmN2785E4395,0.0
5kmN2790E4145,0.0
5kmN2790E4150,0.0
5kmN2790E4155,0.0
5kmN2790E4160,0.0
5kmN2790E4170,0.0
5kmN2790E4175,0.0
5kmN2790E4180,0.0
5kmN2790E4360,0.0
5kmN2790E4365,0.0
5kmN2790E4370,0.0
5kmN2790E4375,0.0
5kmN2790E4380,0.0
5kmN2790E4385,0.0
5kmN2790E4390,0.0
5kmN2790E4395,0.0
5kmN2795E4365,0.0
5kmN2795E4370,0.0
5kmN2795E4375,0.0
5kmN2795E4380,0.0
5kmN2795E4385,0.0
5kmN2795E4390,0.0
5kmN2795E4395,0.0
5kmN2795E4400,0.0
5kmN2800E4360,0.0
5kmN2800E4365,0.0
5kmN2800E4370,0.0
5kmN2800E4375,0.0
5kmN2800E4380,0.0
5kmN2800E4385,0.0
5kmN2800E4390,0.0
5kmN2800E4395,0.0
5kmN2800E4400,0.0
5kmN2800E4405,0.0
5kmN2805E4360,0.0
5kmN2805E4365,0.0
5kmN2805E4370,0.0
5kmN2805E4375,0.0
5kmN2805E4380,0.0
5kmN2805E4385,0.0
5kmN2805E4390,0.0
5kmN2805E4395,0.0
5kmN2805E4400,0.0
5kmN2805E4405,0.0
5kmN2810E4360,0.0
5kmN2810E4365,0.0
5kmN2810E4370,0.0
5kmN2810E4375,0.0
5kmN2810E4380,0.0
5kmN2810E4385,0.0
5kmN2810E4390,0.0
5kmN2810E4395,0.0
5kmN2810E4400,0.0
5kmN2810E4405,0.0
5kmN2810E4410,0.0
5kmN2815E4360,0.0
5kmN2815E4365,0.0
5kmN2815E4370,0.0
5kmN2815E4375,0.0
5kmN2815E4380,0.0
5kmN2815E4385,0.0
5kmN2815E4390,0.0
5kmN2815E4395,0.0
5kmN2815E4400,0.0
5kmN2815E4405,0.0
5kmN2815E4410,0.0
5kmN2815E4415,0.0
5kmN2820E4365,0.0
5kmN2820E4370,0.0
5kmN2820E4375,0.0
5kmN2820E4380,0.0
5kmN2820E4385,0.0
5kmN2820E4390,0.0
5kmN2820E4395,0.0
5kmN2820E4400,0.0
5kmN2820E4405,0.0
5kmN2825E4375,0.0
5kmN2825E4380,0.0
5kmN2825E4385,0.0
5kmN2825E4390,0.0
5kmN2825E4395,0.0
5kmN2825E4400,0.0
5kmN2825E4405,0.0
5kmN2830E4375,0.0
5kmN2830E4380,0.0
5kmN2830E4385,0.0
5kmN2830E4390,0.0
5kmN2830E4395,0.0
5kmN2830E4400,0.0
5kmN2830E4405,0.0
5kmN2850E4475,0.0
5kmN2855E4475,0.0
5kmN2855E4480,0.0
5kmN2860E4475,0.0
5kmN2860E4480,0.0
5kmN2860E4485,0.0
5kmN2860E4490,0.0
5kmN2865E4475,0.0
5kmN2865E4480,0.0
5kmN2865E4485,0.0
5kmN2865E4490,0.0
5kmN2865E4495,0.0
5kmN2870E4460,0.0
5kmN2870E4465,0.0
5kmN2870E4470,0.0
5kmN2870E4475,0.0
5kmN2870E4480,0.0
5kmN2870E4485,0.0
5kmN2870E4490,0.0
5kmN2870E4495,0.0
5kmN2875E4445,0.0
5kmN2875E4450,0.0
5kmN2875E4460,0.0
5kmN2875E4465,0.0
5kmN2875E4470,0.0
5kmN2875E4475,0.0
5kmN2875E4480,0.0
5kmN2875E4485,0.0
5kmN2875E4490,0.0
5kmN2875E4495,0.0
5kmN2875E4500,0.0
5kmN2880E4440,0.0
5kmN2880E4445,0.0
5kmN2880E4450,0.0
5kmN2880E4455,0.0
5kmN2880E4460,0.0
5kmN2880E4465,0.0
5kmN2880E4470,0.0
5kmN2880E4475,0.0
5kmN2880E4480,0.0
5kmN2880E4485,0.0
5kmN2880E4490,0.0
5kmN2880E4495,0.0
5kmN2885E4445,0.0
5kmN2885E4450,0.0
5kmN2885E4455,0.0
5kmN2885E4460,0.0
5kmN2885E4465,0.0
5kmN2885E4470,0.0
5kmN2885E4475,0.0
5kmN2885E4480,0.0
5kmN2885E4485,0.0
5kmN2885E4490,0.0
5kmN2885E4495,0.0
5kmN2890E4105,0.0
5kmN2890E4115,0.0
5kmN2890E4455,0.0
5kmN2890E4460,0.0
5kmN2890E4465,0.0
5kmN2890E4470,0.0
5kmN2890E4475,0.0
5kmN2890E4480,0.0
5kmN2890E4485,0.0
5kmN2890E4490,0.0
5kmN2895E4090,0.0
5kmN2895E4100,0.0
5kmN2895E4105,0.0
5kmN2895E4110,0.0
5kmN2895E4115,0.0
5kmN2895E4120,0.0
5kmN2895E4125,0.0
5kmN2895E4455,0.0
5kmN2895E4460,0.0
5kmN2895E4465,0.0
5kmN2895E4475,0.0
5kmN2895E4480,0.0
5kmN2895E4485,0.0
5kmN2900E4080,0.0
5kmN2900E4085,0.0
5kmN2900E4090,0.0
5kmN2900E4095,0.0
5kmN2900E4100,0.0
5kmN2900E4105,0.0
5kmN2900E4110,0.0
5kmN2900E4115,0.0
5kmN2900E4120,0.0
5kmN2900E4475,0.0
5kmN2905E4085,0.0
5kmN2905E4090,0.0
5kmN2905E4095,0.0
5kmN2905E4100,0.0
5kmN2905E4105,0.0
5kmN2905E4110,0.0
5kmN2905E4115,0.0
5kmN2905E4120,0.0
5kmN2905E4125,0.0
5kmN2910E4085,0.0
5kmN2910E4090,0.0
5kmN2910E4095,0.0
5kmN2910E4100,0.0
5kmN2910E4105,0.0
5kmN2910E4110,0.0
5kmN2910E4115,0.0
5kmN2910E4120,0.0
5kmN2910E4125,0.0
5kmN2910E4130,0.0
5kmN2915E4090,0.0
5kmN2915E4095,0.0
5kmN2915E4100,0.0
5kmN2915E4105,0.0
5kmN2915E4110,0.0
5kmN2915E4115,0.0
5kmN2915E4120,0.0
5kmN2915E4125,0.0
5kmN2915E4130,0.0
5kmN2920E4095,0.0
5kmN2920E4100,0.0
5kmN2920E4110,0.0
5kmN2920E4120,0.0
5kmN2920E4125,0.0
5kmN2920E4210,0.0
5kmN2920E4215,0.0
5kmN2925E4205,0.0
5kmN2925E4210,0.0
5kmN2925E4215,0.0
5kmN2930E4205,0.0
5kmN2930E4210,0.0
5kmN2930E4215,0.0
5kmN2935E4205,0.0
5kmN2935E4210,0.0
5kmN2935E4215,0.0
5kmN2940E4205,0.0
5kmN2940E4210,0.0
5kmN3105E4490,0.0
5kmN3110E4490,0.0
5kmN3110E4495,0.0
5kmN3115E4100,0.0
5kmN3115E4105,0.0
5kmN3115E4485,0.0
5kmN3115E4490,0.0
5kmN3115E4495,0.0
5kmN3120E4090,0.0
5kmN3120E4095,0.0
5kmN3120E4100,0.0
5kmN3120E4485,0.0
5kmN3120E4490,0.0
5kmN3120E4495,0.0
5kmN3125E4090,0.0
5kmN3125E4095,0.0
5kmN3125E4100,0.0
5kmN3125E4475,0.0
5kmN3125E4485,0.0
5kmN3125E4490,0.0
5kmN3125E4495,0.0
5kmN3130E4090,0.0
5kmN3130E4095,0.0
5kmN3130E4100,0.0
5kmN3130E4105,0.0
5kmN3130E4470,0.0
5kmN3130E4475,0.0
5kmN3130E4480,0.0
5kmN3130E4485,0.0
5kmN3130E4490,0.0
5kmN3130E4495,0.0
5kmN3135E4090,0.0
5kmN3135E4095,0.0
5kmN3135E4470,0.0
5kmN3135E4475,0.0
5kmN3135E4480,0.0
5kmN3135E4485,0.0
5kmN3135E4490,0.0
5kmN3135E4495,0.0
5kmN3140E4090,0.0
5kmN3140E4095,0.0
5kmN3140E4105,0.0
5kmN3140E4110,0.0
5kmN3140E4115,0.0
5kmN3140E4470,0.0
5kmN3140E4475,0.0
5kmN3140E4480,0.0
5kmN3140E4485,0.0
5kmN3140E4490,0.0
5kmN3140E4495,0.0
5kmN3145E4105,0.0
5kmN3145E4110,0.0
5kmN3145E4115,0.0
5kmN3145E4120,0.0
5kmN3145E4455,0.0
5kmN3145E4460,0.0
5kmN3145E4470,0.0
5kmN3145E4475,0.0
5kmN3145E4480,0.0
5kmN3145E4485,0.0
5kmN3145E4490,0.0
5kmN3145E4495,0.0
5kmN3150E4105,0.0
5kmN3150E4110,0.0
5kmN3150E4115,0.0
5kmN3150E4120,0.0
5kmN3150E4450,0.0
5kmN3150E4455,0.0
5kmN3150E4460,0.0
5kmN3150E4465,0.0
5kmN3150E4470,0.0
5kmN3150E4475,0.0
5kmN3150E4480,0.0
5kmN3155E4105,0.0
5kmN3155E4110,0.0
5kmN3155E4115,0.0
5kmN3155E4440,0.0
5kmN3155E4445,0.0
5kmN3155E4450,0.0
5kmN3155E4455,0.0
5kmN3155E4460,0.0
5kmN3155E4465,0.0
5kmN3155E4470,0.0
5kmN3160E4110,0.0
5kmN3160E4435,0.0
5kmN3160E4440,0.0
5kmN3160E4445,0.0
5kmN3160E4450,0.0
5kmN3160E4455,0.0
5kmN3160E4460,0.0
5kmN3160E4465,0.0
5kmN3160E4470,0.0
5kmN3165E4440,0.0
5kmN3165E4445,0.0
5kmN3165E4450,0.0
5kmN3165E4455,0.0
5kmN3165E4460,0.0
5kmN3165E4465,0.0
5kmN3170E4440,0.0
5kmN3170E4445,0.0
5kmN3170E4450,0.0
5kmN3170E4455,0.0
5kmN3170E4460,0.0
5kmN3195E4150,0.0
5kmN3195E4155,0.0
5kmN3200E4150,0.0
5kmN3200E4155,0.0
5kmN3200E4160,0.0
5kmN3200E4165,0.0
5kmN3205E4145,0.0
5kmN3205E4150,0.0
5kmN3205E4155,0.0
5kmN3205E4160,0.0
5kmN3205E4165,0.0
5kmN3210E4150,0.0
5kmN3210E4155,0.0
5kmN3210E4160,0.0
5kmN3215E4150,0.0
5kmN3215E4155,0.0
5kmN3215E4160,0.0
5kmN3245E4295,0.0
5kmN3245E4300,0.0
5kmN3245E4305,0.0
5kmN3245E4310,0.0
5kmN3245E4550,0.0
5kmN3245E4555,0.0
5kmN3250E4295,0.0
5kmN3250E4300,0.0
5kmN3250E4305,0.0
5kmN3250E4310,0.0
5kmN3250E4545,0.0
5kmN3250E4550,0.0
5kmN3250E4555,0.0
5kmN3250E4565,0.0
5kmN3255E4290,0.0
5kmN3255E4295,0.0
5kmN3255E4300,0.0
5kmN3255E4305,0.0
5kmN3255E4545,0.0
5kmN3255E4550,0.0
5kmN3255E4560,0.0
5kmN3255E4565,0.0
5kmN3255E4570,0.0
5kmN3260E4530,0.0
5kmN3260E4540,0.0
5kmN3260E4545,0.0
5kmN3260E4550,0.0
5kmN3260E4555,0.0
5kmN3260E4560,0.0
5kmN3260E4565,0.0
5kmN3260E4570,0.0
5kmN3265E4530,0.0
5kmN3265E4535,0.0
5kmN3265E4540,0.0
5kmN3265E4545,0.0
5kmN3265E4550,0.0
5kmN3265E4555,0.0
5kmN3265E4560,0.0
5kmN3265E4565,0.0
5kmN3265E4570,0.0
5kmN3270E4530,0.0
5kmN3270E4535,0.0
5kmN3270E4540,0.0
5kmN3270E4545,0.0
5kmN3270E4550,0.0
5kmN3270E4555,0.0
5kmN3270E4560,0.0
5kmN3270E4565,0.0
5kmN3275E4525,0.0
5kmN3275E4530,0.0
5kmN3275E4535,0.0
5kmN3275E4540,0.0
5kmN3275E4545,0.0
5kmN3275E4550,0.0
5kmN3275E4555,0.0
5kmN3275E4560,0.0
5kmN3275E4565,0.0
5kmN3280E4535,0.0
5kmN3280E4540,0.0
5kmN3280E4545,0.0
5kmN3280E4550,0.0
5kmN3280E4555,0.0
5kmN3280E4560,0.0
5kmN3280E4565,0.0
5kmN3285E4535,0.0
5kmN3285E4540,0.0
5kmN3285E4545,0.0
5kmN3285E4550,0.0
5kmN3285E4555,0.0
5kmN3285E4560,0.0
5kmN3285E4565,0.0
5kmN3290E4540,0.0
5kmN3290E4545,0.0
5kmN3290E4550,0.0
5kmN3290E4555,0.0
5kmN3290E4560,0.0
5kmN3290E4565,0.0
5kmN3295E4530,0.0
5kmN3295E4535,0.0
5kmN3295E4540,0.0
5kmN3295E4545,0.0
5kmN3295E4550,0.0
5kmN3295E4555,0.0
5kmN3295E4560,0.0
5kmN3300E4535,0.0
5kmN3300E4540,0.0
5kmN3300E4545,0.0
5kmN3300E4550,0.0
5kmN3300E4555,0.0
5kmN3300E4560,0.0
5kmN3305E4555,0.0
5kmN3310E4555,0.0
5kmN3320E4240,0.0
5kmN3325E4230,0.0
5kmN3325E4235,0.0
5kmN3325E4240,0.0
5kmN3325E4245,0.0
5kmN3325E4250,0.0
5kmN3330E4230,0.0
5kmN3330E4235,0.0
5kmN3330E4240,0.0
5kmN3330E4245,0.0
5kmN3330E4250,0.0
5kmN3335E4230,0.0
5kmN3335E4235,0.0
5kmN3335E4240,0.0
5kmN3335E4245,0.0
5kmN3335E4250,0.0
5kmN3340E4220,0.0
5kmN3340E4225,0.0
5kmN3340E4230,0.0
5kmN3340E4235,0.0
5kmN3345E4220,0.0
5kmN3345E4225,0.0
5kmN3345E4505,0.0
5kmN3345E4510,0.0
5kmN3345E4515,0.0
5kmN3345E4520,0.0
5kmN3350E4485,0.0
5kmN3350E4490,0.0
5kmN3350E4500,0.0
5kmN3350E4505,0.0
5kmN3350E4510,0.0
5kmN3350E4515,0.0
5kmN3350E4520,0.0
5kmN3350E4525,0.0
5kmN3350E4530,0.0
5kmN3355E4480,0.0
5kmN3355E4485,0.0
5kmN3355E4490,0.0
5kmN3355E4495,0.0
5kmN3355E4500,0.0
5kmN3355E4505,0.0
5kmN3355E4510,0.0
5kmN3355E4515,0.0
5kmN3355E4520,0.0
5kmN3355E4525,0.0
5kmN3355E4530,0.0
5kmN3355E4535,0.0
5kmN3355E4540,0.0
5kmN3355E4545,0.0
5kmN3360E4475,0.0
5kmN3360E4480,0.0
5kmN3360E4485,0.0
5kmN3360E4490,0.0
5kmN3360E4495,0.0
5kmN3360E4500,0.0
5kmN3360E4505,0.0
5kmN3360E4510,0.0
5kmN3360E4515,0.0
5kmN3360E4520,0.0
5kmN3360E4525,0.0
5kmN3360E4530,0.0
5kmN3360E4535,0.0
5kmN3360E4540,0.0
5kmN3360E4545,0.0
5kmN3360E4550,0.0
5kmN3365E4315,0.0
5kmN3365E4320,0.0
5kmN3365E4325,0.0
5kmN3365E4330,0.0
5kmN3365E4335,0.0
5kmN3365E4470,0.0
5kmN3365E4475,0.0
5kmN3365E4480,0.0
5kmN3365E4485,0.0
5kmN3365E4490,0.0
5kmN3365E4495,0.0
5kmN3365E4505,0.0
5kmN3365E4510,0.0
5kmN3365E4520,0.0
5kmN3365E4525,0.0
5kmN3365E4530,0.0
5kmN3365E4535,0.0
5kmN3365E4540,0.0
5kmN3365E4545,0.0
5kmN3365E4550,0.0
5kmN3370E4305,0.0
5kmN3370E4310,0.0
5kmN3370E4315,0.0
5kmN3370E4320,0.0
5kmN3370E4325,0.0
5kmN3370E4330,0.0
5kmN3370E4335,0.0
5kmN3370E4340,0.0
5kmN3370E4470,0.0
5kmN3370E4475,0.0
5kmN3370E4480,0.0
5kmN3370E4485,0.0
5kmN3370E4490,0.0
5kmN3370E4505,0.0
5kmN3370E4510,0.0
5kmN3370E4515,0.0
5kmN3370E4520,0.0
5kmN3370E4525,0.0
5kmN3370E4530,0.0
5kmN3370E4535,0.0
5kmN3370E4540,0.0
5kmN3370E4545,0.0
5kmN3370E4550,0.0
5kmN3370E4555,0.0
5kmN3370E4560,0.0
5kmN3375E4305,0.0
5kmN3375E4310,0.0
5kmN3375E4315,0.0
5kmN3375E4320,0.0
5kmN3375E4325,0.0
5kmN3375E4330,0.0
5kmN3375E4335,0.0
5kmN3375E4475,0.0
5kmN3375E4480,0.0
5kmN3375E4485,0.0
5kmN3375E4490,0.0
5kmN3375E4495,0.0
5kmN3375E4500,0.0
5kmN3375E4510,0.0
5kmN3375E4515,0.0
5kmN3375E4520,0.0
5kmN3375E4525,0.0
5kmN3375E4530,0.0
5kmN3375E4535,0.0
5kmN3375E4540,0.0
5kmN3375E4545,0.0
5kmN3375E4550,0.0
5kmN3375E4555,0.0
5kmN3375E4560,0.0
5kmN3380E4300,0.0
5kmN3380E4305,0.0
5kmN3380E4310,0.0
5kmN3380E4315,0.0
5kmN3380E4320,0.0
5kmN3380E4325,0.0
5kmN3380E4330,0.0
5kmN3380E4475,0.0
5kmN3380E4480,0.0
5kmN3380E4485,0.0
5kmN3380E4490,0.0
5kmN3380E4495,0.0
5kmN3380E4500,0.0
5kmN3380E4505,0.0
5kmN3380E4510,0.0
5kmN3380E4515,0.0
5kmN3380E4520,0.0
5kmN3380E4525,0.0
5kmN3380E4530,0.0
5kmN3380E4535,0.0
5kmN3380E4540,0.0
5kmN3380E4545,0.0
5kmN3380E4550,0.0
5kmN3380E4555,0.0
5kmN3380E4560,0.0
5kmN3385E4300,0.0
5kmN3385E4305,0.0
5kmN3385E4310,0.0
5kmN3385E4315,0.0
5kmN3385E4320,0.0
5kmN3385E4325,0.0
5kmN3385E4330,0.0
5kmN3385E4475,0.0
5kmN3385E4485,0.0
5kmN3385E4490,0.0
5kmN3385E4495,0.0
5kmN3385E4500,0.0
5kmN3385E4505,0.0
5kmN3385E4510,0.0
5kmN3385E4515,0.0
5kmN3385E4520,0.0
5kmN3385E4525,0.0
5kmN3385E4530,0.0
5kmN3385E4535,0.0
5kmN3385E4540,0.0
5kmN3385E4545,0.0
5kmN3385E4550,0.0
5kmN3385E4555,0.0
5kmN3385E4560,0.0
5kmN3385E4565,0.0
5kmN3390E4310,0.0
5kmN3390E4315,0.0
5kmN3390E4320,0.0
5kmN3390E4325,0.0
5kmN3390E4330,0.0
5kmN3390E4480,0.0
5kmN3390E4485,0.0
5kmN3390E4490,0.0
5kmN3390E4495,0.0
5kmN3390E4500,0.0
5kmN3390E4505,0.0
5kmN3390E4510,0.0
5kmN3390E4515,0.0
5kmN3390E4520,0.0
5kmN3390E4525,0.0
5kmN3390E4530,0.0
5kmN3390E4535,0.0
5kmN3390E4540,0.0
5kmN3390E4545,0.0
5kmN3390E4550,0.0
5kmN3390E4555,0.0
5kmN3390E4560,0.0
5kmN3395E4320,0.0
5kmN3395E4325,0.0
5kmN3395E4330,0.0
5kmN3395E4480,0.0
5kmN3395E4485,0.0
5kmN3395E4490,0.0
5kmN3395E4495,0.0
5kmN3395E4505,0.0
5kmN3395E4510,0.0
5kmN3395E4515,0.0
5kmN3395E4520,0.0
5kmN3395E4525,0.0
5kmN3395E4530,0.0
5kmN3395E4535,0.0
5kmN3395E4540,0.0
5kmN3395E4545,0.0
5kmN3395E4550,0.0
5kmN3395E4555,0.0
5kmN3395E4560,0.0
5kmN3395E4565,0.0
5kmN3400E4325,0.0
5kmN3400E4495,0.0
5kmN3400E4500,0.0
5kmN3400E4505,0.0
5kmN3400E4510,0.0
5kmN3400E4515,0.0
5kmN3400E4520,0.0
5kmN3400E4525,0.0
5kmN3400E4530,0.0
5kmN3400E4535,0.0
5kmN3400E4540,0.0
5kmN3400E4545,0.0
5kmN3400E4550,0.0
5kmN3400E4555,0.0
5kmN3400E4560,0.0
5kmN3400E4565,0.0
5kmN3405E4495,0.0
5kmN3405E4500,0.0
5kmN3405E4505,0.0
5kmN3405E4510,0.0
5kmN3405E4515,0.0
5kmN3405E4520,0.0
5kmN3405E4525,0.0
5kmN3405E4530,0.0
5kmN3405E4535,0.0
5kmN3405E4540,0.0
5kmN3405E4545,0.0
5kmN3405E4550,0.0
5kmN3410E4495,0.0
5kmN3410E4500,0.0
5kmN3410E4505,0.0
5kmN3410E4510,0.0
5kmN3410E4515,0.0
5kmN3410E4520,0.0
5kmN3410E4525,0.0
5kmN3410E4530,0.0
5kmN3410E4535,0.0
5kmN3410E4540,0.0
5kmN3415E4500,0.0
5kmN3415E4505,0.0
5kmN3415E4510,0.0
5kmN3415E4515,0.0
5kmN3415E4520,0.0
5kmN3415E4525,0.0
5kmN3415E4530,0.0
5kmN3415E4535,0.0
5kmN3415E4540,0.0
5kmN3420E4500,0.0
5kmN3420E4505,0.0
5kmN3420E4510,0.0
5kmN3420E4515,0.0
5kmN3420E4520,0.0
5kmN3420E4525,0.0
5kmN3420E4530,0.0
5kmN3420E4535,0.0
5kmN3420E4540,0.0
5kmN3425E4505,0.0
5kmN3425E4510,0.0
5kmN3425E4515,0.0
5kmN3425E4520,0.0
5kmN3425E4525,0.0
5kmN3425E4530,0.0
5kmN3425E4535,0.0
5kmN3425E4540,0.0
5kmN3430E4505,0.0
5kmN3430E4510,0.0
5kmN3430E4515,0.0
5kmN3430E4520,0.0
5kmN3430E4525,0.0
5kmN3430E4530,0.0
5kmN3430E4535,0.0
5kmN3435E4315,0.0
5kmN3435E4320,0.0
5kmN3435E4515,0.0
5kmN3435E4520,0.0
5kmN3435E4525,0.0
5kmN3435E4530,0.0
5kmN3435E4535,0.0
5kmN3440E4315,0.0
5kmN3440E4320,0.0
5kmN3440E4325,0.0
5kmN3440E4330,0.0
5kmN3440E4345,0.0
5kmN3440E4350,0.0
5kmN3440E4355,0.0
5kmN3445E4315,0.0
5kmN3445E4320,0.0
5kmN3445E4325,0.0
5kmN3445E4330,0.0
5kmN3445E4335,0.0
5kmN3445E4340,0.0
5kmN3445E4345,0.0
5kmN3445E4350,0.0
5kmN3445E4355,0.0
5kmN3450E4320,0.0
5kmN3450E4325,0.0
5kmN3450E4340,0.0
5kmN3450E4345,0.0
5kmN3450E4350,0.0
5kmN3455E4335,0.0
5kmN3455E4340,0.0
5kmN3455E4345,0.0
5kmN3455E4350,0.0
5kmN3460E4295,0.0
5kmN3460E4310,0.0
5kmN3460E4315,0.0
5kmN3460E4325,0.0
5kmN3460E4330,0.0
5kmN3460E4335,0.0
5kmN3460E4340,0.0
5kmN3465E4295,0.0
5kmN3465E4300,0.0
5kmN3465E4305,0.0
5kmN3465E4310,0.0
5kmN3465E4315,0.0
5kmN3465E4320,0.0
5kmN3465E4325,0.0
5kmN3465E4330,0.0
5kmN3465E4335,0.0
5kmN3465E4350,0.0
5kmN3470E4310,0.0
5kmN3470E4315,0.0
5kmN3470E4320,0.0
5kmN3470E4325,0.0
5kmN3470E4330,0.0
5kmN3470E4335,0.0
5kmN3470E4340,0.0
5kmN3470E4345,0.0
5kmN3470E4350,0.0
5kmN3475E4310,0.0
5kmN3475E4315,0.0
5kmN3475E4320,0.0
5kmN3475E4325,0.0
5kmN3475E4330,0.0
5kmN3475E4335,0.0
5kmN3475E4340,0.0
5kmN3475E4345,0.0
5kmN3480E4305,0.0
5kmN3480E4310,0.0
5kmN3480E4315,0.0
5kmN3480E4320,0.0
5kmN3480E4325,0.0
5kmN3480E4330,0.0
5kmN3485E4305,0.0
5kmN3485E4310,0.0
5kmN3485E4320,0.0
5kmN3485E4325,0.0
5kmN3485E4330,0.0
5kmN2685E4330,0.04693298091279613
5kmN2685E4340,0.024061546794957145
5kmN2690E4330,0.04209842673713046
5kmN2690E4335,0.028933824089574567
5kmN2690E4340,0.03582729657880221
5kmN2695E4330,0.030700864331666772
5kmN2695E4335,0.04215436041601758
5kmN2695E4340,0.036861395525797286
5kmN2695E4345,0.01803246083353116
5kmN2695E4415,0.1158913583934312
5kmN2700E4325,0.048574507042894705
5kmN2700E4330,0.03312714072702669
5kmN2700E4335,0.047843850987020764
5kmN2700E4340,0.04190094740021319
5kmN2700E4345,0.011387633889502424
5kmN2700E4350,0.014995378128850156
5kmN2700E4390,0.101756779704715
5kmN2700E4400,0.08924288014253257
5kmN2700E4405,0.07904389565226
5kmN2700E4410,0.0955867246078172
5kmN2700E4415,0.10441947356614015
5kmN2705E4320,0.048891515257320994
5kmN2705E4325,0.047685766689453235
5kmN2705E4330,0.039480484184936576
5kmN2705E4335,0.05147914524925892
5kmN2705E4340,0.04083625457432585
5kmN2705E4345,0.024498823991063595
5kmN2705E4350,0.01611913767460127
5kmN2705E4390,0.10153298082152376
5kmN2705E4395,0.10615763889374655
5kmN2705E4400,0.09364949133529579
5kmN2705E4405,0.10590421760983215
5kmN2705E4410,0.11410929742511317
5kmN2705E4415,0.12583095574716635
5kmN2710E4295,0.213213056543659
5kmN2710E4300,0.2684270624526562
5kmN2710E4305,0.3071897773132991
5kmN2710E4310,0.30272395123368206
5kmN2710E4315,0.1831554532085044
5kmN2710E4320,0.058295804628355596
5kmN2710E4325,0.03780304353671854
5kmN2710E4330,0.03101314311992817
5kmN2710E4335,0.04520872042111784
5kmN2710E4340,0.020023591991751383
5kmN2710E4345,0.03984179939010993
5kmN2710E4350,0.028215297720896426
5kmN2710E4375,0.02027358002300675
5kmN2710E4400,0.10429126406198516
5kmN2710E4405,0.09220244810638528
5kmN2710E4415,0.12291955096445803
5kmN2710E4425,0.053142649433328665
5kmN2715E4140,0.03123130389510717
5kmN2715E4145,0.041303115811955254
5kmN2715E4150,0.053105513951011235
5kmN2715E4155,0.06487581919654895
5kmN2715E4160,0.01679289317032659
5kmN2715E4165,0.00851353122998691
5kmN2715E4170,0.0063493606248046786
5kmN2715E4175,0.015367711054140615
5kmN2715E4190,0.009485949898801166
5kmN2715E4195,0.013231387790403615
5kmN2715E4200,0.010059251730678398
5kmN2715E4205,-0.010263586272938302
5kmN2715E4285,0.2572406903651572
5kmN2715E4290,0.2529717687552801
5kmN2715E4295,0.268307658364765
5kmN2715E4300,0.29767981771001306
5kmN2715E4305,0.30755783082737187
5kmN2715E4310,0.2949972458975021
5kmN2715E4315,0.2648818672459171
5kmN2715E4320,0.1538154326411175
5kmN2715E4325,0.06841509468199361
5kmN2715E4330,0.02539369295858926
5kmN2715E4335,0.022458145123410794
5kmN2715E4340,0.033690240791022036
5kmN2715E4345,0.04185903330821997
5kmN2715E4350,0.03380151566544776
5kmN2715E4355,0.032137275209978916
5kmN2715E4360,0.03510587445777094
5kmN2715E4365,0.02207324687251319
5kmN2715E4370,0.0035347696862115807
5kmN2715E4375,0.01102942209464533
5kmN2715E4390,0.09842794739053434
5kmN2715E4395,0.09879298709293854
5kmN2715E4400,0.09782495741462113
5kmN2715E4405,0.09683298310848068
5kmN2715E4415,0.09400006507232822
5kmN2715E4420,0.03140620716023393
5kmN2715E4425,0.05381895490698908
5kmN2715E4435,0.028824750471514088
5kmN2715E4540,0.06645392072403239
5kmN2720E4135,0.06498770649797697
5kmN2720E4140,0.08611889461799317
5kmN2720E4145,0.09272817064602783
5kmN2720E4150,0.09503103641001222
5kmN2720E4155,0.06980197204286379
5kmN2720E4160,0.05513024599872282
5kmN2720E4165,0.058848963660119574
5kmN2720E4170,0.049789874042237725
5kmN2720E4175,0.03232307234739082
5kmN2720E4180,0.005086398558842992
5kmN2720E4185,0.0022496705692412744
5kmN2720E4190,0.0019704027759088194
5kmN2720E4195,0.019629686081703485
5kmN2720E4200,0.01932248857461752
5kmN2720E4205,0.001891516269801885
5kmN2720E4210,-0.015336620921274857
5kmN2720E4280,0.20254802505286462
5kmN2720E4285,0.257609683906074
5kmN2720E4290,0.28770304810162783
5kmN2720E4295,0.21009216588479174
5kmN2720E4300,0.16480039850157813
5kmN2720E4305,0.29755624423495997
5kmN2720E4310,0.27701650202121886
5kmN2720E4315,0.28433481492490753
5kmN2720E4320,0.2897405589550732
5kmN2720E4325,0.11526247801275405
5kmN2720E4330,0.057741620319559706
5kmN2720E4335,0.05458767217304383
5kmN2720E4340,0.014921500925753617
5kmN2720E4345,0.036979933339437526
5kmN2720E4350,0.029366437434650033
5kmN2720E4355,0.03380693551610031
5kmN2720E4360,0.0397978362016469
5kmN2720E4365,0.03625947776882571
5kmN2720E4370,0.004798063187154478
5kmN2720E4375,-0.0074580047045452735
5kmN2720E4380,0.04155343437871342
5kmN2720E4395,0.12428727595243982
5kmN2720E4400,0.11024007778595016
5kmN2720E4405,0.11856316032242448
5kmN2720E4410,0.11299015869778964
5kmN2720E4415,0.06864124328880569
5kmN2720E4420,0.02686033879312802
5kmN2720E4425,0.08906540709434049
5kmN2720E4430,0.08611042238630708
5kmN2720E4435,0.05356245990516462
5kmN2720E4440,0.08975214716568004
5kmN2720E4445,0.1343389128890496
5kmN2720E4450,0.12808020337726977
5kmN2720E4460,0.15570095465219438
5kmN2720E4470,0.16700417088445363
5kmN2720E4480,0.08676052469339032
5kmN2720E4485,0.07132969197908201
5kmN2720E4530,0.06645208035674596
5kmN2720E4535,0.05362335045819863
5kmN2720E4540,0.05821334310164855
5kmN2720E4545,0.06712436795688653
5kmN2725E4135,0.06178013192578932
5kmN2725E4140,0.08036457186910866
5kmN2725E4145,0.08938243630274449
5kmN2725E4150,0.09909318814988861
5kmN2725E4155,0.09599628593085519
5kmN2725E4160,0.06683289811189845
5kmN2725E4165,0.06177476825081421
5kmN2725E4170,0.055600495154631835
5kmN2725E4175,0.04911611700025664
5kmN2725E4180,0.03769518535426242
5kmN2725E4185,0.031708020012278904
5kmN2725E4190,0.016117006201446626
5kmN2725E4195,0.005749860675962115
5kmN2725E4200,-0.0009225837249254576
5kmN2725E4205,0.014126804467273879
5kmN2725E4210,-0.002736452735295547
5kmN2725E4215,-0.031015318761506205
5kmN2725E4235,0.0769902236268504
5kmN2725E4240,0.07805465813627357
5kmN2725E4255,0.07821542754157434
5kmN2725E4260,0.07033255162484967
5kmN2725E4265,0.20579687954842563
5kmN2725E4270,0.26609516657330085
5kmN2725E4275,0.2665141379984479
5kmN2725E4280,0.26093878056388314
5kmN2725E4285,0.2773687655298404
5kmN2725E4290,0.27785324910715714
5kmN2725E4295,0.29159411346031494
5kmN2725E4300,0.085176294120594
5kmN2725E4305,0.13639703543824516
5kmN2725E4310,0.20612371324049183
5kmN2725E4315,0.14283663872004504
5kmN2725E4320,0.26578742665234273
5kmN2725E4325,0.09195079862136579
5kmN2725E4330,0.05906733789125493
5kmN2725E4335,0.05747018064941917
5kmN2725E4340,0.013632213937476712
5kmN2725E4345,0.0029111003875710306
5kmN2725E4350,0.016514140472983718
5kmN2725E4355,0.033149580282931385
5kmN2725E4360,0.04142325615285716
5kmN2725E4365,0.03470738711050397
5kmN2725E4370,0.04369725430108057
5kmN2725E4375,0.009179079721990308
5kmN2725E4380,0.062296979450361806
5kmN2725E4385,0.07164835827268531
5kmN2725E4390,0.1092581422135572
5kmN2725E4395,0.12668968318408827
5kmN2725E4400,0.12670617815602553
5kmN2725E4405,0.11563318409513326
5kmN2725E4410,0.11380586046639049
5kmN2725E4415,0.09740900230782218
5kmN2725E4420,0.04069021579287915
5kmN2725E4425,0.06544537465063298
5kmN2725E4430,0.06701257965616499
5kmN2725E4435,0.08097038730265368
5kmN2725E4440,0.08545345722896572
5kmN2725E4450,0.1506834586557919
5kmN2725E4455,0.14265834186727866
5kmN2725E4460,0.15948027030133644
5kmN2725E4465,0.15296136040728947
5kmN2725E4470,0.15200099462773026
5kmN2725E4475,0.11269704889718626
5kmN2725E4480,0.11791185188775458
5kmN2725E4485,0.08870741639798141
5kmN2725E4505,0.08545030718662094
5kmN2725E4510,0.07649312260104787
5kmN2725E4535,0.09501913179278074
5kmN2725E4540,0.10869795463201018
5kmN2725E4545,0.09655208148513439
5kmN2725E4550,0.07492731850526146
5kmN2730E4130,0.05944302298810397
5kmN2730E4135,0.06889400187049502
5kmN2730E4140,0.07746113700751993
5kmN2730E4145,0.12057200613268512
5kmN2730E4150,0.13041934506084737
5kmN2730E4155,0.1178587683812853
5kmN2730E4160,0.12594378795770955
5kmN2730E4165,0.09623305859448243
5kmN2730E4170,0.06196539386609522
5kmN2730E4175,0.05868998552541374
5kmN2730E4180,0.04236580887744443
5kmN2730E4185,0.034920359071300866
5kmN2730E4190,0.025198744517556687
5kmN2730E4195,0.019853883371492992
5kmN2730E4200,0.0053484779675760374
5kmN2730E4220,0.06739920523976045
5kmN2730E4225,0.07888852914304173
5kmN2730E4230,0.08850125273776127
5kmN2730E4235,0.10187362361626157
5kmN2730E4240,0.07508372831917703
5kmN2730E4245,0.07071121464281063
5kmN2730E4250,0.06163708345721927
5kmN2730E4255,0.07134723389425501
5kmN2730E4260,0.19449481535811725
5kmN2730E4265,0.2744061470751371
5kmN2730E4270,0.2931117008536672
5kmN2730E4275,0.284363743654341
5kmN2730E4280,0.27992256435193474
5kmN2730E4285,0.2687558761879206
5kmN2730E4290,0.18801663015762932
5kmN2730E4295,0.05214687677302268
5kmN2730E4300,0.03069017599811724
5kmN2730E4305,0.01727040803204266
5kmN2730E4310,0.03931928083150496
5kmN2730E4315,0.03179497221445693
5kmN2730E4320,0.01580342781175481
5kmN2730E4325,0.029814178108424877
5kmN2730E4330,0.045410480799491865
5kmN2730E4335,0.052708090231343735
5kmN2730E4340,0.02069253522905415
5kmN2730E4345,0.0046282138108405535
5kmN2730E4350,0.031340509080617
5kmN2730E4355,0.049805383853571944
5kmN2730E4360,0.050044814737520094
5kmN2730E4365,0.04277273852135785
5kmN2730E4370,0.044668442581587614
5kmN2730E4375,0.08506300406032163
5kmN2730E4380,0.049803262197399945
5kmN2730E4385,0.10702419963411894
5kmN2730E4390,0.11635725540559294
5kmN2730E4395,0.131278983272263
5kmN2730E4400,0.1455395984833753
5kmN2730E4405,0.09408351967627607
5kmN2730E4410,0.10147587987481219
5kmN2730E4415,0.1291412337175947
5kmN2730E4420,0.08302224697785074
5kmN2730E4425,0.0784136125385284
5kmN2730E4430,0.08179721469875348
5kmN2730E4435,0.07688170388308935
5kmN2730E4440,0.09030946941837674
5kmN2730E4445,0.1389289319842722
5kmN2730E4450,0.1288395934315109
5kmN2730E4455,0.16256603805665062
5kmN2730E4460,0.158965009905693
5kmN2730E4465,0.17241266319581394
5kmN2730E4470,0.15595700067838855
5kmN2730E4475,0.12443390766295925
5kmN2730E4480,0.12194850877653907
5kmN2730E4485,0.14292265599164133
5kmN2730E4490,0.14676626497946021
5kmN2730E4495,0.10839806395130727
5kmN2730E4500,0.09854562054983362
5kmN2730E4505,0.09776159086098968
5kmN2730E4510,0.07987837834971007
5kmN2730E4515,0.06715899359887736
5kmN2730E4525,0.07897570968577541
5kmN2730E4530,0.06267472102487992
5kmN2730E4540,0.10805905036991001
5kmN2730E4545,0.11035117486622656
5kmN2730E4550,0.08258679095504234
5kmN2735E4135,0.05784405875792589
5kmN2735E4140,0.08265829244672704
5kmN2735E4145,0.11122282204079305
5kmN2735E4150,0.1331948832008221
5kmN2735E4155,0.13708271589225657
5kmN2735E4160,0.13314449839684228
5kmN2735E4165,0.11523522315103167
5kmN2735E4170,0.062380282097767234
5kmN2735E4175,0.060823577762544837
5kmN2735E4180,0.040960420697638084
5kmN2735E4185,0.0433792931348978
5kmN2735E4190,0.031442834875744174
5kmN2735E4195,0.02178338297589688
5kmN2735E4200,-0.0026464442431636537
5kmN2735E4205,-0.008587170319808907
5kmN2735E4220,0.0763416292953826
5kmN2735E4225,0.07519495742264701
5kmN2735E4230,0.07963521750483979
5kmN2735E4235,0.08009520631162961
5kmN2735E4240,0.0651130894198125
5kmN2735E4245,0.07088501338995964
5kmN2735E4250,0.07446789034512263
5kmN2735E4255,0.10686517455554212
5kmN2735E4260,0.2616016458514205
5kmN2735E4265,0.28631798555959537
5kmN2735E4270,0.29772953724197543
5kmN2735E4275,0.29534018303122833
5kmN2735E4280,0.16091578488705513
5kmN2735E4285,0.048512146386100186
5kmN2735E4290,0.01279334889316186
5kmN2735E4295,0.029795953333731473
5kmN2735E4300,0.041676467823823865
5kmN2735E4305,0.041095508769041944
5kmN2735E4310,0.02160407799283315
5kmN2735E4315,0.02882606017435066
5kmN2735E4320,0.022729854605127914
5kmN2735E4325,0.03557420183031526
5kmN2735E4330,0.05488633576362681
5kmN2735E4335,0.04805104379782729
5kmN2735E4340,0.027319322311120914
5kmN2735E4345,0.013956464607443347
5kmN2735E4350,0.031115411695343043
5kmN2735E4355,0.05029628948437562
5kmN2735E4360,0.03563721936836625
5kmN2735E4365,0.024281740771965987
5kmN2735E4370,0.046130719228119316
5kmN2735E4375,0.09868232455440315
5kmN2735E4380,0.1102413765391568
5kmN2735E4385,0.11135890602664891
5kmN2735E4390,0.11254408099517663
5kmN2735E4395,0.12096552782715575
5kmN2735E4400,0.1243998700187258
5kmN2735E4405,0.11383680631882756
5kmN2735E4410,0.11290002226475315
5kmN2735E4415,0.10426576458369621
5kmN2735E4420,0.084349251776137
5kmN2735E4425,0.08713615502406248
5kmN2735E4430,0.08827453467071482
5kmN2735E4435,0.06945157757920628
5kmN2735E4440,0.10514968443728039
5kmN2735E4445,0.16696579193297373
5kmN2735E4450,0.13443518955122136
5kmN2735E4455,0.1619317299939549
5kmN2735E4460,0.13801641398011177
5kmN2735E4465,0.18259448580595028
5kmN2735E4470,0.13086544077893897
5kmN2735E4475,0.12415092197576164
5kmN2735E4480,0.10974090827943236
5kmN2735E4485,0.13064768486114825
5kmN2735E4490,0.13660273399790868
5kmN2735E4495,0.11190144518178188
5kmN2735E4500,0.110445451000662
5kmN2735E4505,0.10084070663082395
5kmN2735E4510,0.09067655119999993
5kmN2735E4515,0.08649597163096762
5kmN2735E4520,0.08225915581896054
5kmN2735E4525,0.08296624235630301
5kmN2735E4530,0.0811125097828975
5kmN2735E4535,0.05983480290198298
5kmN2735E4540,0.08027612401489118
5kmN2735E4545,0.07683169382463459
5kmN2735E4550,0.06027672112401625
5kmN2740E4135,-0.03119834090626375
5kmN2740E4140,0.03149641514486015
5kmN2740E4145,0.0851683661250998
5kmN2740E4150,0.12704118503597361
5kmN2740E4155,0.14171149814832115
5kmN2740E4160,0.13334922938782673
5kmN2740E4165,0.1293217230824566
5kmN2740E4170,0.0783906238913876
5kmN2740E4175,0.05561394803122184
5kmN2740E4180,0.03932627054766229
5kmN2740E4185,0.03667931065789115
5kmN2740E4190,0.03856316603095164
5kmN2740E4195,0.02572479438548242
5kmN2740E4200,-9.814186724124707e-05
5kmN2740E4205,0.007448021001317279
5kmN2740E4210,0.1546279118173833
5kmN2740E4215,0.11050317324953887
5kmN2740E4220,0.08933320081899582
5kmN2740E4225,0.08754439890324123
5kmN2740E4230,0.07921018711463382
5kmN2740E4235,0.07756243699260315
5kmN2740E4240,0.08426142566955197
5kmN2740E4245,0.06390288757614274
5kmN2740E4250,0.20959114881942068
5kmN2740E4255,0.2831115464025591
5kmN2740E4260,0.2926752667853622
5kmN2740E4265,0.2898944212150637
5kmN2740E4270,0.3067942280021326
5kmN2740E4275,0.2833706620692481
5kmN2740E4280,0.04535565544621831
5kmN2740E4285,0.024690401068356044
5kmN2740E4290,0.008857836609167308
5kmN2740E4295,0.032508517356153704
5kmN2740E4300,0.04638482384693443
5kmN2740E4305,0.04156309465196534
5kmN2740E4310,0.017010207253140952
5kmN2740E4315,0.015514108373047869
5kmN2740E4320,0.01887011640040362
5kmN2740E4325,0.033823504987139985
5kmN2740E4330,0.05125388174331669
5kmN2740E4335,0.029167890217188436
5kmN2740E4340,0.003749028445119984
5kmN2740E4345,0.019914375633641512
5kmN2740E4350,0.05447193812009779
5kmN2740E4355,0.056145797159758204
5kmN2740E4360,0.0403292209880427
5kmN2740E4365,0.011385912444983354
5kmN2740E4370,0.041954161222571285
5kmN2740E4375,0.07765855511913844
5kmN2740E4380,0.10946788489645395
5kmN2740E4385,0.059278068946748835
5kmN2740E4390,0.09277900485519266
5kmN2740E4395,0.11043431148831548
5kmN2740E4400,0.098671076408578
5kmN2740E4405,0.10349850372927333
5kmN2740E4410,0.11744264052538425
5kmN2740E4415,0.08288607388778538
5kmN2740E4420,0.09526195889174627
5kmN2740E4425,0.0850691592102471
5kmN2740E4430,0.08827975863465821
5kmN2740E4435,0.07415569493876968
5kmN2740E4440,0.10153150111867865
5kmN2740E4445,0.16065884088323795
5kmN2740E4450,0.1670497462197035
5kmN2740E4455,0.15530320474798234
5kmN2740E4460,0.17992169832091526
5kmN2740E4465,0.16538959446077584
5kmN2740E4470,0.11892724180486211
5kmN2740E4475,0.09863145610699534
5kmN2740E4480,0.10081616563428292
5kmN2740E4485,0.12951453219016476
5kmN2740E4490,0.12904367135394862
5kmN2740E4495,0.12835328529498446
5kmN2740E4500,0.1065467701997844
5kmN2740E4505,0.09595273279624347
5kmN2740E4510,0.08867906989280935
5kmN2740E4515,0.1039235243956092
5kmN2740E4520,0.11300958622033411
5kmN2740E4525,0.11219820305506792
5kmN2740E4530,0.0884621426015095
5kmN2740E4535,0.07662111010926445
5kmN2740E4540,0.06821759101598632
5kmN2745E4135,-0.05909408393443977
5kmN2745E4140,-0.022651046493536442
5kmN2745E4145,0.017413139656935694
5kmN2745E4150,0.03503509067084018
5kmN2745E4155,0.0741186839129383
5kmN2745E4160,0.14467682401892393
5kmN2745E4165,0.13415888481805222
5kmN2745E4170,0.0886998669365097
5kmN2745E4175,0.04864697093155955
5kmN2745E4180,-0.0038821549034311342
5kmN2745E4185,0.02553975606561433
5kmN2745E4190,0.026885169169365924
5kmN2745E4195,-0.00120569938154505
5kmN2745E4200,-0.010276563553913431
5kmN2745E4205,0.06966398917343239
5kmN2745E4210,0.16112838907243804
5kmN2745E4215,0.13540403586972818
5kmN2745E4220,0.08976978632453231
5kmN2745E4225,0.08567698770634177
5kmN2745E4230,0.07831769595921295
5kmN2745E4235,0.08011554057658757
5kmN2745E4240,0.07273396005865487
5kmN2745E4245,0.07517165898568501
5kmN2745E4250,0.1912098168949974
5kmN2745E4255,0.20664636260645472
5kmN2745E4260,0.25140602566498377
5kmN2745E4265,0.30189524134372164
5kmN2745E4270,0.21470341650730732
5kmN2745E4275,0.06003557925558031
5kmN2745E4280,0.03923369316080122
5kmN2745E4285,0.029411919032278383
5kmN2745E4290,0.012125007886260558
5kmN2745E4295,0.01908954404421956
5kmN2745E4300,0.0316545782315335
5kmN2745E4305,0.025781323607821094
5kmN2745E4310,0.029141069520979695
5kmN2745E4315,0.014609359674332995
5kmN2745E4320,-0.0057288066262263515
5kmN2745E4325,0.04215749317206463
5kmN2745E4330,0.10373066155500779
5kmN2745E4335,0.0701897069015879
5kmN2745E4340,0.0385707665995457
5kmN2745E4345,0.055787206541787565
5kmN2745E4350,0.048368942686532385
5kmN2745E4355,0.06775235662847301
5kmN2745E4360,0.057954082466825985
5kmN2745E4365,0.014958823206584232
5kmN2745E4370,0.04545505546946829
5kmN2745E4375,0.06246815250679391
5kmN2745E4380,0.10107641892591518
5kmN2745E4385,0.09856888981338288
5kmN2745E4390,0.11133294450317238
5kmN2745E4395,0.13653880268712687
5kmN2745E4400,0.12147963115163482
5kmN2745E4405,0.08820782611171293
5kmN2745E4410,0.12263402912713842
5kmN2745E4415,0.15560441079162368
5kmN2745E4420,0.10783199648232908
5kmN2745E4425,0.08886259210883016
5kmN2745E4430,0.06623740605861177
5kmN2745E4435,0.0943874636527861
5kmN2745E4440,0.11639192246506187
5kmN2745E4445,0.17147888331542893
5kmN2745E4450,0.17482182146072653
5kmN2745E4455,0.17356926041587362
5kmN2745E4460,0.16235548094702995
5kmN2745E4465,0.1261866048046862
5kmN2745E4470,0.08969762548099652
5kmN2745E4475,0.08365333467644501
5kmN2745E4480,0.07839204985554524
5kmN2745E4485,0.11377371796504765
5kmN2745E4490,0.12074730857297297
5kmN2745E4495,0.10823105458284146
5kmN2745E4500,0.09694005696281155
5kmN2745E4505,0.09321539277305604
5kmN2745E4510,0.10502769823535896
5kmN2745E4515,0.09440254302564072
5kmN2745E4520,0.11291628660467604
5kmN2745E4525,0.10866989045657535
5kmN2745E4530,0.11243229889330009
5kmN2745E4535,0.08718283283149234
5kmN2745E4540,0.03624301309967412
5kmN2750E4135,-0.047767963879451064
5kmN2750E4140,-0.03925438201772061
5kmN2750E4145,-0.0058221302785201046
5kmN2750E4150,0.021954379358728474
5kmN2750E4155,0.03748923088774671
5kmN2750E4160,0.08435814842466748
5kmN2750E4165,0.09750494884787211
5kmN2750E4170,0.04961577453949488
5kmN2750E4175,0.02461395860711567
5kmN2750E4180,0.019097771114565218
5kmN2750E4185,0.01108125147452274
5kmN2750E4190,0.0034836587918619516
5kmN2750E4195,-0.026320031559300433
5kmN2750E4200,0.025824523880214473
5kmN2750E4205,0.16527888293506202
5kmN2750E4210,0.15746138380398259
5kmN2750E4215,0.1471492079807039
5kmN2750E4220,0.09695645270560996
5kmN2750E4225,0.08907397361137384
5kmN2750E4230,0.09604298417932625
5kmN2750E4235,0.09312764354862624
5kmN2750E4240,0.09105555573108037
5kmN2750E4245,0.08908922330098093
5kmN2750E4250,0.09441448228178284
5kmN2750E4255,0.03653006977145082
5kmN2750E4260,0.017361260492001818
5kmN2750E4265,0.04411782732720612
5kmN2750E4270,0.008574784684158204
5kmN2750E4275,0.041293460012053695
5kmN2750E4280,0.03275553874892495
5kmN2750E4285,0.030032746989333836
5kmN2750E4290,0.023082979308211488
5kmN2750E4295,0.02168163334961898
5kmN2750E4300,0.023880533184026526
5kmN2750E4305,0.016964500138972965
5kmN2750E4310,0.00877723540402392
5kmN2750E4315,0.023110176409495115
5kmN2750E4320,0.025768537602000402
5kmN2750E4325,0.04092769757775799
5kmN2750E4330,0.11452915445029824
5kmN2750E4335,0.09817911355432526
5kmN2750E4340,0.11741886034879526
5kmN2750E4345,0.11377135053445536
5kmN2750E4350,0.06819541335487359
5kmN2750E4355,0.06570217442902135
5kmN2750E4360,0.044438003092933165
5kmN2750E4365,-0.03770713145412519
5kmN2750E4370,0.03485641994092789
5kmN2750E4375,0.043359047265711964
5kmN2750E4380,-0.01545440307108975
5kmN2750E4385,-0.011169363296519547
5kmN2750E4390,0.018792228076962375
5kmN2750E4395,0.12414488489556309
5kmN2750E4400,0.11879015059281775
5kmN2750E4405,0.11336180130626286
5kmN2750E4410,0.23159539825792552
5kmN2750E4415,0.2561831594776148
5kmN2750E4420,0.1098838067354959
5kmN2750E4425,0.07516358509989933
5kmN2750E4430,0.06126711702946512
5kmN2750E4435,0.10067380556090147
5kmN2750E4440,0.11456965134630712
5kmN2750E4445,0.1439138735056028
5kmN2750E4450,0.155946546630218
5kmN2750E4455,0.1385146651649053
5kmN2750E4460,0.10115700646807627
5kmN2750E4465,0.09737278454322534
5kmN2750E4470,0.10182714417551467
5kmN2750E4475,0.09880237853825316
5kmN2750E4480,0.10348513642570392
5kmN2750E4485,0.09320704729585896
5kmN2750E4490,0.13209514236685407
5kmN2750E4495,0.07433671655845447
5kmN2750E4500,0.06833048860598243
5kmN2750E4505,0.06526041716150599
5kmN2750E4510,0.09457127921549688
5kmN2750E4515,0.08198507006471462
5kmN2750E4520,0.11053334466850903
5kmN2750E4525,0.10201890918601217
5kmN2750E4530,0.0916767578453492
5kmN2750E4535,0.08919266520225824
5kmN2750E4540,0.04484132799895163
5kmN2750E4545,0.038552871934384086
5kmN2755E4135,-0.05037903946092487
5kmN2755E4140,-0.029326555930017734
5kmN2755E4145,-0.022462968247105475
5kmN2755E4150,0.009242725410617103
5kmN2755E4155,0.03756573641661447
5kmN2755E4160,0.04017272501964515
5kmN2755E4165,0.03387856604919877
5kmN2755E4170,0.01704658098978927
5kmN2755E4175,0.03527044680848343
5kmN2755E4180,0.022000771831409457
5kmN2755E4185,0.0019909140479177773
5kmN2755E4190,0.008970629660485133
5kmN2755E4195,0.028896746649655414
5kmN2755E4200,0.14671355897369578
5kmN2755E4205,0.14415116153558616
5kmN2755E4210,0.14714994050803612
5kmN2755E4215,0.11011903435446727
5kmN2755E4220,0.0965115959140355
5kmN2755E4225,0.08742163780132202
5kmN2755E4230,0.1089434375922236
5kmN2755E4235,0.10645416886964905
5kmN2755E4240,0.10690848392585399
5kmN2755E4245,0.0761301818435337
5kmN2755E4250,0.030387499789784
5kmN2755E4255,-0.003067682238660746
5kmN2755E4260,-0.018727064861516984
5kmN2755E4265,-0.009323910084363701
5kmN2755E4270,-0.011171623516438495
5kmN2755E4275,0.010287419558654365
5kmN2755E4280,0.029243875192033447
5kmN2755E4285,0.018896529570539417
5kmN2755E4290,0.01617594511876866
5kmN2755E4295,0.022961971375531215
5kmN2755E4300,0.005850678673335136
5kmN2755E4305,0.013747730033772776
5kmN2755E4310,0.012405749426848217
5kmN2755E4315,0.023902302774645584
5kmN2755E4320,0.026112618676966654
5kmN2755E4325,0.040952496399784516
5kmN2755E4330,0.17905885786273615
5kmN2755E4335,0.09635000272427666
5kmN2755E4340,0.11065495847641232
5kmN2755E4345,0.12713390236308686
5kmN2755E4350,0.11581493437055551
5kmN2755E4355,0.08049923510196105
5kmN2755E4360,0.04874832045067726
5kmN2755E4365,0.01705946605520592
5kmN2755E4370,0.028137899949169987
5kmN2755E4375,0.031238236436700012
5kmN2755E4380,-0.03633173147437117
5kmN2755E4385,-0.05144392846430408
5kmN2755E4390,-0.029208692241616332
5kmN2755E4395,-0.008592083506077278
5kmN2755E4400,0.02325656173572016
5kmN2755E4405,0.09333659111373399
5kmN2755E4410,0.3173736574333423
5kmN2755E4415,0.3360429411161846
5kmN2755E4420,0.19555805612544808
5kmN2755E4425,0.08770913280838248
5kmN2755E4430,0.08597266777315968
5kmN2755E4435,0.09177580778210644
5kmN2755E4440,0.19478735380540077
5kmN2755E4445,0.1910153952153667
5kmN2755E4450,0.19755745926520338
5kmN2755E4455,0.1485985329962814
5kmN2755E4460,0.1100962708749521
5kmN2755E4465,0.11740687138707967
5kmN2755E4470,0.12139121781154655
5kmN2755E4475,0.10915903135925939
5kmN2755E4480,0.1022208626220095
5kmN2755E4485,0.11311081171062662
5kmN2755E4490,0.12593107825557717
5kmN2755E4495,0.10996229869661275
5kmN2755E4500,0.08595473173494378
5kmN2755E4505,0.07764549255022324
5kmN2755E4510,0.1013420362582701
5kmN2755E4515,0.10017377234130193
5kmN2755E4520,0.12067483030086457
5kmN2755E4525,0.11752307034461609
5kmN2755E4530,0.10715696005893155
5kmN2755E4535,0.08602482193334096
5kmN2755E4540,0.06594694962776834
5kmN2760E4140,-0.03380604197291559
5kmN2760E4150,0.002985032658340131
5kmN2760E4170,0.026256254452131034
5kmN2760E4175,0.03523920751276641
5kmN2760E4180,0.03225769822782089
5kmN2760E4185,0.021731013626250142
5kmN2760E4190,0.03275833489379719
5kmN2760E4195,0.17291647675945254
5kmN2760E4200,0.16683839199688155
5kmN2760E4205,0.13659634957074918
5kmN2760E4210,0.1379219783668577
5kmN2760E4215,0.13151828074854663
5kmN2760E4220,0.11837613834605024
5kmN2760E4225,0.10820528145451601
5kmN2760E4230,0.09786005185172274
5kmN2760E4235,0.1105599685444115
5kmN2760E4240,0.1026751524086841
5kmN2760E4245,0.04398002160834727
5kmN2760E4250,-0.01690366657518888
5kmN2760E4255,-0.009936117798434646
5kmN2760E4260,-0.007787116082854456
5kmN2760E4265,-0.0030281906085766197
5kmN2760E4270,-0.018474033470574414
5kmN2760E4275,-0.01813017448888324
5kmN2760E4280,-0.003770723836185874
5kmN2760E4285,0.008025195422847714
5kmN2760E4290,0.04037945681431515
5kmN2760E4295,0.038753854199353205
5kmN2760E4300,0.034892456356378415
5kmN2760E4305,0.0450275502657073
5kmN2760E4310,0.03053714153780751
5kmN2760E4315,0.04841581171965767
5kmN2760E4320,0.055968613573797094
5kmN2760E4325,0.07775022987294455
5kmN2760E4330,0.16966777303336142
5kmN2760E4335,0.1006369756099281
5kmN2760E4340,0.11508556875557391
5kmN2760E4345,0.11927919258386463
5kmN2760E4350,0.12465430407892389
5kmN2760E4355,0.12504989086795099
5kmN2760E4360,0.07799148586044471
5kmN2760E4365,0.08646671384328877
5kmN2760E4370,0.03506307342742632
5kmN2760E4375,0.02971012830118297
5kmN2760E4380,-0.010403080597754827
5kmN2760E4385,-0.047216626856052726
5kmN2760E4390,-0.03322867992693436
5kmN2760E4395,-0.021156282495987486
5kmN2760E4400,-0.06536047683782305
5kmN2760E4405,0.14470853902251105
5kmN2760E4410,0.382036886401825
5kmN2760E4415,0.3431229561253989
5kmN2760E4420,0.32841293611298994
5kmN2760E4425,0.22398315691489168
5kmN2760E4430,0.22170620843715982
5kmN2760E4435,0.29045087683619314
5kmN2760E4440,0.32917976725285625
5kmN2760E4445,0.3203013227666486
5kmN2760E4450,0.3267982544765701
5kmN2760E4455,0.2607510049610148
5kmN2760E4460,0.13311954802634277
5kmN2760E4465,0.11866122152659796
5kmN2760E4470,0.12063425623893466
5kmN2760E4475,0.12605901006607606
5kmN2760E4480,0.11013346515480982
5kmN2760E4485,0.12802425330673595
5kmN2760E4490,0.13231927098463278
5kmN2760E4495,0.12086261380264471
5kmN2760E4500,0.11612447718392868
5kmN2760E4505,0.08753246924470168
5kmN2760E4510,0.09983730679845959
5kmN2760E4515,0.09621345923937719
5kmN2760E4520,0.1109378793206956
5kmN2760E4525,0.07497516845882451
5kmN2760E4530,0.1047730108672468
5kmN2760E4535,0.08180853864451296
5kmN2760E4540,0.06845031635681942
5kmN2765E4140,-0.03560430502188691
5kmN2765E4170,0.03198265011830903
5kmN2765E4175,0.03719387033810585
5kmN2765E4180,0.10185006097779754
5kmN2765E4185,0.1724011367862055
5kmN2765E4190,0.16909965395315327
5kmN2765E4195,0.17053479365794377
5kmN2765E4200,0.1607206033749986
5kmN2765E4205,0.13844945217925267
5kmN2765E4210,0.12422263103233117
5kmN2765E4215,0.12788217455135284
5kmN2765E4220,0.10432867503350735
5kmN2765E4225,0.09754254150565646
5kmN2765E4230,0.11323310874737066
5kmN2765E4235,0.11141058691990896
5kmN2765E4240,0.10721081124758486
5kmN2765E4245,0.027261392764652087
5kmN2765E4250,-0.02267043881547104
5kmN2765E4255,-0.015158598719064914
5kmN2765E4260,-0.017973616989768126
5kmN2765E4265,-0.026130367884915684
5kmN2765E4270,-0.015811211915142148
5kmN2765E4275,-0.020271937166811194
5kmN2765E4280,-0.03386962865715465
5kmN2765E4285,-0.023343519865044432
5kmN2765E4290,0.04390003171379171
5kmN2765E4295,0.04694423718170458
5kmN2765E4300,0.041614924691567065
5kmN2765E4305,0.04105252249656546
5kmN2765E4310,0.049126910106686655
5kmN2765E4315,0.051922695405604166
5kmN2765E4320,0.0478733132193062
5kmN2765E4325,0.028163000129479004
5kmN2765E4330,0.11120041384533941
5kmN2765E4335,0.1486144427009544
5kmN2765E4340,0.09627870572979874
5kmN2765E4345,0.10263890942429785
5kmN2765E4350,0.11545074453069543
5kmN2765E4355,0.09880234813384345
5kmN2765E4360,0.11094292034673037
5kmN2765E4365,0.08632644953510932
5kmN2765E4370,0.03712561420288504
5kmN2765E4375,0.02102652960048451
5kmN2765E4380,-0.018735420173465744
5kmN2765E4385,-0.06274302397578153
5kmN2765E4390,-0.036952074378964236
5kmN2765E4395,-0.023116548817965557
5kmN2765E4400,-0.06240306722899207
5kmN2765E4405,0.2161154444946679
5kmN2765E4410,0.355595614719543
5kmN2765E4415,0.3573468235177515
5kmN2765E4420,0.3418731685292568
5kmN2765E4425,0.3450985641613967
5kmN2765E4430,0.32803994224866706
5kmN2765E4435,0.31878511555042033
5kmN2765E4440,0.3177514756501887
5kmN2765E4445,0.30594365553110203
5kmN2765E4450,0.2642460556678201
5kmN2765E4455,0.1341102965190206
5kmN2765E4460,0.14242847481720894
5kmN2765E4465,0.1465300201009557
5kmN2765E4470,0.14040564244915119
5kmN2765E4475,0.13150435711009578
5kmN2765E4480,0.10959660935563861
5kmN2765E4485,0.1252188819208247
5kmN2765E4490,0.12488941001119383
5kmN2765E4495,0.10760465555641349
5kmN2765E4500,0.08804807864740502
5kmN2765E4505,0.09419453360269459
5kmN2765E4510,0.08357084474372817
5kmN2765E4515,0.10212258859184578
5kmN2765E4520,0.11039711043195077
5kmN2765E4525,0.08207586833522276
5kmN2765E4530,0.09570933286369165
5kmN2765E4535,0.09608796965581468
5kmN2770E4135,-0.022677723166667857
5kmN2770E4140,-0.020724082826073797
5kmN2770E4145,-0.00844538929174364
5kmN2770E4165,0.028902915201928406
5kmN2770E4170,0.023108584716594396
5kmN2770E4185,0.18979523284513483
5kmN2770E4190,0.1914379764220681
5kmN2770E4195,0.1775729826518342
5kmN2770E4200,0.15542134114398992
5kmN2770E4205,0.13527696580065754
5kmN2770E4210,0.12457334926512773
5kmN2770E4215,0.1050005149690465
5kmN2770E4220,0.09947641205231714
5kmN2770E4225,0.09238471622063898
5kmN2770E4230,0.11203264641845881
5kmN2770E4235,0.11736147862201558
5kmN2770E4240,0.08874246859824346
5kmN2770E4245,0.0025054191113215996
5kmN2770E4250,-0.014431651768521514
5kmN2770E4255,-0.025163020919470702
5kmN2770E4260,-0.022613642316496096
5kmN2770E4265,-0.01312687297566198
5kmN2770E4270,-0.029404518859728612
5kmN2770E4275,-0.02500210897047822
5kmN2770E4280,0.0023083381275427195
5kmN2770E4285,0.045398512501584
5kmN2770E4290,0.04879116649867189
5kmN2770E4295,0.05648156547394377
5kmN2770E4300,0.04225593212614477
5kmN2770E4305,0.02855621336947395
5kmN2770E4310,0.038276086293547715
5kmN2770E4315,0.03339669552974678
5kmN2770E4320,0.044855856706434286
5kmN2770E4325,0.022554423510923377
5kmN2770E4330,0.06035948327113516
5kmN2770E4335,0.1133275628676779
5kmN2770E4340,0.10450622393010178
5kmN2770E4345,0.12075169232452118
5kmN2770E4350,0.10804612271017802
5kmN2770E4355,0.0938765916886106
5kmN2770E4360,0.10994915015219794
5kmN2770E4365,0.09317442706792048
5kmN2770E4370,0.07692378258447838
5kmN2770E4375,0.011694355565365605
5kmN2770E4380,-0.06669179556672344
5kmN2770E4385,-0.07070529447132658
5kmN2770E4390,-0.04849030302047248
5kmN2770E4395,-0.03312568807671819
5kmN2770E4400,-0.07240995130674292
5kmN2770E4405,0.28040287938541886
5kmN2770E4410,0.3457026115587164
5kmN2770E4415,0.3443905710781096
5kmN2770E4420,0.33621043584082416
5kmN2770E4425,0.33196167698596024
5kmN2770E4430,0.3113604502498153
5kmN2770E4435,0.3171208928396718
5kmN2770E4440,0.30505634436682827
5kmN2770E4445,0.29819843572555815
5kmN2770E4450,0.3048265560553568
5kmN2770E4455,0.13537181453894181
5kmN2770E4460,0.13712947215428692
5kmN2770E4465,0.13123485460746995
5kmN2770E4470,0.1442975902454357
5kmN2770E4475,0.12240456106789928
5kmN2770E4480,0.10781786734251106
5kmN2770E4485,0.09806235755437309
5kmN2770E4490,0.1282259132087798
5kmN2770E4495,0.10463166851486211
5kmN2770E4500,0.09783463173759771
5kmN2770E4505,0.08846579586188377
5kmN2770E4510,0.07477102844243438
5kmN2770E4515,0.10470760639470708
5kmN2770E4520,0.11292833765354923
5kmN2770E4525,0.09412799916638656
5kmN2770E4530,0.08701722764219111
5kmN2775E4140,-0.009000030759109434
5kmN2775E4145,0.02621239431370298
5kmN2775E4185,0.19389822238401638
5kmN2775E4190,0.18718428886361166
5kmN2775E4195,0.17923300093736272
5kmN2775E4200,0.1578856619952812
5kmN2775E4205,0.1380103959210088
5kmN2775E4210,0.11592264293981894
5kmN2775E4215,0.06653140828164147
5kmN2775E4220,0.08594401339911067
5kmN2775E4225,0.10633307322340703
5kmN2775E4230,0.11650250314956902
5kmN2775E4235,0.12546886088949982
5kmN2775E4240,0.10276297667554377
5kmN2775E4245,-0.011995540872775795
5kmN2775E4250,-0.020699821028667353
5kmN2775E4255,-0.016099232395852703
5kmN2775E4260,-0.028039208540250382
5kmN2775E4265,-0.018281861374111696
5kmN2775E4270,0.04187677420202035
5kmN2775E4275,0.05281283891219278
5kmN2775E4280,0.04791027245787163
5kmN2775E4285,0.05247157760651418
5kmN2775E4290,0.060180874280771166
5kmN2775E4295,0.05103385298675199
5kmN2775E4300,0.03729015592800021
5kmN2775E4305,0.018362998621644616
5kmN2775E4310,0.042928939402131175
5kmN2775E4315,0.04030936559222173
5kmN2775E4320,0.04468530382618262
5kmN2775E4325,0.025847823454359348
5kmN2775E4330,0.066438383282034
5kmN2775E4335,0.11002644512299087
5kmN2775E4340,0.11149539301241737
5kmN2775E4345,0.1294826850092262
5kmN2775E4350,0.11605887124578287
5kmN2775E4355,0.10421152498164854
5kmN2775E4360,0.11004040105793159
5kmN2775E4365,0.12212289186366748
5kmN2775E4380,-0.0448695112911745
5kmN2775E4385,-0.055471873410057895
5kmN2775E4390,-0.051640059956286635
5kmN2775E4395,-0.03504797567070196
5kmN2775E4400,0.08033225622930919
5kmN2775E4405,0.21033162781908837
5kmN2775E4410,0.320891063417844
5kmN2775E4415,0.30424241697551524
5kmN2775E4420,0.25748884281359224
5kmN2775E4425,0.30343780239014667
5kmN2775E4430,0.30172846724363717
5kmN2775E4435,0.3249338354117341
5kmN2775E4440,0.31835883534660203
5kmN2775E4445,0.29875510476146927
5kmN2775E4450,0.2138043196279975
5kmN2775E4455,0.10289697398835088
5kmN2775E4460,0.13765640659005696
5kmN2775E4465,0.13412923594852674
5kmN2775E4470,0.1400623074028273
5kmN2775E4475,0.11958019124960559
5kmN2775E4480,0.11901133649659709
5kmN2775E4485,0.1036683913508317
5kmN2775E4490,0.1326838551673285
5kmN2775E4495,0.11023292632852624
5kmN2775E4500,0.0974593696174117
5kmN2775E4505,0.09252363199682326
5kmN2775E4510,0.09617506647701665
5kmN2775E4515,0.1284903409022508
5kmN2775E4520,0.12389095063852398
5kmN2775E4525,0.10511702139909368
5kmN2780E4180,0.08586290818294351
5kmN2780E4185,0.1677475625556908
5kmN2780E4190,0.17480344985688973
5kmN2780E4195,0.15889479072725948
5kmN2780E4200,0.15973316961868161
5kmN2780E4205,0.1427684881478025
5kmN2780E4210,0.09001287202405814
5kmN2780E4215,0.060395971820945665
5kmN2780E4220,0.07089001685535515
5kmN2780E4225,0.10244110439016815
5kmN2780E4230,0.11630963026203885
5kmN2780E4235,0.15980263095984726
5kmN2780E4240,0.16237401263383203
5kmN2780E4250,0.0630340828198365
5kmN2780E4255,0.08122947494415678
5kmN2780E4260,-0.019571231765036723
5kmN2780E4265,0.020579210226491423
5kmN2780E4270,0.06651124185814981
5kmN2780E4275,0.05628784224406101
5kmN2780E4280,0.04493254992501344
5kmN2780E4285,0.053781661504551076
5kmN2780E4290,0.046796987360015876
5kmN2780E4295,0.04846144816404993
5kmN2780E4300,0.03470635788428511
5kmN2780E4305,0.03168404348680509
5kmN2780E4310,0.030968340524903604
5kmN2780E4315,0.036285495696278675
5kmN2780E4320,0.05508508081576326
5kmN2780E4325,0.02939561190285081
5kmN2780E4330,0.057411764640374285
5kmN2780E4335,0.0889094952738364
5kmN2780E4340,0.11036278625785398
5kmN2780E4345,0.12412230362891638
5kmN2780E4350,0.11544111623397993
5kmN2780E4355,0.10304897246179082
5kmN2780E4360,0.11719163519056755
5kmN2780E4385,-0.05107504826862057
5kmN2780E4390,-0.04309110608880086
5kmN2780E4395,0.042381988508809074
5kmN2780E4400,0.11913172348360106
5kmN2780E4405,0.11688226799350855
5kmN2780E4410,0.12779846383340157
5kmN2780E4415,0.12024300749432619
5kmN2780E4420,0.15194712158358054
5kmN2780E4425,0.2814493947907302
5kmN2780E4430,0.30748812461296005
5kmN2780E4435,0.35749898388383733
5kmN2780E4440,0.3222976737916109
5kmN2780E4445,0.29925300702653124
5kmN2780E4450,0.15208843729553467
5kmN2780E4455,0.09442320371402402
5kmN2780E4460,0.12293859281861683
5kmN2780E4465,0.12977632902137914
5kmN2780E4470,0.12461174185622853
5kmN2780E4475,0.12880748082893764
5kmN2780E4480,0.11469278884251599
5kmN2780E4485,0.1215026326457064
5kmN2780E4490,0.11222621070364705
5kmN2780E4495,0.12738521269256925
5kmN2780E4500,0.11742916172650722
5kmN2780E4505,0.09680320429310857
5kmN2780E4510,0.10491040760996753
5kmN2780E4515,0.13082081929016393
5kmN2780E4520,0.1392080743169592
5kmN2780E4525,0.13565205838439487
5kmN2785E4140,-0.060458475876770945
5kmN2785E4185,0.056458234408082564
5kmN2785E4190,0.08258309928279897
5kmN2785E4195,0.1143256781223918
5kmN2785E4200,0.10374568161206002
5kmN2785E4205,0.09757710420163745
5kmN2785E4210,0.070415425287638
5kmN2785E4215,0.05708829082785752
5kmN2785E4220,0.07296548324870328
5kmN2785E4225,0.12017457905777401
5kmN2785E4230,0.15439481603716912
5kmN2785E4235,0.16936895235467037
5kmN2785E4240,0.15474410250056955
5kmN2785E4245,0.14460619185169987
5kmN2785E4250,0.15623993900085328
5kmN2785E4255,0.14437863525775682
5kmN2785E4260,-0.02799916536621913
5kmN2785E4265,-0.014784368072250004
5kmN2785E4270,0.0727090460790873
5kmN2785E4275,0.09591036658485215
5kmN2785E4280,0.07966253030583954
5kmN2785E4285,0.06431731004949055
5kmN2785E4290,0.05525510454691554
5kmN2785E4295,0.045692106607445576
5kmN2785E4300,0.03854455477019156
5kmN2785E4305,0.026571949772580594
5kmN2785E4310,0.016654788962581768
5kmN2785E4315,0.02956219820388381
5kmN2785E4320,0.040185921621596954
5kmN2785E4325,0.02639292205950239
5kmN2785E4330,0.051826570717744894
5kmN2785E4335,0.07675940978300654
5kmN2785E4340,0.09145533288734645
5kmN2785E4345,0.05736303231006032
5kmN2785E4350,0.07844612167821771
5kmN2785E4355,0.11065660759234167
5kmN2785E4360,0.10016238101355227
5kmN2785E4385,-0.03138384489305973
5kmN2785E4400,0.12047226081409418
5kmN2785E4405,0.10985022319862953
5kmN2785E4410,0.10306513459367396
5kmN2785E4415,0.1079555508055589
5kmN2785E4420,0.12949151360056185
5kmN2785E4425,0.2226370909376208
5kmN2785E4430,0.2879426691354501
5kmN2785E4435,0.32099135928606753
5kmN2785E4440,0.31041091015019634
5kmN2785E4445,0.29475728785561095
5kmN2785E4450,0.16773036177261863
5kmN2785E4455,0.09722204401829883
5kmN2785E4460,0.03852015536500618
5kmN2785E4465,-0.06325933377636492
5kmN2785E4470,-0.06687534303954723
5kmN2785E4475,0.008378423305618915
5kmN2785E4480,0.10507159798551091
5kmN2785E4485,0.13000879269366775
5kmN2785E4490,0.12864805639253518
5kmN2785E4495,0.10351911560372185
5kmN2785E4500,0.11601525180743133
5kmN2785E4505,0.11902652068481423
5kmN2785E4510,0.12745134387872706
5kmN2785E4515,0.12748356314179088
5kmN2785E4520,0.12621292348116697
5kmN2785E4525,0.14539514970487827
5kmN2785E4530,0.12456354101004843
5kmN2790E4165,0.05279299805101448
5kmN2790E4185,0.04529097882674368
5kmN2790E4190,0.052523078278437496
5kmN2790E4195,0.10576617547423406
5kmN2790E4200,0.0748264071509212
5kmN2790E4205,0.0788547671843026
5kmN2790E4210,0.07432888755318723
5kmN2790E4215,0.05993757884861567
5kmN2790E4220,0.06969945831425342
5kmN2790E4225,0.1316507417547154
5kmN2790E4230,0.13219398411622482
5kmN2790E4235,0.13600688256761828
5kmN2790E4240,0.15588433197069848
5kmN2790E4245,0.15087361942708652
5kmN2790E4250,0.16383592558247034
5kmN2790E4255,0.027039976582186515
5kmN2790E4260,-0.03069426147970644
5kmN2790E4265,-0.023040760144747208
5kmN2790E4270,0.07368074045278451
5kmN2790E4275,0.1139257263767274
5kmN2790E4280,0.09591720790308055
5kmN2790E4285,0.06146625516525689
5kmN2790E4290,0.054431349923428046
5kmN2790E4295,0.0456299918136816
5kmN2790E4300,0.03462187189371632
5kmN2790E4305,0.02521761950071677
5kmN2790E4310,0.009757829959981229
5kmN2790E4315,0.02519156233059433
5kmN2790E4320,0.049635626505542596
5kmN2790E4325,0.0326329328730654
5kmN2790E4330,0.047692732104191435
5kmN2790E4335,0.06192187506174228
5kmN2790E4340,0.05727494219501411
5kmN2790E4345,0.04067333794374883
5kmN2790E4350,0.05681953105170759
5kmN2790E4355,0.05274588535164851
5kmN2790E4400,0.10759981031263126
5kmN2790E4405,0.11348560088873966
5kmN2790E4410,0.11554122913074341
5kmN2790E4415,0.09086003435660121
5kmN2790E4420,0.04141641496805527
5kmN2790E4425,0.027486189466405853
5kmN2790E4430,0.19138086462374385
5kmN2790E4435,0.30017161430688577
5kmN2790E4440,0.2926795084377895
5kmN2790E4445,0.2940167708995689
5kmN2790E4450,0.020056622442125235
5kmN2790E4455,-0.11218946938290478
5kmN2790E4460,-0.10169974921921895
5kmN2790E4465,-0.10175160680404383
5kmN2790E4470,-0.08320119389355334
5kmN2790E4475,-0.0716769938392781
5kmN2790E4480,-0.04403209261865633
5kmN2790E4485,0.08416110566993229
5kmN2790E4490,0.13407295079651052
5kmN2790E4495,0.11305606197276388
5kmN2790E4500,0.10565236263213362
5kmN2790E4505,0.122304953026689
5kmN2790E4510,0.12342820281773459
5kmN2790E4515,0.1319115559022615
5kmN2790E4520,0.13364334164010677
5kmN2790E4525,0.14617128939227714
5kmN2790E4530,0.1335194097686925
5kmN2790E4535,0.14108953824954149
5kmN2790E4540,0.17836932397156413
5kmN2795E4150,0.012813903919155406
5kmN2795E4155,0.011884734043107109
5kmN2795E4160,0.04611210126012158
5kmN2795E4165,0.06100629282585093
5kmN2795E4170,0.05713137262317325
5kmN2795E4175,0.03985696555908247
5kmN2795E4180,0.04681017969128806
5kmN2795E4185,0.040775748941228845
5kmN2795E4190,0.05232815785585257
5kmN2795E4195,0.09843172837546735
5kmN2795E4200,0.0938935169826477
5kmN2795E4205,0.07684541394177302
5kmN2795E4210,0.08070940191842885
5kmN2795E4215,0.06060822989813938
5kmN2795E4220,0.10123673964385208
5kmN2795E4225,0.13187266619712248
5kmN2795E4230,0.12730154612306527
5kmN2795E4235,0.12471695284100637
5kmN2795E4240,0.16265521092110696
5kmN2795E4245,0.1574204694572583
5kmN2795E4250,0.15555843677326553
5kmN2795E4255,0.15356909797002824
5kmN2795E4260,0.08263552833798714
5kmN2795E4265,0.08367283513757323
5kmN2795E4270,0.11398301135136953
5kmN2795E4275,0.10910087154132034
5kmN2795E4280,0.10291661589693037
5kmN2795E4285,0.07899471174937746
5kmN2795E4290,0.07000477656231924
5kmN2795E4295,0.047676798364914424
5kmN2795E4300,0.038593059757221326
5kmN2795E4305,0.027209685878799378
5kmN2795E4310,0.016100445843986566
5kmN2795E4315,0.02706863564445483
5kmN2795E4320,0.03606190117312849
5kmN2795E4325,0.02614953583560435
5kmN2795E4330,0.03727814500466588
5kmN2795E4335,0.05741480576420259
5kmN2795E4340,0.0596723874402163
5kmN2795E4345,0.04919800356696444
5kmN2795E4350,0.050967592918295695
5kmN2795E4355,0.04952721971477153
5kmN2795E4360,0.05875055016047759
5kmN2795E4405,0.07731387761357564
5kmN2795E4410,0.04867086641423102
5kmN2795E4415,0.036350760657487644
5kmN2795E4420,0.031952570590233986
5kmN2795E4425,0.034784371791774404
5kmN2795E4430,0.08207759034252281
5kmN2795E4435,0.2180941584306579
5kmN2795E4440,0.14988458460804083
5kmN2795E4445,0.1764442150266497
5kmN2795E4450,-0.0745640940838728
5kmN2795E4455,-0.11850717644665995
5kmN2795E4460,-0.11076369725650356
5kmN2795E4465,-0.09865939239002114
5kmN2795E4470,-0.08814266836455793
5kmN2795E4475,-0.08104744677020684
5kmN2795E4480,-0.08918254480795616
5kmN2795E4485,0.047298112032899464
5kmN2795E4490,0.1212586166720531
5kmN2795E4495,0.1186055297120602
5kmN2795E4500,0.11383831769684077
5kmN2795E4505,0.10923822694382854
5kmN2795E4510,0.1183591197964422
5kmN2795E4515,0.12854749236281893
5kmN2795E4520,0.1328525518832675
5kmN2795E4525,0.14567789000116774
5kmN2795E4530,0.14354348350734084
5kmN2795E4535,0.18490900439685995
5kmN2795E4540,0.17844221169640817
5kmN2795E4545,0.17160592668127034
5kmN2800E4150,6.730480526476179e-05
5kmN2800E4155,0.005265336245662916
5kmN2800E4160,0.021363955875433105
5kmN2800E4165,0.043043149902611544
5kmN2800E4170,0.049390091558019794
5kmN2800E4175,0.041415221929686635
5kmN2800E4180,0.05299627774057156
5kmN2800E4185,0.053798302450566465
5kmN2800E4190,0.046741275915518105
5kmN2800E4195,0.09553585956694777
5kmN2800E4200,0.1428327230431535
5kmN2800E4205,0.15550507817137918
5kmN2800E4210,0.06902046806035686
5kmN2800E4215,0.06335729261881182
5kmN2800E4220,0.058758893714401655
5kmN2800E4225,0.12666035139948487
5kmN2800E4230,0.13083158747434262
5kmN2800E4235,0.12909501537710122
5kmN2800E4240,0.129547443443965
5kmN2800E4245,0.1415823323244945
5kmN2800E4250,0.15476714019932153
5kmN2800E4255,0.15376448409474655
5kmN2800E4260,0.12355698536812582
5kmN2800E4265,0.11149179399714844
5kmN2800E4270,0.1069594457774912
5kmN2800E4275,0.11477676575456702
5kmN2800E4280,0.10848227287365089
5kmN2800E4285,0.09262627461524699
5kmN2800E4290,0.061921711335554214
5kmN2800E4295,0.06340356589861876
5kmN2800E4300,0.037815514701684316
5kmN2800E4305,0.04480475892416863
5kmN2800E4310,0.0369351824305941
5kmN2800E4315,0.08509720596071053
5kmN2800E4320,0.021532546964963706
5kmN2800E4325,0.03375622563385865
5kmN2800E4330,0.04396274346404644
5kmN2800E4335,0.05665255952322108
5kmN2800E4340,0.054545434735705084
5kmN2800E4345,0.055132840129734934
5kmN2800E4350,0.05415585896328437
5kmN2800E4355,0.053919299869495285
5kmN2800E4410,0.04471402810667374
5kmN2800E4415,0.047251034158549046
5kmN2800E4420,0.04329546735450095
5kmN2800E4425,0.0405098303336793
5kmN2800E4430,0.03766474523824177
5kmN2800E4435,0.05461440661270521
5kmN2800E4440,0.06358646926502229
5kmN2800E4445,0.06657392385662876
5kmN2800E4450,-0.07452094758066535
5kmN2800E4455,-0.14359849521944285
5kmN2800E4460,-0.12015058364267384
5kmN2800E4465,-0.10239995239874025
5kmN2800E4470,-0.08908468782482361
5kmN2800E4475,-0.08704690816994949
5kmN2800E4480,-0.08230491041233326
5kmN2800E4485,-0.008810712125136566
5kmN2800E4490,0.10509008768265746
5kmN2800E4495,0.12038134085768978
5kmN2800E4500,0.12488661982856958
5kmN2800E4505,0.1291064298689758
5kmN2800E4510,0.1370106403736984
5kmN2800E4515,0.14572559806022808
5kmN2800E4520,0.15529003277531123
5kmN2800E4525,0.1609219919642894
5kmN2800E4530,0.18514980646679274
5kmN2800E4535,0.1973342528228421
5kmN2800E4540,0.2166096505972876
5kmN2800E4545,0.21114562253476946
5kmN2800E4550,0.17825645294100662
5kmN2800E4555,0.0638743647379858
5kmN2800E4560,-0.018170198908569524
5kmN2805E4150,0.0016493669864159066
5kmN2805E4155,-0.0004596215165533768
5kmN2805E4160,0.004435282491154768
5kmN2805E4165,0.04544431385470024
5kmN2805E4170,0.04109385782758476
5kmN2805E4175,0.036896714349970855
5kmN2805E4180,0.049207332862196945
5kmN2805E4185,0.0444835176731978
5kmN2805E4190,0.11413098354783846
5kmN2805E4195,0.1505896149609853
5kmN2805E4200,0.20756273118283838
5kmN2805E4205,0.17645177668480322
5kmN2805E4210,0.07525597964562047
5kmN2805E4215,0.06333460196420584
5kmN2805E4220,0.0585879657321462
5kmN2805E4225,0.11058026248835429
5kmN2805E4230,0.11974119911776351
5kmN2805E4235,0.11871370660422706
5kmN2805E4240,0.08868228261936531
5kmN2805E4245,0.059922884060114506
5kmN2805E4250,0.034550716797406164
5kmN2805E4255,0.10083477167239639
5kmN2805E4260,0.11638716652447781
5kmN2805E4265,0.09802281350811858
5kmN2805E4270,0.10889263845980612
5kmN2805E4275,0.11103526280075675
5kmN2805E4280,0.1119426973095937
5kmN2805E4285,0.10633115267790401
5kmN2805E4290,0.07375922517640683
5kmN2805E4295,0.0651437806258538
5kmN2805E4300,0.051508266579275486
5kmN2805E4305,0.0468302304655486
5kmN2805E4310,0.10244511955479274
5kmN2805E4315,0.09524467966412768
5kmN2805E4320,0.027848871553532398
5kmN2805E4325,0.03153591842095106
5kmN2805E4330,0.043228524830066964
5kmN2805E4335,0.04296261101106069
5kmN2805E4340,0.042225415889269036
5kmN2805E4345,0.05417014217454602
5kmN2805E4350,0.05269800439051123
5kmN2805E4355,0.05994032268408864
5kmN2805E4410,0.04851845781305453
5kmN2805E4415,0.054780403444762815
5kmN2805E4420,0.046288759962404835
5kmN2805E4425,0.04938509687562871
5kmN2805E4430,0.06969844804006588
5kmN2805E4435,0.09113125643805912
5kmN2805E4440,0.08714675174192096
5kmN2805E4445,0.07286372845043136
5kmN2805E4450,-0.05563537852602954
5kmN2805E4455,-0.1797823756106042
5kmN2805E4460,-0.13464076916926213
5kmN2805E4465,-0.10143087047128221
5kmN2805E4470,-0.09177980258220522
5kmN2805E4475,-0.09876205891991122
5kmN2805E4480,-0.07201163448447717
5kmN2805E4485,-0.00210891711981559
5kmN2805E4490,0.02677711215395387
5kmN2805E4495,0.07035860424668502
5kmN2805E4500,0.1288127094472823
5kmN2805E4505,0.12644801200742034
5kmN2805E4510,0.1404800299048282
5kmN2805E4515,0.17303155594538855
5kmN2805E4520,0.18420148523003887
5kmN2805E4525,0.18454750760683053
5kmN2805E4530,0.1944163787051581
5kmN2805E4535,0.20107214662381262
5kmN2805E4540,0.20753067709921827
5kmN2805E4545,0.21774523130620002
5kmN2805E4550,0.1556433705667984
5kmN2805E4555,0.015272462708884271
5kmN2805E4560,0.0023426328191283874
5kmN2805E4565,-0.021190309058806145
5kmN2810E4150,0.00435919087951403
5kmN2810E4155,0.008789014572218673
5kmN2810E4160,-0.0005573073127906891
5kmN2810E4165,0.009294588501426615
5kmN2810E4170,0.022129319327366836
5kmN2810E4175,0.04942317873489946
5kmN2810E4180,0.050588729626974666
5kmN2810E4185,0.03958079290304112
5kmN2810E4190,0.16016100005525122
5kmN2810E4195,0.19525287390381454
5kmN2810E4200,0.1999829217614874
5kmN2810E4205,0.17992772331908585
5kmN2810E4210,0.15519663369457504
5kmN2810E4215,0.15228411473072428
5kmN2810E4220,0.15118829810511236
5kmN2810E4225,0.1455447344979505
5kmN2810E4230,0.006338521639952327
5kmN2810E4235,-0.023321928152523264
5kmN2810E4240,-0.03930288034642139
5kmN2810E4245,-0.041646091902727445
5kmN2810E4250,-0.04984014624676679
5kmN2810E4255,0.05936287685517526
5kmN2810E4260,0.10609161305051183
5kmN2810E4265,0.09959511473243683
5kmN2810E4270,0.1101651953458164
5kmN2810E4275,0.11186222760900619
5kmN2810E4280,0.09232032631015503
5kmN2810E4285,0.11117777138489165
5kmN2810E4290,0.10267315859932603
5kmN2810E4295,0.07026049297082954
5kmN2810E4300,0.059028868665111645
5kmN2810E4305,0.0480194604042255
5kmN2810E4310,0.04133387310948422
5kmN2810E4315,0.0978471642743
5kmN2810E4320,0.07499826148596754
5kmN2810E4325,0.012700747303510201
5kmN2810E4330,0.02596654378398361
5kmN2810E4335,0.03015651245268633
5kmN2810E4340,0.02743886841537016
5kmN2810E4345,0.047867694964321084
5kmN2810E4350,0.033544447293776036
5kmN2810E4355,0.05553221421444271
5kmN2810E4415,0.06284965790761526
5kmN2810E4420,0.061934030281794325
5kmN2810E4425,0.05589762416500568
5kmN2810E4430,0.07880173521871574
5kmN2810E4435,0.09025361658750736
5kmN2810E4440,0.1010728436647726
5kmN2810E4445,0.10286036662317223
5kmN2810E4450,0.08990481877093122
5kmN2810E4455,0.019486667777391872
5kmN2810E4460,-0.08664051783958071
5kmN2810E4465,-0.11031729337915874
5kmN2810E4470,-0.07241367864091727
5kmN2810E4475,-0.0774864616220447
5kmN2810E4480,-0.022113379775192538
5kmN2810E4485,0.01867739654079406
5kmN2810E4490,0.029903200158596432
5kmN2810E4495,0.029961147449493325
5kmN2810E4500,0.09683911270456191
5kmN2810E4505,0.13773283512555468
5kmN2810E4510,0.15894949310227752
5kmN2810E4515,0.17915063980842516
5kmN2810E4520,0.1721309441858666
5kmN2810E4525,0.1789472559983109
5kmN2810E4530,0.19818657967994338
5kmN2810E4535,0.20177325451198597
5kmN2810E4540,0.20067569890859527
5kmN2810E4545,0.20587963963565506
5kmN2810E4550,0.059649221683354514
5kmN2810E4555,0.008196101946124856
5kmN2810E4560,0.008062615902264259
5kmN2810E4565,-0.004011150402756625
5kmN2810E4570,-0.011967225796674918
5kmN2815E4155,-0.0070919281069872775
5kmN2815E4160,-0.007882394227428174
5kmN2815E4165,-0.008716950109855931
5kmN2815E4170,0.022947902021204364
5kmN2815E4175,0.04299001567926325
5kmN2815E4180,0.042785778007516845
5kmN2815E4185,0.03953585782864502
5kmN2815E4190,0.11445340676843357
5kmN2815E4195,0.1982520374623388
5kmN2815E4200,0.1743554172036493
5kmN2815E4205,0.17799137662350406
5kmN2815E4210,0.16460838353716792
5kmN2815E4215,0.16379166463721118
5kmN2815E4220,0.15371692976298493
5kmN2815E4225,0.1530399970084965
5kmN2815E4230,0.04541348622781913
5kmN2815E4235,-0.04961938697097819
5kmN2815E4240,-0.05984386495724235
5kmN2815E4245,-0.039304760445930495
5kmN2815E4250,-0.05859187240066356
5kmN2815E4255,0.03658061692513265
5kmN2815E4260,0.08630261430166272
5kmN2815E4265,0.10222476339822695
5kmN2815E4270,0.11104399222489204
5kmN2815E4275,0.1042481762028742
5kmN2815E4280,0.10464016377972608
5kmN2815E4285,0.11929725043933886
5kmN2815E4290,0.09249557657310567
5kmN2815E4295,0.055584924343774766
5kmN2815E4300,0.054862715185676536
5kmN2815E4305,0.057843059536533875
5kmN2815E4310,0.029303735189966623
5kmN2815E4315,0.017791534749350718
5kmN2815E4320,0.04710139739520676
5kmN2815E4325,0.017416543172550952
5kmN2815E4330,0.035170076889112584
5kmN2815E4335,0.0322878553100141
5kmN2815E4340,0.02448376569890834
5kmN2815E4345,0.0331833635383158
5kmN2815E4350,0.045775912485080256
5kmN2815E4355,0.05831957489200998
5kmN2815E4420,0.07267655148098064
5kmN2815E4425,0.07542372266732718
5kmN2815E4430,0.07803693514856153
5kmN2815E4435,0.10241448000193873
5kmN2815E4440,0.10487345316603972
5kmN2815E4445,0.1247722272982241
5kmN2815E4450,0.1156601389124999
5kmN2815E4455,0.1159166461941985
5kmN2815E4460,0.09340186877805493
5kmN2815E4465,0.035196535728632974
5kmN2815E4470,0.013671414946676397
5kmN2815E4475,0.018188088209835418
5kmN2815E4480,0.02312947385122094
5kmN2815E4485,0.026286693619362228
5kmN2815E4490,0.021996466628306538
5kmN2815E4495,0.027764440486902214
5kmN2815E4500,0.0522634834573347
5kmN2815E4505,0.17026366469527782
5kmN2815E4510,0.16910683175062263
5kmN2815E4515,0.18220685425281724
5kmN2815E4520,0.1818532625577165
5kmN2815E4525,0.19031972124256719
5kmN2815E4530,0.2006505741366315
5kmN2815E4535,0.18263009656754486
5kmN2815E4540,0.19771019894292663
5kmN2815E4545,0.19655248894220673
5kmN2815E4550,0.16388587210056688
5kmN2815E4555,0.023482281751359524
5kmN2815E4560,0.005166941649681289
5kmN2815E4565,-0.014734956702615432
5kmN2815E4570,-0.01682445766832874
5kmN2820E4155,0.02774825342210399
5kmN2820E4160,0.02594124562198638
5kmN2820E4165,-0.011031815079788565
5kmN2820E4170,0.017211784608672204
5kmN2820E4175,0.03209547278305022
5kmN2820E4180,0.035851199619400476
5kmN2820E4185,0.051380071002600836
5kmN2820E4190,0.17353573894471777
5kmN2820E4195,0.19981194936024482
5kmN2820E4200,0.1857230572199586
5kmN2820E4205,0.20041224461546647
5kmN2820E4210,0.18099844964454764
5kmN2820E4215,0.15939945084342208
5kmN2820E4220,0.1287959820169437
5kmN2820E4225,0.12254593804442113
5kmN2820E4230,0.1139456403070163
5kmN2820E4235,0.012987493777664227
5kmN2820E4240,-0.06159966853792896
5kmN2820E4245,-0.052687012511525716
5kmN2820E4250,-0.0594707948298548
5kmN2820E4255,-0.01770052292072055
5kmN2820E4260,0.08675281351369439
5kmN2820E4265,0.08807321240662902
5kmN2820E4270,0.09232509180593412
5kmN2820E4275,0.10866977682255903
5kmN2820E4280,0.12457617829790174
5kmN2820E4285,0.1375004952425625
5kmN2820E4290,0.08272378147969674
5kmN2820E4295,0.07540348111659932
5kmN2820E4300,0.04333962938902508
5kmN2820E4305,0.0543504417254827
5kmN2820E4310,0.04896140056922604
5kmN2820E4315,0.04084965104572294
5kmN2820E4320,0.04199708238157371
5kmN2820E4325,0.029002223346776573
5kmN2820E4330,0.03860033283535927
5kmN2820E4335,0.0738601192219189
5kmN2820E4340,0.04360508217780498
5kmN2820E4345,0.006495701001979659
5kmN2820E4350,0.012489607780337947
5kmN2820E4355,0.00528871082304741
5kmN2820E4360,0.024101362277591132
5kmN2820E4410,-0.00968983980793156
5kmN2820E4415,0.028618557379669368
5kmN2820E4420,0.07751377326041238
5kmN2820E4425,0.07603591372855588
5kmN2820E4430,0.06415548454652721
5kmN2820E4435,0.057032840589320705
5kmN2820E4440,0.0830528356586474
5kmN2820E4445,0.12684471591072655
5kmN2820E4450,0.1247338906133807
5kmN2820E4455,0.12729984485885548
5kmN2820E4460,0.11800034474071333
5kmN2820E4465,0.048131435201824294
5kmN2820E4470,0.03895812622271244
5kmN2820E4475,0.027377206269034615
5kmN2820E4480,0.024934258885466964
5kmN2820E4485,0.021311792774767663
5kmN2820E4490,0.03765221898977281
5kmN2820E4495,0.04347546295894622
5kmN2820E4500,0.05638561919516166
5kmN2820E4505,0.14925606829892454
5kmN2820E4510,0.1773955519199103
5kmN2820E4515,0.17507879145641062
5kmN2820E4520,0.1877616196271985
5kmN2820E4525,0.19526245247724694
5kmN2820E4530,0.20582383179377195
5kmN2820E4535,0.20071556684531408
5kmN2820E4540,0.20101380973101077
5kmN2820E4545,0.20229583004866794
5kmN2820E4550,0.07639441767185934
5kmN2820E4555,0.031082613524949065
5kmN2820E4560,0.009678105882501786
5kmN2820E4565,0.006947134786797371
5kmN2820E4570,-0.007399979221914932
5kmN2820E4575,0.004457624894640244
5kmN2825E4155,0.06399591856510592
5kmN2825E4160,0.057836156581120735
5kmN2825E4165,-0.0012836689827895043
5kmN2825E4170,-0.014504504086603504
5kmN2825E4175,-0.004793874486844735
5kmN2825E4180,0.0340283713169732
5kmN2825E4185,0.050417743110540675
5kmN2825E4190,0.19266671014757686
5kmN2825E4195,0.1979220705973009
5kmN2825E4200,0.19403231912626484
5kmN2825E4205,0.20131713290935851
5kmN2825E4210,0.19736396286315347
5kmN2825E4215,0.15064391408582342
5kmN2825E4220,0.1283688760970756
5kmN2825E4225,0.1397391456576614
5kmN2825E4230,0.3303743224002201
5kmN2825E4235,0.2277614103694408
5kmN2825E4240,-0.018499081783629148
5kmN2825E4245,-0.018689550370272437
5kmN2825E4250,-0.03335841463758363
5kmN2825E4255,0.012715255637757397
5kmN2825E4260,0.08638354487086398
5kmN2825E4265,0.09433234200121554
5kmN2825E4270,0.13728973081111182
5kmN2825E4275,0.15617458103268606
5kmN2825E4280,0.17230305886043898
5kmN2825E4285,0.17698695745317572
5kmN2825E4290,0.13401103850898438
5kmN2825E4295,0.10804616815454114
5kmN2825E4300,0.08436754332502087
5kmN2825E4305,0.07584034402199105
5kmN2825E4310,0.058591111376130545
5kmN2825E4315,0.06805508339456567
5kmN2825E4320,0.053441474429824276
5kmN2825E4325,0.06485303486112157
5kmN2825E4330,0.0929010361775999
5kmN2825E4335,0.11654389459889417
5kmN2825E4340,0.09338642772477815
5kmN2825E4345,0.008824794766819244
5kmN2825E4350,-0.003779108253710084
5kmN2825E4355,-0.007182598591887079
5kmN2825E4360,0.018314739475020964
5kmN2825E4365,0.018208457920356802
5kmN2825E4370,0.016362133650162786
5kmN2825E4410,0.009930933025771027
5kmN2825E4415,0.006695513762746519
5kmN2825E4420,0.06725280684785676
5kmN2825E4425,0.08095222785573919
5kmN2825E4430,0.06115952407882229
5kmN2825E4435,0.06194026061492418
5kmN2825E4440,0.08203311403185978
5kmN2825E4445,0.12152098636721599
5kmN2825E4450,0.1259156205065634
5kmN2825E4455,0.13507959039026088
5kmN2825E4460,0.13629253821765394
5kmN2825E4465,0.04802285131797378
5kmN2825E4470,0.06962018077458099
5kmN2825E4475,0.2200144660869474
5kmN2825E4480,0.22510287388134492
5kmN2825E4485,0.05751526964243847
5kmN2825E4490,0.044370013412908416
5kmN2825E4495,0.056724353158581264
5kmN2825E4500,0.05491676988141697
5kmN2825E4505,0.12868353447527525
5kmN2825E4510,0.15042692351029427
5kmN2825E4515,0.14731023238822155
5kmN2825E4520,0.17422676758189026
5kmN2825E4525,0.19731457893761023
5kmN2825E4530,0.19682800604073303
5kmN2825E4535,0.20046842499501474
5kmN2825E4540,0.19000621877447502
5kmN2825E4545,0.1880777188404984
5kmN2825E4550,0.01855470436131368
5kmN2825E4555,0.01838351717380521
5kmN2825E4560,0.011160337900158024
5kmN2825E4565,0.009548635487679591
5kmN2825E4570,0.02121499535174698
5kmN2825E4575,0.0297019959803137
5kmN2825E4590,0.08021924491130078
5kmN2825E4595,0.05374889441905231
5kmN2830E4155,0.09547103425339268
5kmN2830E4160,0.08196218165510344
5kmN2830E4165,0.013794829248664264
5kmN2830E4170,-0.01724609812113284
5kmN2830E4175,-0.0019089521666668663
5kmN2830E4180,0.007265006456010886
5kmN2830E4185,0.03887266765790304
5kmN2830E4190,0.16162779034681474
5kmN2830E4195,0.17245917866534644
5kmN2830E4200,0.19498483181245327
5kmN2830E4205,0.19688628619679502
5kmN2830E4210,0.16506643386798323
5kmN2830E4215,0.133199090030888
5kmN2830E4220,0.1336183099002398
5kmN2830E4225,0.15838710000426331
5kmN2830E4230,0.2898390127210415
5kmN2830E4235,0.32595785077837
5kmN2830E4240,0.32438314564783227
5kmN2830E4245,0.3071465259645991
5kmN2830E4250,0.17543693289538137
5kmN2830E4255,0.16376265964039385
5kmN2830E4260,0.12056812330480841
5kmN2830E4265,0.13505704365153043
5kmN2830E4270,0.1370148853750655
5kmN2830E4275,0.17419166812659725
5kmN2830E4280,0.15542482472797178
5kmN2830E4285,0.1631333656590012
5kmN2830E4290,0.14049131561329956
5kmN2830E4295,0.13089880361201614
5kmN2830E4300,0.11625969039117175
5kmN2830E4305,0.1005964065895048
5kmN2830E4310,0.09599753335030738
5kmN2830E4315,0.08915214496115872
5kmN2830E4320,0.09989192557335089
5kmN2830E4325,0.12570283126603785
5kmN2830E4330,0.11587810320182507
5kmN2830E4335,0.11481831486688279
5kmN2830E4340,0.09881453801400741
5kmN2830E4345,0.024197379498353516
5kmN2830E4350,0.012897960182515933
5kmN2830E4355,0.0030978093607172963
5kmN2830E4360,0.000373208700711003
5kmN2830E4365,0.00938953776081991
5kmN2830E4370,0.014442021108722364
5kmN2830E4410,0.026452116953582572
5kmN2830E4415,0.019748920962238653
5kmN2830E4420,0.056277293013358015
5kmN2830E4425,0.07707047074537998
5kmN2830E4430,0.0677988973845567
5kmN2830E4435,0.04882317749066996
5kmN2830E4440,0.058835972932238204
5kmN2830E4445,0.11173433472959574
5kmN2830E4450,0.11755868236935996
5kmN2830E4455,0.08799124962822157
5kmN2830E4460,0.060490388974321754
5kmN2830E4465,0.02873163973956666
5kmN2830E4470,0.024773110986439972
5kmN2830E4475,0.038732796300127714
5kmN2830E4480,0.028045333072729023
5kmN2830E4485,0.13804059936851892
5kmN2830E4490,0.039366312442703694
5kmN2830E4495,0.1256521130100299
5kmN2830E4500,0.1367509914268599
5kmN2830E4505,0.1471010445707313
5kmN2830E4510,0.14602751193429409
5kmN2830E4515,0.13258404639524662
5kmN2830E4520,0.1370568807337831
5kmN2830E4525,0.1790092147917004
5kmN2830E4530,0.19305215017052474
5kmN2830E4535,0.19210929390647113
5kmN2830E4540,0.12767414732318788
5kmN2830E4545,0.040823421237697166
5kmN2830E4550,0.014919115994205367
5kmN2830E4555,0.015704027508281204
5kmN2830E4560,0.020374765716204446
5kmN2830E4565,0.04405997873609574
5kmN2830E4570,0.08872362478714022
5kmN2830E4575,0.13131626188875306
5kmN2830E4580,0.046706754198593714
5kmN2830E4585,0.02790072402585464
5kmN2830E4590,0.04584444662051179
5kmN2830E4595,0.080060623354575
5kmN2835E4160,0.057075619561807456
5kmN2835E4165,0.006872421771389081
5kmN2835E4170,-0.009268228540108753
5kmN2835E4175,-0.031167280282721532
5kmN2835E4180,0.00910022148675424
5kmN2835E4185,0.08967487063484061
5kmN2835E4190,0.14836304539137946
5kmN2835E4195,0.15564811407900667
5kmN2835E4200,0.16975597500929185
5kmN2835E4205,0.15455440332984643
5kmN2835E4210,0.15262615237766364
5kmN2835E4215,0.1459626536877433
5kmN2835E4220,0.13678486592646807
5kmN2835E4225,0.12736710123832362
5kmN2835E4230,0.23733204949175446
5kmN2835E4235,0.34784282858442817
5kmN2835E4240,0.32636026976352017
5kmN2835E4245,0.3368361400704515
5kmN2835E4250,0.3427374734385501
5kmN2835E4255,0.2927483946991435
5kmN2835E4260,0.11950333418939917
5kmN2835E4265,0.12697666267372137
5kmN2835E4270,0.13818425189704114
5kmN2835E4275,0.14578240226214634
5kmN2835E4280,0.1535021154043005
5kmN2835E4285,0.13488629123681822
5kmN2835E4290,0.12064955990495115
5kmN2835E4295,0.1192090279295079
5kmN2835E4300,0.12429568239944433
5kmN2835E4305,0.1216716824021144
5kmN2835E4310,0.1255703958984678
5kmN2835E4315,0.12767667610644473
5kmN2835E4320,0.13579009229716799
5kmN2835E4325,0.15184514476866673
5kmN2835E4330,0.11900136592357566
5kmN2835E4335,0.13358346550833078
5kmN2835E4340,0.05751549851611226
5kmN2835E4345,0.05351876718136056
5kmN2835E4350,0.04719653351585776
5kmN2835E4355,0.033557026748804925
5kmN2835E4360,0.03252751867968892
5kmN2835E4365,0.027795439226132868
5kmN2835E4370,0.06910841347170121
5kmN2835E4375,0.1399765582928826
5kmN2835E4380,0.14827074586039807
5kmN2835E4385,0.15437595774360255
5kmN2835E4390,0.17696021575453788
5kmN2835E4395,0.07763234330827459
5kmN2835E4400,0.021851505338945698
5kmN2835E4405,0.02118057779879548
5kmN2835E4410,0.011073458328131475
5kmN2835E4415,0.022801014499164107
5kmN2835E4420,0.037792249673354844
5kmN2835E4425,0.06065936339728066
5kmN2835E4430,0.057217430378462
5kmN2835E4435,0.07512241168272712
5kmN2835E4440,0.08008740687894256
5kmN2835E4445,0.05308049320641259
5kmN2835E4450,0.031080845131134377
5kmN2835E4455,0.052465054601759376
5kmN2835E4460,0.03144738080057391
5kmN2835E4465,0.031619558400476505
5kmN2835E4470,0.02812961842508191
5kmN2835E4475,0.0283275160442005
5kmN2835E4480,0.025597343672073447
5kmN2835E4485,0.026689799866614572
5kmN2835E4490,0.018519332207910244
5kmN2835E4495,0.11318268901723509
5kmN2835E4500,0.1125045931755443
5kmN2835E4505,0.13115516422012108
5kmN2835E4510,0.133583104282777
5kmN2835E4515,0.13302295481453796
5kmN2835E4520,0.12857145496794764
5kmN2835E4525,0.13895026574524794
5kmN2835E4530,0.14638086909034914
5kmN2835E4535,0.14895977119458972
5kmN2835E4540,0.051679966706753844
5kmN2835E4545,0.0058187622935997885
5kmN2835E4550,0.005037799888769456
5kmN2835E4555,0.0059686643420036045
5kmN2835E4560,0.01022984236578972
5kmN2835E4565,0.07803742624446044
5kmN2835E4570,0.10606268395152132
5kmN2835E4575,0.09732630996307798
5kmN2835E4580,0.03969907186295363
5kmN2835E4585,0.05828848416977642
5kmN2835E4590,0.06979805272502107
5kmN2835E4595,0.08709253815402726
5kmN2835E4600,0.08462796204030568
5kmN2840E4165,-0.025425674206389692
5kmN2840E4170,0.011388333572144166
5kmN2840E4175,0.04103803421797389
5kmN2840E4180,0.10598975120063797
5kmN2840E4185,0.14711221162312377
5kmN2840E4190,0.4230657088504535
5kmN2840E4195,0.1942343573569153
5kmN2840E4200,0.15912110853675038
5kmN2840E4205,0.1592615675829406
5kmN2840E4210,0.14965878394497456
5kmN2840E4215,0.1510878188022576
5kmN2840E4220,0.1439727988066136
5kmN2840E4225,0.13315290492052254
5kmN2840E4230,0.13980421795942996
5kmN2840E4235,0.30531531658980904
5kmN2840E4240,0.3420278419126829
5kmN2840E4245,0.33683067734570304
5kmN2840E4250,0.3458117156046796
5kmN2840E4255,0.18150209035042214
5kmN2840E4260,0.15931497029857983
5kmN2840E4265,0.11669078027119272
5kmN2840E4270,0.13271805063507877
5kmN2840E4275,0.14271300591719024
5kmN2840E4280,0.15105012788400723
5kmN2840E4285,0.12029162146337978
5kmN2840E4290,0.12106601583340239
5kmN2840E4295,0.12315600964646362
5kmN2840E4300,0.12100620178329606
5kmN2840E4305,0.1331320543507538
5kmN2840E4310,0.1360688183253017
5kmN2840E4315,0.130682673008728
5kmN2840E4320,0.151170600428788
5kmN2840E4325,0.14165742593652003
5kmN2840E4330,0.1259879484404191
5kmN2840E4335,0.1367889256223475
5kmN2840E4340,0.11586313692203751
5kmN2840E4345,0.1339200658318705
5kmN2840E4350,0.11596729899328218
5kmN2840E4355,0.10354397246565455
5kmN2840E4360,0.04533069019907959
5kmN2840E4365,0.09293332487629052
5kmN2840E4370,0.17689666927790185
5kmN2840E4375,0.15434119755242773
5kmN2840E4380,0.14205364896622916
5kmN2840E4385,0.1496198617983667
5kmN2840E4390,0.1391089394983875
5kmN2840E4395,0.01874756665483432
5kmN2840E4400,0.03073530594463489
5kmN2840E4405,0.018817408111062472
5kmN2840E4410,-0.00118290003503288
5kmN2840E4415,-0.0038073375915732843
5kmN2840E4420,0.08608368276253384
5kmN2840E4425,0.0646957973855
5kmN2840E4430,0.06934670560974256
5kmN2840E4435,0.06603868300126037
5kmN2840E4440,0.07119687354577857
5kmN2840E4445,0.04818242028185135
5kmN2840E4450,0.05391362941001138
5kmN2840E4455,0.053937752204651995
5kmN2840E4460,0.037107974855974946
5kmN2840E4465,0.031597345294227
5kmN2840E4470,0.023452834875439782
5kmN2840E4475,0.029183544233694347
5kmN2840E4480,0.019361394128440235
5kmN2840E4485,0.036937043587733226
5kmN2840E4490,0.043557520157243984
5kmN2840E4495,0.10295832773801715
5kmN2840E4500,0.1117851961509533
5kmN2840E4505,0.12230211200575519
5kmN2840E4510,0.10453255785776726
5kmN2840E4515,0.1129521614967369
5kmN2840E4520,0.12390689522589697
5kmN2840E4525,0.12645402393171676
5kmN2840E4530,0.11130375479447306
5kmN2840E4535,0.07764950973358209
5kmN2840E4540,0.05613308891310881
5kmN2840E4545,0.04803158010282155
5kmN2840E4550,-0.009188409327434366
5kmN2840E4555,0.010084643772553525
5kmN2840E4560,0.021930621191681265
5kmN2840E4565,0.03391796903621436
5kmN2840E4570,0.033813913444675214
5kmN2840E4575,0.04090011513649744
5kmN2840E4580,0.05928742965323319
5kmN2840E4585,0.05758301911073879
5kmN2840E4590,0.08902052330269947
5kmN2840E4595,0.09604173706491101
5kmN2840E4600,0.09134819535184213
5kmN2845E4170,0.0681632540283228
5kmN2845E4175,0.1024702713620699
5kmN2845E4180,0.16089606941913773
5kmN2845E4185,0.40145713706145275
5kmN2845E4190,0.5284267222255756
5kmN2845E4195,0.3017297064565332
5kmN2845E4200,0.1582049850317442
5kmN2845E4210,0.14880512226108192
5kmN2845E4215,0.1495029604752069
5kmN2845E4220,0.15100330475301704
5kmN2845E4225,0.13795563423017576
5kmN2845E4230,0.13897479417873942
5kmN2845E4235,0.29028736728413657
5kmN2845E4240,0.34451381208371495
5kmN2845E4245,0.34181414632509266
5kmN2845E4250,0.31235168919125755
5kmN2845E4255,0.3024690021394433
5kmN2845E4260,0.2776827402183326
5kmN2845E4265,0.17510340479939823
5kmN2845E4270,0.16051551535180664
5kmN2845E4275,0.1674858136843547
5kmN2845E4280,0.17221293455824296
5kmN2845E4285,0.1496026384197992
5kmN2845E4290,0.1353752159794972
5kmN2845E4295,0.13464623033651668
5kmN2845E4300,0.1494534040639842
5kmN2845E4305,0.18286653911953782
5kmN2845E4310,0.18752831455989963
5kmN2845E4315,0.16682333088521287
5kmN2845E4320,0.1591760735310212
5kmN2845E4325,0.1551922415889504
5kmN2845E4330,0.14660798293269908
5kmN2845E4335,0.14503236023989435
5kmN2845E4340,0.14528659046729495
5kmN2845E4345,0.15525113997945583
5kmN2845E4350,0.16796549808991323
5kmN2845E4355,0.17267034024000746
5kmN2845E4360,0.09350308383304476
5kmN2845E4365,0.12405651323151032
5kmN2845E4370,0.18874312759474746
5kmN2845E4375,0.18222028370551538
5kmN2845E4380,0.18925214411173777
5kmN2845E4385,0.18623804769628327
5kmN2845E4390,0.1465305484874837
5kmN2845E4395,0.014938790587015693
5kmN2845E4400,0.029119194965368134
5kmN2845E4405,0.023048138961398013
5kmN2845E4410,0.017103654612848823
5kmN2845E4415,0.1253732423937357
5kmN2845E4420,0.24057344900436683
5kmN2845E4425,0.22364734176664688
5kmN2845E4430,0.052509931829971365
5kmN2845E4435,0.06963041045423936
5kmN2845E4440,0.07916870502135127
5kmN2845E4445,0.06896980000881509
5kmN2845E4450,0.06571608499865833
5kmN2845E4455,0.05215792982492129
5kmN2845E4460,0.053186815635082096
5kmN2845E4465,0.03791253470080472
5kmN2845E4470,0.02488409112180401
5kmN2845E4475,0.03216490685380077
5kmN2845E4480,0.012255185126478163
5kmN2845E4485,0.01109486167668261
5kmN2845E4490,0.052550125030385725
5kmN2845E4495,0.12628475694956914
5kmN2845E4500,0.12544959560046734
5kmN2845E4505,0.11313768948944494
5kmN2845E4510,0.10844440254167702
5kmN2845E4515,0.10127524923927739
5kmN2845E4520,0.11295674426226245
5kmN2845E4525,0.0912502081379413
5kmN2845E4530,0.03812675059354009
5kmN2845E4535,0.03317326102900697
5kmN2845E4540,0.03489146633114765
5kmN2845E4545,0.04793652204859081
5kmN2845E4550,0.039975104369713854
5kmN2845E4555,0.034465373548702605
5kmN2845E4560,0.019708157682886307
5kmN2845E4565,0.04285262417387381
5kmN2845E4570,0.05016279523815692
5kmN2845E4575,0.04110797674864791
5kmN2845E4580,0.06386335072179705
5kmN2845E4585,0.08524271477231948
5kmN2845E4590,0.09080396366451204
5kmN2845E4595,0.09725830538259478
5kmN2845E4600,0.09751002850239834
5kmN2850E4170,0.09566798208456864
5kmN2850E4175,0.07333603839153915
5kmN2850E4180,0.09662055811806752
5kmN2850E4185,0.30633356592078465
5kmN2850E4190,0.5011444279370642
5kmN2850E4195,0.14381860991337986
5kmN2850E4200,0.1604506526778724
5kmN2850E4205,0.15141190466146864
5kmN2850E4210,0.1468189145623183
5kmN2850E4215,0.14838905093905713
5kmN2850E4220,0.146707566747171
5kmN2850E4225,0.15068729874646872
5kmN2850E4230,0.17985434554483753
5kmN2850E4235,0.32383629527733226
5kmN2850E4240,0.3430844211712517
5kmN2850E4245,0.33548331818631016
5kmN2850E4250,0.2633726928953501
5kmN2850E4255,0.32113248433332764
5kmN2850E4260,0.32342027017296726
5kmN2850E4265,0.25769188759900485
5kmN2850E4270,0.17501647901935175
5kmN2850E4275,0.17715049995998094
5kmN2850E4280,0.17656840436305107
5kmN2850E4285,0.17504744534929506
5kmN2850E4290,0.1571835441159685
5kmN2850E4295,0.1480292283351574
5kmN2850E4300,0.15777357685042587
5kmN2850E4305,0.1556033014623882
5kmN2850E4310,0.16493650184276926
5kmN2850E4315,0.1676777077338406
5kmN2850E4320,0.17758408588462554
5kmN2850E4325,0.16156104604377708
5kmN2850E4330,0.15969814595930246
5kmN2850E4335,0.15021559318774103
5kmN2850E4340,0.14368146617966404
5kmN2850E4345,0.15900697642404876
5kmN2850E4350,0.18970535730896942
5kmN2850E4355,0.20763000293930448
5kmN2850E4360,0.1934833319122026
5kmN2850E4365,0.19734887387870303
5kmN2850E4370,0.18589832621844674
5kmN2850E4375,0.19158986710600995
5kmN2850E4380,0.1948728452323576
5kmN2850E4385,0.20317627727531812
5kmN2850E4390,0.13581013501696096
5kmN2850E4395,0.04222732786362274
5kmN2850E4400,0.04670499284953725
5kmN2850E4405,0.03926864128849847
5kmN2850E4410,0.057565116639997735
5kmN2850E4415,0.1914723726241614
5kmN2850E4420,0.21585186009284246
5kmN2850E4425,0.2748624586655118
5kmN2850E4430,0.0575781564872746
5kmN2850E4435,0.05838386500341958
5kmN2850E4440,0.08265099358266756
5kmN2850E4445,0.045442685450497455
5kmN2850E4450,0.05047535181721893
5kmN2850E4455,0.06036700689107813
5kmN2850E4460,0.056861742852911845
5kmN2850E4465,0.055994133015389747
5kmN2850E4470,0.04403311069988866
5kmN2850E4480,-0.0425530985261342
5kmN2850E4485,-0.05144453088997025
5kmN2850E4490,-0.04300036419871062
5kmN2850E4495,0.02449981956013575
5kmN2850E4500,0.039171194474072774
5kmN2850E4505,-0.01421281206380176
5kmN2850E4510,-0.04272655660294561
5kmN2850E4515,0.01689684679722725
5kmN2850E4520,0.07869483354658892
5kmN2850E4525,0.03509703588576921
5kmN2850E4530,0.03296838227882648
5kmN2850E4535,0.03540183705896838
5kmN2850E4540,0.028770631492625653
5kmN2850E4545,0.035694428780703
5kmN2850E4550,0.06388462594949579
5kmN2850E4555,0.09306307284056678
5kmN2850E4560,0.0483690330975986
5kmN2850E4565,0.043948158829573314
5kmN2850E4570,0.05515912891822167
5kmN2850E4575,0.06167129675674626
5kmN2850E4580,0.06495082933348645
5kmN2850E4585,0.0772611655283853
5kmN2850E4590,0.09308342001909903
5kmN2850E4595,0.09710795107547465
5kmN2850E4600,0.09963384872992248
5kmN2855E4180,0.07777790448079117
5kmN2855E4185,0.317454252688421
5kmN2855E4190,0.22001961717153856
5kmN2855E4195,0.1310704057613926
5kmN2855E4200,0.1578961310618509
5kmN2855E4205,0.140074447502535
5kmN2855E4210,0.13891039386334547
5kmN2855E4215,0.14540455889911025
5kmN2855E4220,0.14769182925362212
5kmN2855E4225,0.16740953076944848
5kmN2855E4230,0.12422430702765569
5kmN2855E4235,0.15605214530102884
5kmN2855E4240,0.3435294622824477
5kmN2855E4245,0.29390036263588815
5kmN2855E4250,0.23683617566834042
5kmN2855E4255,0.2978905784747199
5kmN2855E4260,0.34889950798885616
5kmN2855E4265,0.19658385340438467
5kmN2855E4270,0.16734822254836393
5kmN2855E4275,0.17414060671819936
5kmN2855E4280,0.1897458263008978
5kmN2855E4285,0.17877704644068027
5kmN2855E4290,0.20039192990650853
5kmN2855E4295,0.19046774373177267
5kmN2855E4300,0.17509337560918067
5kmN2855E4305,0.16501107760096634
5kmN2855E4310,0.16702584249426253
5kmN2855E4315,0.15956992302120065
5kmN2855E4320,0.16162066747910364
5kmN2855E4325,0.14128597044384733
5kmN2855E4330,0.16333222888669652
5kmN2855E4335,0.16666243056561708
5kmN2855E4340,0.17020967785212288
5kmN2855E4345,0.1616972151603953
5kmN2855E4350,0.16708411965202802
5kmN2855E4355,0.18471944077208158
5kmN2855E4360,0.1937736276362007
5kmN2855E4365,0.18882013628663757
5kmN2855E4370,0.19620211128199505
5kmN2855E4375,0.20034048640859814
5kmN2855E4380,0.19504168877756603
5kmN2855E4385,0.2079113055089329
5kmN2855E4390,0.148869423682768
5kmN2855E4395,0.03245950245539485
5kmN2855E4400,0.0355976234485096
5kmN2855E4405,0.02352861233093799
5kmN2855E4410,0.011071996016506797
5kmN2855E4415,-0.0018204213816763876
5kmN2855E4420,0.047817053747141916
5kmN2855E4425,0.03746534681410958
5kmN2855E4430,0.01453326810765046
5kmN2855E4435,0.031779550982096796
5kmN2855E4440,0.026331618221806713
5kmN2855E4445,0.04895906827337304
5kmN2855E4450,0.06601028787205612
5kmN2855E4455,0.06061495697914274
5kmN2855E4460,0.0544545315883391
5kmN2855E4465,0.05707547529772733
5kmN2855E4470,0.05810009464890861
5kmN2855E4485,-0.0508925450170134
5kmN2855E4490,-0.044251106056512224
5kmN2855E4495,-0.05652331534739169
5kmN2855E4500,-0.04689835945424575
5kmN2855E4505,-0.059962116919494046
5kmN2855E4510,-0.0649242777442956
5kmN2855E4515,-0.0693208999235232
5kmN2855E4520,-0.021573834313691448
5kmN2855E4525,0.01143549903986485
5kmN2855E4530,0.016041378426388586
5kmN2855E4535,0.03676400302672134
5kmN2855E4540,0.03950428387624377
5kmN2855E4545,0.049116447141650865
5kmN2855E4550,0.092365753418479
5kmN2855E4555,0.10808494579372363
5kmN2855E4560,0.06972599069449409
5kmN2855E4565,0.06719059474858508
5kmN2855E4570,0.06668841462578146
5kmN2855E4575,0.07080255541486752
5kmN2855E4580,0.08483318802203216
5kmN2855E4585,0.09594894379214874
5kmN2855E4590,0.10482339508390348
5kmN2855E4595,0.10678896072743721
5kmN2855E4600,0.10467264205474014
5kmN2860E4180,0.08629967243223896
5kmN2860E4185,0.13387691696392912
5kmN2860E4190,0.11062347480011436
5kmN2860E4195,0.11079954574574453
5kmN2860E4200,0.1434533280710943
5kmN2860E4205,0.13605200709119653
5kmN2860E4210,0.1111543987514829
5kmN2860E4215,0.11949022379267825
5kmN2860E4220,0.17752069484983946
5kmN2860E4225,0.20703453145485698
5kmN2860E4230,0.15946122273991342
5kmN2860E4235,0.12862152062549184
5kmN2860E4240,0.24429835661852217
5kmN2860E4245,0.22481427442217233
5kmN2860E4250,0.22474991856534382
5kmN2860E4255,0.23245922890461207
5kmN2860E4260,0.2616342742974491
5kmN2860E4265,0.2226029535096344
5kmN2860E4270,0.17365227256482793
5kmN2860E4275,0.1783055363814605
5kmN2860E4280,0.20231794059681082
5kmN2860E4285,0.19129766258864425
5kmN2860E4290,0.19445395162798193
5kmN2860E4295,0.20613335384026174
5kmN2860E4300,0.19023630307573375
5kmN2860E4305,0.17428324193466815
5kmN2860E4310,0.16227192971932586
5kmN2860E4315,0.16795322266974383
5kmN2860E4320,0.15209633694417785
5kmN2860E4325,0.14487878948367752
5kmN2860E4330,0.15659775809812704
5kmN2860E4335,0.1601161400078211
5kmN2860E4340,0.17377367807445127
5kmN2860E4345,0.16321497632849252
5kmN2860E4350,0.16627535211589678
5kmN2860E4355,0.1812832916931887
5kmN2860E4360,0.1904976455666624
5kmN2860E4365,0.19355682640600202
5kmN2860E4370,0.1941982451116881
5kmN2860E4375,0.2136958048585123
5kmN2860E4380,0.2185888868917129
5kmN2860E4385,0.23977470458211145
5kmN2860E4390,0.15533704998295805
5kmN2860E4395,0.03840223214902368
5kmN2860E4400,0.04029647575157101
5kmN2860E4405,0.023879147709580606
5kmN2860E4410,0.017239914329910483
5kmN2860E4415,0.021819501931979568
5kmN2860E4420,0.019896640813647948
5kmN2860E4425,0.016956085104833624
5kmN2860E4430,0.04552689208760713
5kmN2860E4435,0.03358689884296864
5kmN2860E4440,0.0290783221936029
5kmN2860E4445,0.04798431263776304
5kmN2860E4450,0.07365823199584473
5kmN2860E4455,0.061057280551649995
5kmN2860E4460,0.04638755679348194
5kmN2860E4465,0.05326315769379186
5kmN2860E4470,0.05258165170197612
5kmN2860E4495,-0.03638710652637028
5kmN2860E4500,-0.042879802697934705
5kmN2860E4505,0.027234937975196438
5kmN2860E4510,-0.040873504728409366
5kmN2860E4515,-0.0728212165603187
5kmN2860E4520,-0.06296503650360716
5kmN2860E4525,-0.05883101874449434
5kmN2860E4530,0.012276922437398974
5kmN2860E4535,0.03471785493371998
5kmN2860E4540,0.08401310106982376
5kmN2860E4545,0.09316474722455118
5kmN2860E4550,0.10006300990984116
5kmN2860E4555,0.08410103318130158
5kmN2860E4560,0.07991317339951248
5kmN2860E4565,0.061028531475615044
5kmN2860E4570,0.07756030583062412
5kmN2860E4575,0.08507632030457718
5kmN2860E4580,0.08188966968287592
5kmN2860E4585,0.1054513487170643
5kmN2860E4590,0.10403236538519323
5kmN2860E4595,0.10388588625279438
5kmN2865E4180,0.09187771484611193
5kmN2865E4185,0.10065397344537358
5kmN2865E4190,0.12556588377058245
5kmN2865E4195,0.08389887721102338
5kmN2865E4200,0.11389881294963668
5kmN2865E4205,0.11809102381695995
5kmN2865E4210,0.1120616339187625
5kmN2865E4215,0.09973672254397824
5kmN2865E4220,0.14035989226024287
5kmN2865E4225,0.17258793908155784
5kmN2865E4230,0.1204958893947143
5kmN2865E4235,0.12301414852794593
5kmN2865E4240,0.20350308024952282
5kmN2865E4245,0.23116734748377415
5kmN2865E4250,0.23535449249103024
5kmN2865E4255,0.24272490006170933
5kmN2865E4260,0.2437434001561098
5kmN2865E4265,0.2377052954107775
5kmN2865E4270,0.21324091429581793
5kmN2865E4275,0.1784792637888368
5kmN2865E4280,0.1841472974481519
5kmN2865E4285,0.20256356959049304
5kmN2865E4290,0.21062573659567396
5kmN2865E4295,0.2007500002126906
5kmN2865E4300,0.18614504351193856
5kmN2865E4305,0.16795895477134187
5kmN2865E4310,0.1482687790736157
5kmN2865E4315,0.1782706458682874
5kmN2865E4320,0.17561690975122302
5kmN2865E4325,0.1674102184840658
5kmN2865E4330,0.1622419425266388
5kmN2865E4335,0.1671843956432332
5kmN2865E4340,0.1721392228615114
5kmN2865E4345,0.16553915236364347
5kmN2865E4350,0.175481130079817
5kmN2865E4355,0.1961573515910324
5kmN2865E4360,0.20126398122381772
5kmN2865E4365,0.20009117685685585
5kmN2865E4370,0.24698164529968716
5kmN2865E4375,0.23443582495910611
5kmN2865E4380,0.2622740069773478
5kmN2865E4385,0.26727414753379913
5kmN2865E4390,0.25990402177434924
5kmN2865E4395,0.18357686559128047
5kmN2865E4400,0.02016935840804286
5kmN2865E4405,0.014426368722433941
5kmN2865E4410,0.03466641539258465
5kmN2865E4415,0.030400838886728926
5kmN2865E4420,0.022266689242056936
5kmN2865E4425,0.021316593842224146
5kmN2865E4430,0.0376957882354573
5kmN2865E4435,0.03488275988134612
5kmN2865E4440,0.033000451482582446
5kmN2865E4445,0.060585092907669585
5kmN2865E4450,0.08598737764597031
5kmN2865E4455,0.06149987563450532
5kmN2865E4460,0.035566279354276614
5kmN2865E4465,0.05118758239268495
5kmN2865E4470,0.042832866575361256
5kmN2865E4500,-0.06398666633885217
5kmN2865E4505,0.08326158794917052
5kmN2865E4510,0.0864148756115791
5kmN2865E4515,-0.03785572732883796
5kmN2865E4520,-0.06341038925228804
5kmN2865E4525,-0.04743175160050617
5kmN2865E4530,0.05683575555469539
5kmN2865E4535,0.08733730094076883
5kmN2865E4540,0.11046392084998788
5kmN2865E4545,0.12858862783574
5kmN2865E4550,0.1264454054600435
5kmN2865E4555,0.13860358996338895
5kmN2865E4560,0.08043450757237208
5kmN2865E4565,0.0728648742215906
5kmN2865E4570,0.0742972563705237
5kmN2865E4575,0.09173645995622032
5kmN2865E4580,0.10428362727061014
5kmN2865E4585,0.10136345920992823
5kmN2865E4590,0.094532509290353
5kmN2865E4595,0.1063145535994458
5kmN2870E4185,0.09403870880292955
5kmN2870E4190,0.1173410428711238
5kmN2870E4195,0.11378381110982197
5kmN2870E4200,0.11618126859855073
5kmN2870E4205,0.1477014400492499
5kmN2870E4210,0.13334320052458865
5kmN2870E4215,0.10096546375875472
5kmN2870E4220,0.10988201501702624
5kmN2870E4225,0.11173879626977466
5kmN2870E4230,0.12564771962313176
5kmN2870E4235,0.12908828328455813
5kmN2870E4240,0.1685099414734459
5kmN2870E4245,0.2412868073174793
5kmN2870E4250,0.24024760398517508
5kmN2870E4255,0.2461609476974887
5kmN2870E4260,0.23178744150752778
5kmN2870E4265,0.23258775123233827
5kmN2870E4270,0.2237911393629494
5kmN2870E4275,0.18507886345080082
5kmN2870E4280,0.19363378141462378
5kmN2870E4285,0.20997395665394922
5kmN2870E4290,0.20810288188388282
5kmN2870E4295,0.1537380689027071
5kmN2870E4300,0.1146806469119978
5kmN2870E4305,0.06809714611712273
5kmN2870E4310,0.08536176645284585
5kmN2870E4315,0.14086405896562287
5kmN2870E4320,0.1731191309962372
5kmN2870E4325,0.1695115599024471
5kmN2870E4330,0.15785928555062995
5kmN2870E4335,0.16504023266942602
5kmN2870E4340,0.17376034911985883
5kmN2870E4345,0.17118629980004657
5kmN2870E4350,0.1972062225264451
5kmN2870E4355,0.20706928536268576
5kmN2870E4360,0.1993305629622074
5kmN2870E4365,0.2055982358384369
5kmN2870E4370,0.2637833343987208
5kmN2870E4375,0.27702342249762635
5kmN2870E4380,0.27704331473316335
5kmN2870E4385,0.25281529874011094
5kmN2870E4390,0.2593669592959455
5kmN2870E4395,0.25208089742704676
5kmN2870E4400,0.12251576578035045
5kmN2870E4405,0.022364449077272516
5kmN2870E4410,0.02294975432039012
5kmN2870E4415,0.02033001885655733
5kmN2870E4420,0.021573007907372252
5kmN2870E4425,0.012001491460300731
5kmN2870E4430,0.024378919691152884
5kmN2870E4435,0.046316670098182716
5kmN2870E4440,0.0657330758588561
5kmN2870E4445,0.07181459843865656
5kmN2870E4450,0.08508099730900676
5kmN2870E4455,0.08562839787676682
5kmN2870E4500,-0.05836533118343304
5kmN2870E4505,-0.0503615107831257
5kmN2870E4510,-0.07412028793171893
5kmN2870E4515,-0.06092929425936705
5kmN2870E4520,-0.04685317404768341
5kmN2870E4525,-0.021641850224317832
5kmN2870E4530,0.08122595674119631
5kmN2870E4535,0.1057265429657582
5kmN2870E4540,0.12279402791568242
5kmN2870E4545,0.13975817808515661
5kmN2870E4550,0.15054145325911272
5kmN2870E4555,0.1524128254179778
5kmN2870E4560,0.11233256755792614
5kmN2870E4565,0.08185267728978035
5kmN2870E4570,0.09342779117898342
5kmN2870E4575,0.10370521400268967
5kmN2870E4580,0.10020396126117792
5kmN2870E4585,0.09635250040811821
5kmN2870E4590,0.09659895630463272
5kmN2875E4175,0.030839165934064328
5kmN2875E4180,0.10642276520724178
5kmN2875E4185,0.10673801974090863
5kmN2875E4190,0.06894915226318404
5kmN2875E4195,0.12943495868799498
5kmN2875E4200,0.20661413591320427
5kmN2875E4205,0.17786958478497536
5kmN2875E4210,0.14045492596336479
5kmN2875E4215,0.12031017644156748
5kmN2875E4220,0.12131718296763731
5kmN2875E4225,0.11716712889785783
5kmN2875E4230,0.1251471449219436
5kmN2875E4235,0.14799070020067986
5kmN2875E4240,0.22312055890978763
5kmN2875E4245,0.2553240832697409
5kmN2875E4250,0.2555492733581649
5kmN2875E4255,0.2346471574021358
5kmN2875E4260,0.2317259744474069
5kmN2875E4265,0.23122281810167722
5kmN2875E4270,0.24159479834226694
5kmN2875E4275,0.2211951272755884
5kmN2875E4280,0.20775128851081595
5kmN2875E4285,0.2168154589528125
5kmN2875E4290,0.16424894496393933
5kmN2875E4295,0.07437044987405686
5kmN2875E4300,0.04880322216840341
5kmN2875E4305,0.06314607865722618
5kmN2875E4310,0.06067263315253765
5kmN2875E4315,0.06870351221061471
5kmN2875E4320,0.17885965617938632
5kmN2875E4325,0.18111149166785867
5kmN2875E4330,0.1768344667733207
5kmN2875E4335,0.18432227312897617
5kmN2875E4340,0.17813547042107086
5kmN2875E4345,0.14744594756029278
5kmN2875E4350,0.15297293007248677
5kmN2875E4355,0.1751741123279727
5kmN2875E4360,0.20716775064567658
5kmN2875E4365,0.1998047061059121
5kmN2875E4370,0.275791483916497
5kmN2875E4375,0.2777028259322887
5kmN2875E4380,0.2718963772856672
5kmN2875E4385,0.2622705760556826
5kmN2875E4390,0.24994607863333101
5kmN2875E4395,0.2675282799718674
5kmN2875E4400,0.26486000296706547
5kmN2875E4405,0.07654112341268585
5kmN2875E4410,0.01934758784696053
5kmN2875E4415,0.023043242614363635
5kmN2875E4420,0.005739375825338247
5kmN2875E4425,0.008496291507866738
5kmN2875E4430,0.03184434769746573
5kmN2875E4435,0.10282241088253036
5kmN2875E4440,0.06956458637291577
5kmN2875E4455,0.08034384321700852
5kmN2875E4505,-0.02097992827960843
5kmN2875E4510,-0.030215445240741684
5kmN2875E4515,-0.03406188798928858
5kmN2875E4520,-0.017890670159731975
5kmN2875E4525,0.0009380667230110551
5kmN2875E4530,0.09510115504620104
5kmN2875E4535,0.13710591409867923
5kmN2875E4540,0.1425075523752234
5kmN2875E4545,0.13042637876371144
5kmN2875E4550,0.12740608327070052
5kmN2875E4555,0.1532185580300458
5kmN2875E4560,0.1421889034416522
5kmN2875E4565,0.10700212173209211
5kmN2875E4580,0.09861707557681643
5kmN2875E4585,0.09887856511233234
5kmN2880E4155,0.0417077697195406
5kmN2880E4165,0.027746436700587518
5kmN2880E4170,-0.019167892297189404
5kmN2880E4175,-0.010659268951554723
5kmN2880E4180,0.10360604485683439
5kmN2880E4185,0.12154556368785294
5kmN2880E4190,0.085532963020543
5kmN2880E4195,0.10312228812453146
5kmN2880E4200,0.18342050853588548
5kmN2880E4205,0.16752978755006384
5kmN2880E4210,0.13612550152292488
5kmN2880E4215,0.12426991024896349
5kmN2880E4220,0.12001845822629438
5kmN2880E4225,0.11630983870938912
5kmN2880E4230,0.1261671577765232
5kmN2880E4235,0.15435452526456714
5kmN2880E4240,0.1662286534186898
5kmN2880E4245,0.1409434191688948
5kmN2880E4250,0.15374964501980456
5kmN2880E4255,0.19015343591607717
5kmN2880E4260,0.12714868110266447
5kmN2880E4265,0.11948839836053911
5kmN2880E4270,0.15987795447760103
5kmN2880E4275,0.20339146942922698
5kmN2880E4280,0.21712021770664053
5kmN2880E4285,0.16684487563613037
5kmN2880E4290,0.10841716860396945
5kmN2880E4295,0.05167745138756141
5kmN2880E4300,0.03744845459867088
5kmN2880E4305,0.05044210845606725
5kmN2880E4310,0.04154662176412394
5kmN2880E4315,0.06525400027116082
5kmN2880E4320,0.09211493352671185
5kmN2880E4325,0.08635769826977324
5kmN2880E4330,0.11370286154800864
5kmN2880E4335,0.09974378086046728
5kmN2880E4340,0.12079723079010954
5kmN2880E4345,0.11362879861908337
5kmN2880E4350,0.12612259886445057
5kmN2880E4355,0.12714081956508158
5kmN2880E4360,0.13088379295676347
5kmN2880E4365,0.11387948558262473
5kmN2880E4370,0.2423129068911331
5kmN2880E4375,0.2654204124266529
5kmN2880E4380,0.26786803244034474
5kmN2880E4385,0.2611223217937587
5kmN2880E4390,0.24852401685031716
5kmN2880E4395,0.2668874355580119
5kmN2880E4400,0.26017992829255954
5kmN2880E4405,0.15703954365065234
5kmN2880E4410,0.029755254654817487
5kmN2880E4415,0.031376942267386854
5kmN2880E4420,0.024529812929332734
5kmN2880E4425,0.009634001132802009
5kmN2880E4430,0.051925332667527246
5kmN2880E4435,0.10680507756350083
5kmN2880E4500,0.03398371559280838
5kmN2880E4505,0.0016172697829138494
5kmN2880E4510,-0.01690368357086164
5kmN2880E4515,-0.019044718309359943
5kmN2880E4520,-0.0014748184814404874
5kmN2880E4525,0.05300645863824888
5kmN2880E4530,0.14225571592194347
5kmN2880E4535,0.1282235193602828
5kmN2880E4540,0.13196362220525304
5kmN2880E4545,0.1449635718702963
5kmN2880E4550,0.14798633894061314
5kmN2880E4555,0.13889506423825498
5kmN2880E4560,0.16514330106873182
5kmN2885E4145,0.02852940654548569
5kmN2885E4150,0.020605962538594036
5kmN2885E4155,0.031595120265611065
5kmN2885E4160,0.032347976109044885
5kmN2885E4165,0.029696201986089243
5kmN2885E4170,-0.01396250198045157
5kmN2885E4175,-0.027213488390473384
5kmN2885E4180,0.045613827117543
5kmN2885E4185,0.07892262288640542
5kmN2885E4190,0.09545435607639233
5kmN2885E4195,0.06926706384989284
5kmN2885E4200,0.08299925893906204
5kmN2885E4205,0.11142795615664412
5kmN2885E4210,0.1078394637724549
5kmN2885E4215,0.12823227347428018
5kmN2885E4220,0.12801736076234654
5kmN2885E4225,0.12576146580239006
5kmN2885E4230,0.12806822262084722
5kmN2885E4235,0.13603251291479768
5kmN2885E4240,0.14326648925708063
5kmN2885E4245,0.13403384714069017
5kmN2885E4250,0.1303004980525052
5kmN2885E4255,0.1429396354532891
5kmN2885E4260,0.1777245738677957
5kmN2885E4265,0.16338147713513262
5kmN2885E4270,0.13852675426496452
5kmN2885E4275,0.14926413087616835
5kmN2885E4280,0.16879625220544037
5kmN2885E4285,0.09385302587869804
5kmN2885E4290,0.08133312008377444
5kmN2885E4295,0.03305229069558305
5kmN2885E4300,0.014643554263734176
5kmN2885E4305,0.024896581701356058
5kmN2885E4310,0.0374064423503534
5kmN2885E4315,0.05360981945634341
5kmN2885E4320,0.057873642068511005
5kmN2885E4325,0.04675054851834817
5kmN2885E4330,0.05802319265430117
5kmN2885E4335,0.08926735165656843
5kmN2885E4340,0.12399221646523456
5kmN2885E4345,0.1276012243221735
5kmN2885E4350,0.13205041580508578
5kmN2885E4355,0.13101832368872346
5kmN2885E4360,0.12660013029154726
5kmN2885E4365,0.15118487903942124
5kmN2885E4370,0.2594381057534087
5kmN2885E4375,0.25071300415124786
5kmN2885E4380,0.2589307267524291
5kmN2885E4385,0.2604594295265805
5kmN2885E4390,0.2480413720703834
5kmN2885E4395,0.25197187055126247
5kmN2885E4400,0.13733709024442375
5kmN2885E4405,0.05636816622221735
5kmN2885E4410,0.04326408962495401
5kmN2885E4415,0.033947557391899336
5kmN2885E4420,0.07896748789221761
5kmN2885E4425,0.09661043200580269
5kmN2885E4430,0.10035547979239254
5kmN2885E4435,0.11353810359649413
5kmN2885E4440,0.10583218523054405
5kmN2885E4500,0.06709609146071771
5kmN2885E4505,0.016604190542859304
5kmN2885E4510,-0.01785919192663854
5kmN2885E4515,-0.015797314805724244
5kmN2885E4520,-0.001037111603027413
5kmN2885E4525,0.12279563179640057
5kmN2885E4530,0.11859543534429157
5kmN2885E4535,0.1374602757209577
5kmN2885E4540,0.1410235427260253
5kmN2885E4545,0.13793840020802034
5kmN2885E4550,0.1505439546856539
5kmN2885E4555,0.15058775435246008
5kmN2885E4560,0.16396933705349392
5kmN2890E4110,0.132751229331719
5kmN2890E4120,0.12486095315137774
5kmN2890E4135,0.023355507230454375
5kmN2890E4140,0.02151129657725387
5kmN2890E4145,0.018385142296022172
5kmN2890E4155,0.022012673654005666
5kmN2890E4160,0.015846426028357508
5kmN2890E4165,0.003216499620449176
5kmN2890E4170,0.004163795610439891
5kmN2890E4175,-0.02714908282952222
5kmN2890E4180,-0.018592242161405703
5kmN2890E4185,0.012156849047285867
5kmN2890E4190,0.017827124766875313
5kmN2890E4195,0.07298848590822857
5kmN2890E4200,0.07437462888716609
5kmN2890E4205,0.10780406529571389
5kmN2890E4210,0.10229863353443958
5kmN2890E4215,0.11166843543604248
5kmN2890E4220,0.12749179178873235
5kmN2890E4225,0.12879297150546998
5kmN2890E4230,0.1360614991125822
5kmN2890E4235,0.12941503729641388
5kmN2890E4240,0.12529468663820706
5kmN2890E4245,0.13343409490849584
5kmN2890E4250,0.12806931283042428
5kmN2890E4255,0.17364125962832574
5kmN2890E4260,0.3103172134471485
5kmN2890E4265,0.21113603139216844
5kmN2890E4270,0.11227770391625691
5kmN2890E4275,0.1504730403078193
5kmN2890E4280,0.19499899852524222
5kmN2890E4285,0.19368693237590268
5kmN2890E4290,0.16349379774154893
5kmN2890E4295,0.09361389732926775
5kmN2890E4300,0.025041981674606723
5kmN2890E4305,0.030870762227174525
5kmN2890E4310,0.032518902528335225
5kmN2890E4315,0.04348131303073238
5kmN2890E4320,0.03913004796723579
5kmN2890E4325,0.044332656713464424
5kmN2890E4330,0.06685811587718868
5kmN2890E4335,0.08640381104192885
5kmN2890E4340,0.12857831433052314
5kmN2890E4345,0.12924913799844404
5kmN2890E4350,0.12803780002993445
5kmN2890E4355,0.129787451215687
5kmN2890E4360,0.12491717692925797
5kmN2890E4365,0.139164267079173
5kmN2890E4370,0.2239052557104232
5kmN2890E4375,0.24905144754937453
5kmN2890E4380,0.24622947034423343
5kmN2890E4385,0.12719098902021758
5kmN2890E4390,0.16413777555961745
5kmN2890E4395,0.08374341008907271
5kmN2890E4400,0.027521878523484533
5kmN2890E4405,0.022425986615765114
5kmN2890E4410,0.02642946081709019
5kmN2890E4415,0.06543274711820926
5kmN2890E4420,0.1055963625285892
5kmN2890E4425,0.09836327588229202
5kmN2890E4430,0.11302199420454628
5kmN2890E4435,0.11589970136264668
5kmN2890E4440,0.11430380006737009
5kmN2890E4445,0.1055690125378542
5kmN2890E4450,0.03300090055403815
5kmN2890E4495,0.06877874434129888
5kmN2890E4500,0.07111927480721136
5kmN2890E4505,0.06982074071419997
5kmN2890E4510,0.04914061731144981
5kmN2890E4515,0.040758065239981045
5kmN2890E4520,0.04637801515013851
5kmN2890E4525,0.12202712834040153
5kmN2890E4530,0.13216856235315605
5kmN2890E4535,0.14493972566659202
5kmN2890E4540,0.13995650471426663
5kmN2890E4545,0.13209719969576328
5kmN2890E4550,0.13952926579602043
5kmN2890E4555,0.15262297177238626
5kmN2895E4085,-0.0018016461035611497
5kmN2895E4130,0.009405230908152762
5kmN2895E4135,0.003969772433274954
5kmN2895E4140,0.012471720126817298
5kmN2895E4145,0.028608944653829238
5kmN2895E4150,0.010985102172549221
5kmN2895E4155,-0.000991634246143791
5kmN2895E4160,0.0251205515657143
5kmN2895E4165,0.016239826871160268
5kmN2895E4170,0.0018979952600249872
5kmN2895E4175,-0.023131899489515773
5kmN2895E4180,-0.09760088253088162
5kmN2895E4185,-0.06590531912368991
5kmN2895E4190,0.0323724238846857
5kmN2895E4195,0.07856346187711863
5kmN2895E4200,0.0726463055115178
5kmN2895E4205,0.09812014694363941
5kmN2895E4210,0.10956774428922361
5kmN2895E4215,0.11233600700487491
5kmN2895E4220,0.11427549684086338
5kmN2895E4225,0.13783677324350457
5kmN2895E4230,0.140363272189526
5kmN2895E4235,0.11744149883345006
5kmN2895E4240,0.12156175469713135
5kmN2895E4245,0.1321209080229262
5kmN2895E4250,0.16725466739049222
5kmN2895E4255,0.2716922480986569
5kmN2895E4260,0.18775863320203554
5kmN2895E4265,0.1117164403272394
5kmN2895E4270,0.1129389513628095
5kmN2895E4275,0.14276181797550996
5kmN2895E4280,0.16776709442837018
5kmN2895E4285,0.18129816201096158
5kmN2895E4290,0.18134603546042605
5kmN2895E4295,0.1481936441145693
5kmN2895E4300,0.055826325295660756
5kmN2895E4305,0.03616851519724121
5kmN2895E4310,0.03413247386101273
5kmN2895E4315,0.03504053712440758
5kmN2895E4320,0.04673387242091853
5kmN2895E4325,0.04497021661676598
5kmN2895E4330,0.09980074353935145
5kmN2895E4335,0.1293089574327803
5kmN2895E4340,0.13106109564744653
5kmN2895E4345,0.13143125861301672
5kmN2895E4350,0.13641051368740312
5kmN2895E4355,0.13447961973949082
5kmN2895E4360,0.13563217097630098
5kmN2895E4365,0.11591295439624916
5kmN2895E4370,0.14815447252576508
5kmN2895E4375,0.22908700155952372
5kmN2895E4380,0.16862500922447995
5kmN2895E4385,0.03814112170880257
5kmN2895E4390,0.017575792081268304
5kmN2895E4395,0.01575937014185136
5kmN2895E4400,0.022090652042177833
5kmN2895E4405,0.01007557174289242
5kmN2895E4410,0.022317788454418452
5kmN2895E4415,0.0771255877667196
5kmN2895E4420,0.09668433192166154
5kmN2895E4425,0.1002106186580993
5kmN2895E4430,0.11668562335546656
5kmN2895E4435,0.10693656374733096
5kmN2895E4440,0.11405399926912219
5kmN2895E4445,0.10445593154018101
5kmN2895E4450,0.10293574204768183
5kmN2895E4470,-0.014145814658280298
5kmN2895E4490,0.05122108530557068
5kmN2895E4495,0.06192221241557416
5kmN2895E4500,0.05981677129220758
5kmN2895E4505,0.0613632901627329
5kmN2895E4510,0.05085961163049302
5kmN2895E4515,0.05764775925914062
5kmN2895E4520,0.062267785092460504
5kmN2895E4525,0.06079671477647497
5kmN2895E4530,0.08114327541448485
5kmN2895E4535,0.11237951429833193
5kmN2895E4540,0.10424106196308863
5kmN2895E4545,0.07891854277355215
5kmN2895E4550,0.13121761571025103
5kmN2900E4125,0.03680915677866936
5kmN2900E4130,0.007364550318690433
5kmN2900E4135,-0.008538817809344068
5kmN2900E4140,0.030763193132145705
5kmN2900E4145,0.026508654658293662
5kmN2900E4150,0.0033335627669883183
5kmN2900E4155,0.011305667548423992
5kmN2900E4160,0.034489901274571355
5kmN2900E4165,0.018521177820054968
5kmN2900E4170,-0.012408880317758997
5kmN2900E4175,-0.012687334253541904
5kmN2900E4180,-0.09256590930872974
5kmN2900E4185,-0.04842706197215746
5kmN2900E4190,0.045851877647847566
5kmN2900E4195,0.10128951124222357
5kmN2900E4200,0.06469763855541663
5kmN2900E4205,0.0946256082307286
5kmN2900E4210,0.11391159176499051
5kmN2900E4215,0.12305463930300164
5kmN2900E4220,0.10325748612058798
5kmN2900E4225,0.11067177092323804
5kmN2900E4230,0.10455701335764057
5kmN2900E4235,0.10397645797388974
5kmN2900E4240,0.10543838603291707
5kmN2900E4245,0.1295162952896035
5kmN2900E4250,0.12828623918573373
5kmN2900E4255,0.12552874536154154
5kmN2900E4260,0.12362360249169925
5kmN2900E4265,0.11486641549240656
5kmN2900E4270,0.10417355217382569
5kmN2900E4275,0.11563276344747717
5kmN2900E4280,0.17285881213908558
5kmN2900E4285,0.18268470730441805
5kmN2900E4290,0.16862616539764053
5kmN2900E4295,0.1588531732059309
5kmN2900E4300,0.13744098954813483
5kmN2900E4305,0.049296083533642315
5kmN2900E4310,0.05090478065391246
5kmN2900E4315,0.04631430257749855
5kmN2900E4320,0.04072339778186143
5kmN2900E4325,0.04846250357061946
5kmN2900E4330,0.12610710488860905
5kmN2900E4335,0.1324703646393646
5kmN2900E4340,0.1381472355195969
5kmN2900E4345,0.13963648861295516
5kmN2900E4350,0.13732377031270504
5kmN2900E4355,0.124875043206025
5kmN2900E4360,0.1577527470129507
5kmN2900E4365,0.16813759938130654
5kmN2900E4370,0.10395528775957258
5kmN2900E4375,0.10382804162378256
5kmN2900E4380,0.08599416404560539
5kmN2900E4385,0.03374475771036228
5kmN2900E4390,0.021067352952398893
5kmN2900E4395,0.007071646002745291
5kmN2900E4400,-0.009309464840189852
5kmN2900E4405,0.008218169909154083
5kmN2900E4410,0.022221705094443434
5kmN2900E4415,0.08745974215470334
5kmN2900E4420,0.10133358410040308
5kmN2900E4425,0.09310639198133064
5kmN2900E4430,0.10848544411341893
5kmN2900E4435,0.10683144488275312
5kmN2900E4440,0.10771736971905876
5kmN2900E4445,0.11831929105306116
5kmN2900E4450,0.1176377063149325
5kmN2900E4455,0.12363648816568398
5kmN2900E4460,0.07066004037342893
5kmN2900E4465,-0.01860861045309048
5kmN2900E4470,-0.02306328696001586
5kmN2900E4480,0.003695170872535014
5kmN2900E4485,-0.010021166973185947
5kmN2900E4490,0.03692245666004873
5kmN2900E4495,0.06280364741592098
5kmN2900E4500,0.04443799023333361
5kmN2900E4505,0.04850616808596564
5kmN2900E4510,0.03541327247368686
5kmN2900E4515,0.037132143584168886
5kmN2900E4520,0.057987387325614426
5kmN2900E4525,0.06679163140336142
5kmN2900E4530,0.07479627684055745
5kmN2900E4535,0.08229600600626269
5kmN2900E4540,0.08418815452759237
5kmN2900E4545,0.0937506114960715
5kmN2905E4075,0.05427225750667797
5kmN2905E4080,0.02175998795841616
5kmN2905E4130,0.027647721547284287
5kmN2905E4135,-0.001531584827469179
5kmN2905E4140,-0.009121975102273083
5kmN2905E4145,-0.00846561363753029
5kmN2905E4150,0.01024804572246113
5kmN2905E4155,0.023998374048333437
5kmN2905E4160,0.03647803157589691
5kmN2905E4165,0.005664515602194609
5kmN2905E4170,-0.003400384776705012
5kmN2905E4175,0.028349560712350286
5kmN2905E4180,-0.0016911658276611008
5kmN2905E4185,-0.013395127961025155
5kmN2905E4190,0.018584487264636518
5kmN2905E4195,0.0753619180791612
5kmN2905E4200,0.046220481318637346
5kmN2905E4205,0.05361137599368421
5kmN2905E4210,0.09306045086971135
5kmN2905E4215,0.08670568936903765
5kmN2905E4220,0.0822924793768417
5kmN2905E4225,0.09792254681984262
5kmN2905E4230,0.10724305856299977
5kmN2905E4235,0.10411005003715994
5kmN2905E4240,0.11465489270265673
5kmN2905E4245,0.12994332780028056
5kmN2905E4250,0.13191334353008732
5kmN2905E4255,0.12942789448687358
5kmN2905E4260,0.13364646077739348
5kmN2905E4265,0.12939915618000739
5kmN2905E4270,0.12020311222349368
5kmN2905E4275,0.1261692966699212
5kmN2905E4280,0.1717416759861446
5kmN2905E4285,0.18110103523221133
5kmN2905E4290,0.17608594517860798
5kmN2905E4295,0.1674031984433908
5kmN2905E4300,0.17865388956967715
5kmN2905E4305,0.15820042294704345
5kmN2905E4310,0.060578745442935206
5kmN2905E4315,0.05082912804471665
5kmN2905E4320,0.05239901349686413
5kmN2905E4325,0.05462538878906034
5kmN2905E4330,0.11143482077546424
5kmN2905E4335,0.13693477493330533
5kmN2905E4340,0.14890777935364272
5kmN2905E4345,0.14267037393836762
5kmN2905E4350,0.1402578549719382
5kmN2905E4355,0.303372435226114
5kmN2905E4360,0.3471878297133122
5kmN2905E4365,0.18764789659024103
5kmN2905E4370,0.102623949014014
5kmN2905E4375,0.10016989064075488
5kmN2905E4380,0.09712599607652211
5kmN2905E4385,0.04017320644269745
5kmN2905E4390,0.014277021323940375
5kmN2905E4395,0.0042453714577854185
5kmN2905E4400,-0.0006252596401906674
5kmN2905E4405,0.0171176497118406
5kmN2905E4410,0.05792862752059699
5kmN2905E4415,0.09714148078069965
5kmN2905E4420,0.10009757256182622
5kmN2905E4425,0.08743482376726835
5kmN2905E4430,0.11158558614641595
5kmN2905E4435,0.10370974065635971
5kmN2905E4440,0.11073961293694021
5kmN2905E4450,0.1258176632124206
5kmN2905E4455,0.13915956365015766
5kmN2905E4460,0.12882886145241512
5kmN2905E4465,-0.00985155661658621
5kmN2905E4470,-0.006696768103177764
5kmN2905E4475,-0.02827716668320418
5kmN2905E4480,-9.066629915405189e-05
5kmN2905E4485,-0.003674961603606919
5kmN2905E4490,0.005290801661707478
5kmN2905E4495,0.04424628342470477
5kmN2905E4500,0.0592908463123511
5kmN2905E4505,0.05754921179730965
5kmN2905E4510,0.05235625994328941
5kmN2905E4515,0.05344864214776962
5kmN2905E4520,0.0565881519034791
5kmN2905E4525,0.0676577155321918
5kmN2905E4530,0.08379182104422583
5kmN2905E4535,0.07666101425110655
5kmN2905E4540,0.08686719631611012
5kmN2905E4545,0.0873953112803681
5kmN2910E4075,0.05221877219774784
5kmN2910E4080,0.021521713491454708
5kmN2910E4135,0.023255064677832227
5kmN2910E4140,0.01570515164720898
5kmN2910E4145,0.007624579340830051
5kmN2910E4150,0.007949260771460132
5kmN2910E4155,0.01864145794690719
5kmN2910E4165,-0.0106110010410011
5kmN2910E4170,0.007757648038085152
5kmN2910E4175,0.04724721697876544
5kmN2910E4180,0.07464896427955187
5kmN2910E4185,0.05873248214952037
5kmN2910E4190,0.09789679185346001
5kmN2910E4195,0.07665961041741848
5kmN2910E4200,0.0414825053938018
5kmN2910E4205,0.15964336802054815
5kmN2910E4210,0.07628906518026951
5kmN2910E4215,0.07564247418437726
5kmN2910E4220,0.09684256078521565
5kmN2910E4225,0.11847438849996682
5kmN2910E4230,0.12119639957130438
5kmN2910E4235,0.11860304228825934
5kmN2910E4240,0.12136103488896328
5kmN2910E4245,0.12402581234936808
5kmN2910E4250,0.12927079149301118
5kmN2910E4255,0.11545699965786971
5kmN2910E4260,0.13650243237949922
5kmN2910E4265,0.12825327043809592
5kmN2910E4270,0.1280640531812088
5kmN2910E4275,0.127516486777592
5kmN2910E4280,0.13762755225554746
5kmN2910E4285,0.1773999867075594
5kmN2910E4290,0.17556569495046923
5kmN2910E4295,0.17858541529646715
5kmN2910E4300,0.17667491599772084
5kmN2910E4305,0.18945566401635355
5kmN2910E4310,0.06347313660563686
5kmN2910E4315,0.05310257302595886
5kmN2910E4320,0.06166454790818096
5kmN2910E4325,0.06438825246773827
5kmN2910E4330,0.12545681006157614
5kmN2910E4335,0.14539173984042533
5kmN2910E4340,0.15787119671677943
5kmN2910E4345,0.1563175330090196
5kmN2910E4350,0.1429713212146029
5kmN2910E4355,0.23833181539786671
5kmN2910E4360,0.31226184804638435
5kmN2910E4365,0.19516464790139293
5kmN2910E4370,0.10456468151549453
5kmN2910E4375,0.08634900881172247
5kmN2910E4380,0.08119822033753832
5kmN2910E4385,0.012869497112156292
5kmN2910E4390,0.04657130039821872
5kmN2910E4395,0.10515722184435475
5kmN2910E4400,-0.011112913385556922
5kmN2910E4405,0.014702670958560815
5kmN2910E4410,0.10760986274016338
5kmN2910E4415,0.16271804765755066
5kmN2910E4420,0.11720754628345076
5kmN2910E4425,0.09606782792320148
5kmN2910E4430,0.0981211080286479
5kmN2910E4435,0.10436157450300679
5kmN2910E4440,0.12303329994068055
5kmN2910E4445,0.13684392639583726
5kmN2910E4450,0.1681112333163551
5kmN2910E4455,0.17623188116110705
5kmN2910E4460,0.15827616036442316
5kmN2910E4465,0.0043816052197693245
5kmN2910E4470,-0.03089897467106323
5kmN2910E4475,-0.03197925229721438
5kmN2910E4480,0.0017354881449475057
5kmN2910E4485,0.01128870624998557
5kmN2910E4490,0.008236321882612474
5kmN2910E4495,0.0039158299198438495
5kmN2910E4500,0.03913521855982871
5kmN2910E4505,0.06400269819518095
5kmN2910E4510,0.06435588873667603
5kmN2910E4515,0.0750950569304571
5kmN2910E4520,0.06431038355185925
5kmN2910E4525,0.05383815303128331
5kmN2910E4530,0.059208218962377046
5kmN2910E4535,0.06381746208791239
5kmN2910E4540,0.08524825357458526
5kmN2915E4070,0.06612025978588587
5kmN2915E4075,0.051524232307788964
5kmN2915E4080,0.020117038069018767
5kmN2915E4085,-0.001404428782371181
5kmN2915E4135,0.017213254643416276
5kmN2915E4140,0.00901523638924906
5kmN2915E4145,0.011030958779503885
5kmN2915E4150,-0.022611901738547324
5kmN2915E4155,-0.016681049790732094
5kmN2915E4160,0.006623455570531567
5kmN2915E4165,0.08453400067425348
5kmN2915E4170,0.08516501786469816
5kmN2915E4175,0.12078337630029684
5kmN2915E4180,0.16170456407314399
5kmN2915E4185,0.14395487005191604
5kmN2915E4190,0.08036298704430989
5kmN2915E4195,0.05655627121545015
5kmN2915E4200,0.07508930086525734
5kmN2915E4205,0.1207831509360095
5kmN2915E4210,0.05021449426864705
5kmN2915E4215,0.09469275748099885
5kmN2915E4220,0.11100999584942767
5kmN2915E4225,0.14853415291508892
5kmN2915E4230,0.14135252103037999
5kmN2915E4235,0.14442800061243918
5kmN2915E4240,0.14736522053584955
5kmN2915E4245,0.12599075537348858
5kmN2915E4250,0.11901928260321509
5kmN2915E4255,0.11341247544914101
5kmN2915E4260,0.11286774133887795
5kmN2915E4265,0.11463191008461504
5kmN2915E4270,0.1238101901404272
5kmN2915E4275,0.11235828828293198
5kmN2915E4280,0.1601502090691291
5kmN2915E4285,0.15492306950692572
5kmN2915E4290,0.1759935527940975
5kmN2915E4295,0.17937427913500376
5kmN2915E4300,0.18062302333576055
5kmN2915E4305,0.183068696372848
5kmN2915E4310,0.12584284338372942
5kmN2915E4315,0.14165729560647927
5kmN2915E4320,0.11474714108505382
5kmN2915E4325,0.07477866160293895
5kmN2915E4330,0.12984788541663075
5kmN2915E4335,0.13950193288514784
5kmN2915E4340,0.15969986729149827
5kmN2915E4345,0.15488832926607402
5kmN2915E4350,0.14778042589021342
5kmN2915E4355,0.1377614305079253
5kmN2915E4360,0.13224925436596477
5kmN2915E4365,0.12446048579619001
5kmN2915E4370,0.11356994305211587
5kmN2915E4375,0.10274037294057287
5kmN2915E4380,0.11184963175337631
5kmN2915E4385,0.08742049221715714
5kmN2915E4390,0.10346809540147925
5kmN2915E4395,0.20055315868919352
5kmN2915E4400,0.033834576548114365
5kmN2915E4405,0.024544568125273003
5kmN2915E4410,0.16992645446829951
5kmN2915E4415,0.19340715063566769
5kmN2915E4420,0.1478484012863108
5kmN2915E4425,0.1019635141934864
5kmN2915E4430,0.10109432363543386
5kmN2915E4435,0.10309352631559218
5kmN2915E4440,0.16290432581342812
5kmN2915E4445,0.1690563936307452
5kmN2915E4450,0.17152610827000375
5kmN2915E4455,0.17744454276422933
5kmN2915E4460,0.177035725195355
5kmN2915E4465,0.11195016178559747
5kmN2915E4470,-0.010439238883561686
5kmN2915E4475,-0.018035423268483675
5kmN2915E4480,-0.02045719459348233
5kmN2915E4485,0.00456492966225952
5kmN2915E4490,-0.008204406492294591
5kmN2915E4495,-0.011173721765467048
5kmN2915E4500,0.04344582181088391
5kmN2915E4505,0.05851005497820394
5kmN2915E4510,0.05936340036745136
5kmN2915E4515,0.08016078259556836
5kmN2915E4520,0.09573032241124102
5kmN2915E4525,0.07358709977252242
5kmN2915E4530,0.06398061134985783
5kmN2915E4535,0.056251359459211836
5kmN2920E4070,0.07750744884546973
5kmN2920E4075,0.06265983466560027
5kmN2920E4080,0.03768620741118983
5kmN2920E4085,0.019712786298523632
5kmN2920E4090,0.026279464020503684
5kmN2920E4105,-0.033542797113349176
5kmN2920E4115,-0.017842466950978297
5kmN2920E4130,0.005126297535941515
5kmN2920E4135,-0.027240351597767998
5kmN2920E4140,-0.032513182630510506
5kmN2920E4145,-0.03124532387524992
5kmN2920E4150,-0.009739605095182735
5kmN2920E4155,0.003763502866210744
5kmN2920E4160,0.019380046947971408
5kmN2920E4165,0.006373240343666042
5kmN2920E4170,0.06831282382976483
5kmN2920E4175,0.11019232470021226
5kmN2920E4180,0.13262255342865284
5kmN2920E4185,0.12335570335332463
5kmN2920E4190,0.06627941916345864
5kmN2920E4195,0.01955589694445664
5kmN2920E4200,0.040491801606845845
5kmN2920E4205,0.030251877642334224
5kmN2920E4220,0.13153123143393183
5kmN2920E4225,0.17092403794106636
5kmN2920E4230,0.16420187262363098
5kmN2920E4235,0.20374568784622224
5kmN2920E4240,0.15054040363380244
5kmN2920E4245,0.14410667781584968
5kmN2920E4250,0.13469938566746784
5kmN2920E4255,0.13481477289135543
5kmN2920E4260,0.13084057904035884
5kmN2920E4265,0.11611349635423573
5kmN2920E4270,0.11189579288627155
5kmN2920E4275,0.09467621150081901
5kmN2920E4280,0.11104597877976169
5kmN2920E4285,0.10477189864470349
5kmN2920E4290,0.1633648504375387
5kmN2920E4295,0.17444647036121022
5kmN2920E4300,0.17183585275298283
5kmN2920E4305,0.1744679776222288
5kmN2920E4310,0.17974661778787288
5kmN2920E4315,0.18494594521634242
5kmN2920E4320,0.1904085667433926
5kmN2920E4325,0.19245339906352377
5kmN2920E4330,0.15656720794361695
5kmN2920E4335,0.14649027519371416
5kmN2920E4340,0.16676738507873132
5kmN2920E4345,0.1636507629841276
5kmN2920E4350,0.15730300371956518
5kmN2920E4355,0.14788252372128388
5kmN2920E4360,0.13489456766062433
5kmN2920E4365,0.12399481399048212
5kmN2920E4370,0.10714405651340014
5kmN2920E4375,0.1623124353490208
5kmN2920E4380,0.15167019142650287
5kmN2920E4385,0.12926105529532167
5kmN2920E4390,0.1330570713342742
5kmN2920E4395,0.2054234443742967
5kmN2920E4400,0.19060461470285334
5kmN2920E4405,0.14744130310972234
5kmN2920E4410,0.17121778277231264
5kmN2920E4415,0.17281553864733104
5kmN2920E4420,0.19963215532654666
5kmN2920E4425,0.1257568358322963
5kmN2920E4430,0.13436199453993333
5kmN2920E4435,0.15234589601091011
5kmN2920E4440,0.17138423022855476
5kmN2920E4445,0.16817356169593117
5kmN2920E4450,0.1628229527632563
5kmN2920E4455,0.15739603659006424
5kmN2920E4460,0.16081072543005032
5kmN2920E4465,0.08766290322094505
5kmN2920E4470,-0.009622558737801545
5kmN2920E4475,-0.024730006247604353
5kmN2920E4480,-0.003485702450420125
5kmN2920E4485,0.0005158378881195969
5kmN2920E4490,-0.0002275968864402511
5kmN2920E4495,0.0023682974500024434
5kmN2920E4500,0.02894395270179323
5kmN2920E4505,0.05688728517010516
5kmN2920E4510,0.062473100289027694
5kmN2920E4515,0.0727752581294897
5kmN2920E4520,0.09793325992978602
5kmN2925E4070,0.08563345382658322
5kmN2925E4075,0.064160891517056
5kmN2925E4080,0.06274463162120714
5kmN2925E4085,0.05135280062272313
5kmN2925E4090,0.035612877751061534
5kmN2925E4095,0.019512611211228825
5kmN2925E4100,0.011157574937759485
5kmN2925E4105,0.09231433823375362
5kmN2925E4110,0.08208275209653132
5kmN2925E4115,0.05797589614335241
5kmN2925E4120,0.048433771430844985
5kmN2925E4125,0.04954626729308925
5kmN2925E4130,0.03188990473756559
5kmN2925E4135,-0.010945377976436965
5kmN2925E4140,-0.042228585148325115
5kmN2925E4145,-0.05186718362075998
5kmN2925E4150,-0.008399518562861308
5kmN2925E4155,0.01078254697872505
5kmN2925E4160,0.016643851202148563
5kmN2925E4165,-0.022686572625271628
5kmN2925E4170,0.03144996989853033
5kmN2925E4175,0.11400407311672764
5kmN2925E4180,0.12468514655582891
5kmN2925E4185,0.09419889421272482
5kmN2925E4190,0.06894923476417542
5kmN2925E4195,0.04377911742381427
5kmN2925E4200,0.09174943088974227
5kmN2925E4220,0.1150292943581613
5kmN2925E4225,0.17424724477253686
5kmN2925E4230,0.16999317884839815
5kmN2925E4235,0.23393019266108644
5kmN2925E4240,0.2098198916737316
5kmN2925E4245,0.125924026497294
5kmN2925E4250,0.14496603336223202
5kmN2925E4255,0.15295292255380089
5kmN2925E4260,0.13506143193989031
5kmN2925E4265,0.12706361367125657
5kmN2925E4270,0.10588338759142707
5kmN2925E4275,0.10774843231158687
5kmN2925E4280,0.10310753212524654
5kmN2925E4285,0.15570061165475227
5kmN2925E4290,0.16560486565508042
5kmN2925E4295,0.17027387770058866
5kmN2925E4300,0.16711922507342475
5kmN2925E4305,0.16590158307858574
5kmN2925E4310,0.16889837655502923
5kmN2925E4315,0.17641680136071586
5kmN2925E4320,0.17914096919186204
5kmN2925E4325,0.1731275690037991
5kmN2925E4330,0.13443626533756362
5kmN2925E4335,0.13931980403425057
5kmN2925E4340,0.15038179638706264
5kmN2925E4345,0.1518907687631366
5kmN2925E4350,0.15227291622654548
5kmN2925E4355,0.1499903417971045
5kmN2925E4360,0.1413920499681685
5kmN2925E4365,0.13233175935243457
5kmN2925E4370,0.16027918302416433
5kmN2925E4375,0.16099330842508155
5kmN2925E4380,0.1376427601434438
5kmN2925E4385,0.13903955087104794
5kmN2925E4390,0.17390294789035735
5kmN2925E4395,0.23360534728155297
5kmN2925E4400,0.22150874430588807
5kmN2925E4405,0.14547923413757316
5kmN2925E4410,0.15064770103342184
5kmN2925E4415,0.1939610052694165
5kmN2925E4420,0.2094122989886246
5kmN2925E4425,0.20842729591341577
5kmN2925E4430,0.20558736142692505
5kmN2925E4435,0.1659158587622782
5kmN2925E4440,0.16999768287235456
5kmN2925E4445,0.1631503294334971
5kmN2925E4450,0.07975451229825728
5kmN2925E4455,0.0913081005072936
5kmN2925E4460,0.17226420022407796
5kmN2925E4465,0.10182276034679327
5kmN2925E4470,-0.00628289411347599
5kmN2925E4475,-0.018023400794232314
5kmN2925E4480,-0.013461380383177235
5kmN2925E4485,-0.005716574488541903
5kmN2925E4490,-0.0006791295150248566
5kmN2925E4495,-0.0005575347333838243
5kmN2925E4500,0.007071745853509281
5kmN2925E4505,0.06460928195146204
5kmN2925E4510,0.07299900342789112
5kmN2925E4515,0.08896653435591695
5kmN2930E4055,0.09287489761180873
5kmN2930E4065,0.10590727080113321
5kmN2930E4070,0.08843213658666788
5kmN2930E4075,0.057690848071692946
5kmN2930E4080,0.06630822674528686
5kmN2930E4085,0.06121763773904432
5kmN2930E4090,0.04187867466187156
5kmN2930E4095,0.06643577580996018
5kmN2930E4100,0.12583540070393268
5kmN2930E4105,0.16042246136379013
5kmN2930E4110,0.15749328749434294
5kmN2930E4115,0.15256969089785538
5kmN2930E4120,0.14976696836644166
5kmN2930E4125,0.05912561840705255
5kmN2930E4130,0.04656297599458514
5kmN2930E4135,0.014366744014105925
5kmN2930E4140,-0.016463283879429413
5kmN2930E4145,-0.026008279493978326
5kmN2930E4150,-0.01801842264096659
5kmN2930E4155,-0.005610124501532032
5kmN2930E4160,-0.008952879415370818
5kmN2930E4165,-0.033972131251575055
5kmN2930E4170,0.04117686193979686
5kmN2930E4175,0.1053241505128183
5kmN2930E4180,0.11787129509407765
5kmN2930E4185,0.09650722068989304
5kmN2930E4190,0.07464054453964264
5kmN2930E4195,0.07690680060548075
5kmN2930E4200,0.1737395575418846
5kmN2930E4220,0.10854855453128608
5kmN2930E4225,0.15964620205088265
5kmN2930E4230,0.18435335797387686
5kmN2930E4235,0.21752292081423263
5kmN2930E4240,0.21947737901935516
5kmN2930E4245,0.17797198588697874
5kmN2930E4250,0.1587311164197321
5kmN2930E4255,0.1497834040217547
5kmN2930E4260,0.14399895359932022
5kmN2930E4265,0.13191916448539057
5kmN2930E4270,0.1024228428507361
5kmN2930E4275,0.10544693069999089
5kmN2930E4280,0.09994801408602039
5kmN2930E4285,0.1601292451286022
5kmN2930E4290,0.16682811960708413
5kmN2930E4295,0.16229801480438855
5kmN2930E4300,0.15786955523655835
5kmN2930E4305,0.1661566371931437
5kmN2930E4310,0.16822339992473725
5kmN2930E4315,0.04146728849473605
5kmN2930E4320,0.07646630634385831
5kmN2930E4325,0.1522251996464987
5kmN2930E4330,0.12927943418448423
5kmN2930E4335,0.14471339119858542
5kmN2930E4340,0.13694620527089646
5kmN2930E4345,0.15059944356203306
5kmN2930E4350,0.12694346699226156
5kmN2930E4355,0.13595309669850442
5kmN2930E4360,0.1416470039167817
5kmN2930E4365,0.12467919550142947
5kmN2930E4370,0.14371978546491423
5kmN2930E4375,0.15435577290192318
5kmN2930E4380,0.1488137866750576
5kmN2930E4385,0.1508814277926345
5kmN2930E4390,0.16946095198867117
5kmN2930E4395,0.1760812699559337
5kmN2930E4400,0.1880806220333514
5kmN2930E4405,0.18034254101690747
5kmN2930E4410,0.16331793507596828
5kmN2930E4415,0.1938330589450345
5kmN2930E4420,0.1989554559844429
5kmN2930E4425,0.20439087964764
5kmN2930E4430,0.20404099610644208
5kmN2930E4435,0.16543878333649953
5kmN2930E4440,0.16864416748865213
5kmN2930E4445,0.15477163210082473
5kmN2930E4450,0.15835147659677312
5kmN2930E4455,0.14297985978710528
5kmN2930E4460,0.18197498216087968
5kmN2930E4465,0.1525727039097401
5kmN2930E4470,0.038278432612336544
5kmN2930E4475,-0.0157796316376575
5kmN2930E4480,-0.009167049982014175
5kmN2930E4485,-0.0032422139510586145
5kmN2930E4490,-0.0007214584505763622
5kmN2930E4495,0.0004640373503377315
5kmN2930E4500,0.01624661346454398
5kmN2930E4505,0.04365728823520784
5kmN2930E4510,0.07223710830167479
5kmN2935E4055,0.06789842314881578
5kmN2935E4060,0.09372414001190443
5kmN2935E4065,0.1010073604942448
5kmN2935E4070,0.08185145294119567
5kmN2935E4075,0.08903421920022664
5kmN2935E4080,0.08037097046537778
5kmN2935E4085,0.06152439034917245
5kmN2935E4090,0.05983647100057943
5kmN2935E4095,0.08576571334507671
5kmN2935E4100,0.1761376761897584
5kmN2935E4105,0.17586346361542848
5kmN2935E4110,0.16678246465354918
5kmN2935E4115,0.16685103068819113
5kmN2935E4120,0.16316210950658833
5kmN2935E4125,0.06379348227269044
5kmN2935E4130,0.04069893358392973
5kmN2935E4135,0.040312195821071595
5kmN2935E4140,0.03226467161979313
5kmN2935E4145,0.01775984694689564
5kmN2935E4150,-0.0016005328984688982
5kmN2935E4155,0.004876255809965868
5kmN2935E4160,0.03769255018926132
5kmN2935E4165,0.03810903949554023
5kmN2935E4170,0.07120292241683607
5kmN2935E4175,0.09734722872191764
5kmN2935E4180,0.07891244392606483
5kmN2935E4185,0.08109845051139919
5kmN2935E4190,0.06676543518666334
5kmN2935E4195,0.05094518946889709
5kmN2935E4200,0.14337249494634324
5kmN2935E4220,0.11232414429088784
5kmN2935E4225,0.19918654079780412
5kmN2935E4230,0.2661074409764071
5kmN2935E4235,0.2698836220166725
5kmN2935E4240,0.23165253571785127
5kmN2935E4245,0.21091966923217048
5kmN2935E4250,0.20554263204034726
5kmN2935E4255,0.14816768112846576
5kmN2935E4260,0.13639859214727504
5kmN2935E4265,0.13341904650801714
5kmN2935E4270,0.10659700748375217
5kmN2935E4275,0.10558272658948442
5kmN2935E4280,0.09739564512111165
5kmN2935E4285,0.14553352705848563
5kmN2935E4290,0.1660549085201531
5kmN2935E4295,0.15071335200599006
5kmN2935E4300,0.150509190589084
5kmN2935E4305,0.13917474520364828
5kmN2935E4310,0.13859580213406084
5kmN2935E4315,0.041282410928800334
5kmN2935E4320,0.0298373393144655
5kmN2935E4325,0.09929167924346205
5kmN2935E4330,0.11981066906569987
5kmN2935E4335,0.1202280939537057
5kmN2935E4340,0.13719430953633088
5kmN2935E4345,0.1415214422879546
5kmN2935E4350,0.13314147141981958
5kmN2935E4355,0.13328158744133695
5kmN2935E4360,0.13457381070757374
5kmN2935E4365,0.1285157270129913
5kmN2935E4370,0.12171841941305234
5kmN2935E4375,0.1249138518578044
5kmN2935E4380,0.20204171119804576
5kmN2935E4385,0.25780800564567913
5kmN2935E4390,0.3930992921594498
5kmN2935E4395,0.22673968614617365
5kmN2935E4400,0.21639035503315174
5kmN2935E4405,0.2088711347906489
5kmN2935E4410,0.19326426206612135
5kmN2935E4415,0.18835963085908924
5kmN2935E4420,0.21788806181046816
5kmN2935E4425,0.22039839461216254
5kmN2935E4430,0.19019459095420596
5kmN2935E4435,0.1710571189583106
5kmN2935E4440,0.17523107553985112
5kmN2935E4445,0.17233136736320376
5kmN2935E4450,0.16505052435751938
5kmN2935E4455,0.1723252363667015
5kmN2935E4460,0.15574479530427082
5kmN2935E4465,0.1756397951598384
5kmN2935E4470,0.06878105066668327
5kmN2935E4475,-0.02027803982630494
5kmN2935E4480,-0.002644189901449545
5kmN2935E4485,0.029398931108562343
5kmN2935E4490,0.053533800292360934
5kmN2935E4495,0.02893912286065231
5kmN2935E4500,0.017826223202596858
5kmN2935E4505,0.026147835193232438
5kmN2935E4510,0.03643352334245156
5kmN2940E4055,0.035088749897705884
5kmN2940E4060,0.05815693246368964
5kmN2940E4065,0.049429884407891145
5kmN2940E4070,0.040948820896620386
5kmN2940E4075,0.04723200933731664
5kmN2940E4080,0.06860388374939957
5kmN2940E4085,0.08183668712893294
5kmN2940E4090,0.06797841521948916
5kmN2940E4095,0.06832576179826388
5kmN2940E4100,0.17287447403084927
5kmN2940E4105,0.1802723598424143
5kmN2940E4110,0.1826806923696926
5kmN2940E4115,0.18872968954697528
5kmN2940E4120,0.19434395635005697
5kmN2940E4125,0.14521899234300667
5kmN2940E4130,0.059229816089827525
5kmN2940E4135,0.0473079790379507
5kmN2940E4140,0.05357180699719494
5kmN2940E4145,0.047559576197311604
5kmN2940E4150,0.010362101722686645
5kmN2940E4155,0.0316671612175789
5kmN2940E4160,0.09940418516439542
5kmN2940E4165,0.0904436970935994
5kmN2940E4170,0.09327067384163285
5kmN2940E4175,0.0855031978038921
5kmN2940E4180,0.0715884253248304
5kmN2940E4185,0.06784507839125309
5kmN2940E4190,0.04409052596906954
5kmN2940E4195,0.014796453844991453
5kmN2940E4200,0.022886048793624325
5kmN2940E4215,0.2000727108695656
5kmN2940E4220,0.10874360307800578
5kmN2940E4225,0.2168698266724725
5kmN2940E4230,0.25306935291017274
5kmN2940E4235,0.2559102448934447
5kmN2940E4240,0.22885225537805765
5kmN2940E4245,0.20968216667148937
5kmN2940E4250,0.2020001569656453
5kmN2940E4255,0.20037822837719074
5kmN2940E4260,0.19599003378699265
5kmN2940E4265,0.15459272382663325
5kmN2940E4270,0.11280387201535635
5kmN2940E4275,0.09840043353029487
5kmN2940E4280,0.08593402937382716
5kmN2940E4285,0.13984761196116582
5kmN2940E4290,0.1517047953349767
5kmN2940E4295,0.14716529086396557
5kmN2940E4300,0.13853837304586913
5kmN2940E4305,0.14500768080253
5kmN2940E4310,0.04838788350567416
5kmN2940E4315,0.012445927220803343
5kmN2940E4320,0.008319955789753253
5kmN2940E4325,0.07028215543869337
5kmN2940E4330,0.10564881939358428
5kmN2940E4335,0.1186539685100449
5kmN2940E4340,0.14464514688069072
5kmN2940E4345,0.13791288068159752
5kmN2940E4350,0.13119208502018664
5kmN2940E4355,0.12482421279884925
5kmN2940E4360,0.1196331428951738
5kmN2940E4365,0.11694493475347939
5kmN2940E4370,0.12279518399461481
5kmN2940E4375,0.20843782735007105
5kmN2940E4380,0.2247122350606316
5kmN2940E4385,0.33406759684904663
5kmN2940E4390,0.5293033966259262
5kmN2940E4395,0.28384620395168114
5kmN2940E4400,0.15531572904394542
5kmN2940E4405,0.17547993393423467
5kmN2940E4410,0.19649034406777482
5kmN2940E4415,0.20443013247632277
5kmN2940E4420,0.2180624204166086
5kmN2940E4425,0.21832995836063943
5kmN2940E4430,0.20652896847374438
5kmN2940E4435,0.17738009902034974
5kmN2940E4440,0.17148322973771385
5kmN2940E4445,0.17184555156402426
5kmN2940E4450,0.16883987312650245
5kmN2940E4455,0.17115498973217635
5kmN2940E4460,0.17118142820680432
5kmN2940E4465,0.11361488729936403
5kmN2940E4470,0.08054227784712059
5kmN2940E4475,0.026978676541484337
5kmN2940E4480,0.026821351098363533
5kmN2940E4485,0.06189516036636239
5kmN2940E4490,0.06275529480101294
5kmN2940E4495,0.06148661048349491
5kmN2940E4500,0.0603772047351569
5kmN2940E4505,0.06918343902325685
5kmN2945E4055,-0.012771024467951975
5kmN2945E4060,0.005475423442203253
5kmN2945E4065,0.015236833966638219
5kmN2945E4070,-0.00048159800354963256
5kmN2945E4075,0.019521327914589437
5kmN2945E4080,0.024218351383017034
5kmN2945E4085,0.02306850061346577
5kmN2945E4090,0.058261891676930355
5kmN2945E4095,0.10426884632012712
5kmN2945E4100,0.17544794963665322
5kmN2945E4105,0.19503802247053387
5kmN2945E4110,0.22221170497250003
5kmN2945E4115,0.22333117161452282
5kmN2945E4120,0.23244275514156626
5kmN2945E4125,0.21518415794727191
5kmN2945E4130,0.21920142075021054
5kmN2945E4135,0.09046768995000065
5kmN2945E4140,0.04328474507468272
5kmN2945E4145,0.041896340126203746
5kmN2945E4150,0.040087393344659605
5kmN2945E4155,0.08956828232601205
5kmN2945E4160,0.09227734982598557
5kmN2945E4165,0.12135909733026762
5kmN2945E4170,0.11093759284136817
5kmN2945E4175,0.0746541432085801
5kmN2945E4180,0.0664036036703664
5kmN2945E4185,0.05019036964953588
5kmN2945E4190,-0.0007098027782215799
5kmN2945E4195,-0.020692926860387983
5kmN2945E4200,0.00011105611545031424
5kmN2945E4205,0.1508681236527941
5kmN2945E4210,0.18213266373922798
5kmN2945E4215,0.18535643450818254
5kmN2945E4220,0.18271500625286682
5kmN2945E4225,0.23509824381666972
5kmN2945E4230,0.23866550473771542
5kmN2945E4235,0.2625533237739189
5kmN2945E4240,0.21498456712467892
5kmN2945E4245,0.18226186433127656
5kmN2945E4250,0.18986511525185634
5kmN2945E4255,0.21057542104709803
5kmN2945E4260,0.19429865431751905
5kmN2945E4265,0.18043911633208123
5kmN2945E4270,0.1278291045375911
5kmN2945E4275,0.11926109063083973
5kmN2945E4280,0.115398887340669
5kmN2945E4285,0.1358829821523298
5kmN2945E4290,0.14793183415580893
5kmN2945E4295,0.1327151263682736
5kmN2945E4300,0.14326503178308728
5kmN2945E4305,0.13059979077611505
5kmN2945E4310,0.01600578152440124
5kmN2945E4315,-0.0018631592996705693
5kmN2945E4320,0.012977060291434861
5kmN2945E4325,0.05717943747289461
5kmN2945E4330,0.10637792501703186
5kmN2945E4335,0.11506839153512521
5kmN2945E4340,0.13134739349310853
5kmN2945E4345,0.14412115171679546
5kmN2945E4350,0.12299560256462644
5kmN2945E4355,0.12783940990501091
5kmN2945E4360,0.12444954013478632
5kmN2945E4365,0.12185083407387948
5kmN2945E4370,0.1144003984571822
5kmN2945E4375,0.18496375183443886
5kmN2945E4380,0.22855678225916828
5kmN2945E4385,0.295691950058942
5kmN2945E4390,0.2514710372650987
5kmN2945E4395,0.15097221006187572
5kmN2945E4400,0.0835027449013559
5kmN2945E4405,0.09871688182530733
5kmN2945E4410,0.09209032390890604
5kmN2945E4415,0.18533031175284861
5kmN2945E4420,0.17206687584425084
5kmN2945E4425,0.1905039829399971
5kmN2945E4430,0.20065510443073126
5kmN2945E4435,0.18033687922664773
5kmN2945E4440,0.10590460807972374
5kmN2945E4445,0.125720102760768
5kmN2945E4450,0.15095185380694248
5kmN2945E4455,0.15115348133397521
5kmN2945E4460,0.1413525298673421
5kmN2945E4465,0.049531097047734396
5kmN2945E4470,0.024241591650659144
5kmN2945E4475,0.032795839301657526
5kmN2945E4480,0.045918008028529744
5kmN2945E4485,0.0547174195772791
5kmN2945E4490,0.06126917775568802
5kmN2945E4495,0.06949874381172072
5kmN2945E4500,0.0668456379204711
5kmN2950E4060,-0.009803116729285133
5kmN2950E4065,0.007923498057761769
5kmN2950E4070,-0.001251734027616025
5kmN2950E4075,0.01811134322566421
5kmN2950E4080,0.017154759411511344
5kmN2950E4085,0.020606267907581688
5kmN2950E4090,0.0232836289559063
5kmN2950E4095,0.01953853557923524
5kmN2950E4100,0.041925169067271284
5kmN2950E4105,0.17081563434062585
5kmN2950E4110,0.2552273016725546
5kmN2950E4115,0.22927672670255578
5kmN2950E4120,0.23526524390962944
5kmN2950E4125,0.2340470456995009
5kmN2950E4135,0.1125173097939996
5kmN2950E4140,0.053678856359608285
5kmN2950E4145,0.028715904677080684
5kmN2950E4150,0.04574788254612888
5kmN2950E4155,0.0780150080236196
5kmN2950E4160,0.08946463194628407
5kmN2950E4165,0.09065650601479991
5kmN2950E4170,0.11057373604628362
5kmN2950E4175,0.07414777370509706
5kmN2950E4180,0.06174010767152488
5kmN2950E4185,0.011343495081967803
5kmN2950E4190,-0.013888633523121308
5kmN2950E4195,-0.013931019984223358
5kmN2950E4200,0.03516552423160102
5kmN2950E4205,0.14901418968489896
5kmN2950E4210,0.18249014852241116
5kmN2950E4215,0.17478379087315005
5kmN2950E4220,0.20087987412265088
5kmN2950E4225,0.26317773687342993
5kmN2950E4230,0.2471615628578749
5kmN2950E4235,0.21853729217897158
5kmN2950E4240,0.19540429578000462
5kmN2950E4245,0.1514652098017289
5kmN2950E4250,0.18001362994089876
5kmN2950E4255,0.2000551954472008
5kmN2950E4260,0.18750788427406473
5kmN2950E4265,0.17516876589984776
5kmN2950E4270,0.18489793444280395
5kmN2950E4275,0.17162768639956014
5kmN2950E4280,0.15478585571180395
5kmN2950E4285,0.1517371641249554
5kmN2950E4290,0.14820417966302973
5kmN2950E4295,0.11748050119698303
5kmN2950E4300,0.12446711902325644
5kmN2950E4305,0.10977507597671873
5kmN2950E4310,0.010368068055082474
5kmN2950E4315,-0.009063924053118094
5kmN2950E4320,-0.003520123184445001
5kmN2950E4325,0.009975456931000937
5kmN2950E4330,0.09007768826080109
5kmN2950E4335,0.10120911258821419
5kmN2950E4340,0.1179332242232613
5kmN2950E4345,0.12833854086160068
5kmN2950E4350,0.1274363808881545
5kmN2950E4355,0.1308085200972693
5kmN2950E4360,0.13268937483072957
5kmN2950E4365,0.19281630183924486
5kmN2950E4370,0.17226785302205988
5kmN2950E4375,0.23611978466221556
5kmN2950E4380,0.22827290616937868
5kmN2950E4385,0.21115456170518385
5kmN2950E4390,0.16171681602599758
5kmN2950E4395,0.0886057648830342
5kmN2950E4400,0.08968324641531317
5kmN2950E4405,0.10457984968768588
5kmN2950E4410,0.10275035500325647
5kmN2950E4415,0.1170401500907279
5kmN2950E4420,0.1303725565168085
5kmN2950E4425,0.12250935164051169
5kmN2950E4430,0.14768163666043255
5kmN2950E4435,0.1654408950814804
5kmN2950E4440,0.06414486593801144
5kmN2950E4460,0.04415876865972845
5kmN2950E4465,0.04663379436802911
5kmN2950E4470,-0.04264227329387099
5kmN2950E4475,-0.06634030510866429
5kmN2950E4480,0.0019198476154274058
5kmN2950E4485,0.06162751181879478
5kmN2950E4490,0.07525613858419378
5kmN2950E4495,0.07897852504824748
5kmN2950E4500,0.07176954200252988
5kmN2955E4060,-0.026315801303342767
5kmN2955E4065,-0.012721862349893198
5kmN2955E4070,-0.02379058111846255
5kmN2955E4075,-0.002242552320260105
5kmN2955E4080,0.004246669206786957
5kmN2955E4085,0.018707326343475827
5kmN2955E4090,0.026498058006445557
5kmN2955E4095,0.012252850799471748
5kmN2955E4100,0.05553894636242712
5kmN2955E4105,0.14951567129755727
5kmN2955E4110,0.27280943319556306
5kmN2955E4115,0.2524816699825186
5kmN2955E4120,0.24147585536165
5kmN2955E4125,0.21322651511739388
5kmN2955E4130,0.2194914950746999
5kmN2955E4135,0.22162744312832033
5kmN2955E4140,0.10921849598167388
5kmN2955E4145,0.06422606862162383
5kmN2955E4150,0.04387997931893961
5kmN2955E4155,0.06711880010513688
5kmN2955E4160,0.079102891178707
5kmN2955E4165,0.07915883058698175
5kmN2955E4170,0.07061269738470954
5kmN2955E4175,0.0242296299924058
5kmN2955E4180,-0.0019283055439011654
5kmN2955E4185,-0.010105346700276296
5kmN2955E4190,-0.008464194796394708
5kmN2955E4195,-0.015568795618553177
5kmN2955E4200,-0.01825645788417163
5kmN2955E4205,0.040529742230759
5kmN2955E4210,0.11675408032888157
5kmN2955E4215,0.1319552022730724
5kmN2955E4220,0.1757561692732679
5kmN2955E4225,0.22555472325955103
5kmN2955E4230,0.20973569759583577
5kmN2955E4235,0.18062331722284075
5kmN2955E4240,0.1842545139444729
5kmN2955E4245,0.16661407852174176
5kmN2955E4250,0.1874330349067993
5kmN2955E4255,0.1832127415520321
5kmN2955E4260,0.16229782198992254
5kmN2955E4265,0.15576042246043437
5kmN2955E4270,0.1810593855481041
5kmN2955E4275,0.16621931251192615
5kmN2955E4280,0.14909462582225957
5kmN2955E4285,0.14944788877125778
5kmN2955E4290,0.1288233571421742
5kmN2955E4295,0.02771581529813341
5kmN2955E4300,0.018415698593006735
5kmN2955E4305,0.029833639569554454
5kmN2955E4310,0.025352037660681476
5kmN2955E4315,0.09629155413206045
5kmN2955E4320,-0.0056242447093951264
5kmN2955E4325,0.07678632473033292
5kmN2955E4330,0.08455159415704727
5kmN2955E4335,0.08950906364362121
5kmN2955E4340,0.119759315167913
5kmN2955E4345,0.1305964049732278
5kmN2955E4350,0.13546520369723797
5kmN2955E4355,0.13068842066123665
5kmN2955E4360,0.11098073851170237
5kmN2955E4365,0.13209052472983007
5kmN2955E4370,0.22014946945238376
5kmN2955E4375,0.22275463011047297
5kmN2955E4380,0.21975714086218856
5kmN2955E4385,0.1762253049515446
5kmN2955E4390,0.08756776731752061
5kmN2955E4395,0.07234567493869529
5kmN2955E4400,0.09511732085477706
5kmN2955E4405,0.11179124083045619
5kmN2955E4410,0.11287153986136894
5kmN2955E4415,0.1143808262255632
5kmN2955E4420,0.1266322242431771
5kmN2955E4425,0.11598160366413846
5kmN2955E4430,0.13516460842122696
5kmN2955E4435,0.16975362291178558
5kmN2955E4440,0.06330453010292653
5kmN2955E4445,0.05788284954362616
5kmN2955E4450,0.0593592169413652
5kmN2955E4455,0.03444691893816898
5kmN2955E4460,0.05207216332518855
5kmN2955E4465,0.051421283486139224
5kmN2955E4470,0.02011473441708822
5kmN2955E4475,0.0029832827346055746
5kmN2955E4480,0.05544692217939445
5kmN2955E4485,0.06771064561074647
5kmN2955E4490,0.08771174805770354
5kmN2955E4495,0.10255877186185985
5kmN2955E4500,0.10103841304988342
5kmN2960E4065,-0.015240704544537742
5kmN2960E4070,-0.025335672141580334
5kmN2960E4075,-0.03995081857824176
5kmN2960E4080,-0.020551003965858683
5kmN2960E4085,0.0024457340512824
5kmN2960E4090,0.013069620976819463
5kmN2960E4095,0.025963770174727063
5kmN2960E4100,0.08938793440163945
5kmN2960E4105,0.11554771339935554
5kmN2960E4115,0.26772006808897697
5kmN2960E4120,0.24502864688034515
5kmN2960E4125,0.22126222750565083
5kmN2960E4130,0.2150517623138677
5kmN2960E4135,0.1283181033522353
5kmN2960E4140,0.07152993317494571
5kmN2960E4145,0.06628291034067224
5kmN2960E4150,0.05404115195632103
5kmN2960E4155,0.04976453519466084
5kmN2960E4160,0.06253296459585178
5kmN2960E4165,0.054476771566632165
5kmN2960E4170,0.021095126030600264
5kmN2960E4175,-0.017192191465236206
5kmN2960E4180,-0.026475352016134157
5kmN2960E4185,-0.03115622962441561
5kmN2960E4190,-0.018083524073837898
5kmN2960E4195,0.006467344296005151
5kmN2960E4200,-0.034897137379886034
5kmN2960E4205,-0.0460022930258443
5kmN2960E4210,-0.001499736462360568
5kmN2960E4215,0.07087713391282077
5kmN2960E4220,0.10933249366714401
5kmN2960E4225,0.14995540155968157
5kmN2960E4230,0.13643518733797444
5kmN2960E4235,0.141808417725001
5kmN2960E4240,0.15824966536525192
5kmN2960E4245,0.166761336951178
5kmN2960E4250,0.16932768529882358
5kmN2960E4255,0.17723952799725814
5kmN2960E4260,0.15046749185251476
5kmN2960E4265,0.16866854642561727
5kmN2960E4270,0.17896873788338266
5kmN2960E4275,0.1715799674034334
5kmN2960E4280,0.15718353501395885
5kmN2960E4285,0.19801009764184477
5kmN2960E4290,0.14889020558316418
5kmN2960E4295,0.012573141528330667
5kmN2960E4300,-0.012570325838843072
5kmN2960E4305,-0.01154318491283532
5kmN2960E4310,0.057531856878515336
5kmN2960E4315,0.11727758073508363
5kmN2960E4320,-0.016131291050216157
5kmN2960E4325,0.061722250372448606
5kmN2960E4330,0.0704114336024228
5kmN2960E4335,0.08087931565315404
5kmN2960E4340,0.09479682914363846
5kmN2960E4345,0.10117746657021831
5kmN2960E4350,0.13834147220202894
5kmN2960E4355,0.12626813058450273
5kmN2960E4360,0.0622605222058219
5kmN2960E4365,0.0510121474467205
5kmN2960E4370,0.1702371337484399
5kmN2960E4375,0.09311328116339648
5kmN2960E4380,0.0962526974677522
5kmN2960E4385,0.13009402853886545
5kmN2960E4390,0.06168628069733445
5kmN2960E4395,0.07611320783636083
5kmN2960E4400,0.10461258603014709
5kmN2960E4405,0.09464030700531839
5kmN2960E4410,0.11109825472126575
5kmN2960E4415,0.11340842720537175
5kmN2960E4420,0.1300472811702441
5kmN2960E4425,0.13499604278889682
5kmN2960E4430,0.12004474516200297
5kmN2960E4435,0.12880972694340426
5kmN2960E4440,0.062404830487753415
5kmN2960E4445,0.05887967568132513
5kmN2960E4450,0.05909474932617592
5kmN2960E4455,0.06965395137118424
5kmN2960E4460,0.06231311269308565
5kmN2960E4465,0.07065631377509402
5kmN2960E4470,0.06425775158159414
5kmN2960E4475,0.05652544352599481
5kmN2960E4480,0.07427839309382211
5kmN2960E4485,0.11002216309453872
5kmN2960E4490,0.12889961744678685
5kmN2965E4065,0.0010624355457312107
5kmN2965E4070,-0.004904018271976174
5kmN2965E4075,-0.025973305377316652
5kmN2965E4080,-0.04380578117724179
5kmN2965E4085,-0.009620259283620647
5kmN2965E4090,-0.012454088270452301
5kmN2965E4095,0.05938544285546232
5kmN2965E4100,0.10710149228095178
5kmN2965E4105,0.10597253713078231
5kmN2965E4110,0.11083869710520461
5kmN2965E4115,0.2451067604730135
5kmN2965E4120,0.2563059985912876
5kmN2965E4125,0.23313777213489
5kmN2965E4130,0.21669890564935107
5kmN2965E4135,0.09428041661495856
5kmN2965E4140,0.06785498541052448
5kmN2965E4145,0.05437130416979957
5kmN2965E4150,0.03946409703741055
5kmN2965E4155,0.035983194849886324
5kmN2965E4160,0.02875598744402935
5kmN2965E4165,0.025176165942031314
5kmN2965E4170,-0.015893049574953855
5kmN2965E4175,-0.03780615920872066
5kmN2965E4180,-0.03907117401175492
5kmN2965E4185,-0.03150785958375024
5kmN2965E4190,-0.009961129970676219
5kmN2965E4195,0.016203212886806317
5kmN2965E4200,0.0069498177859636245
5kmN2965E4205,0.012701158890867231
5kmN2965E4210,0.01909057263309205
5kmN2965E4215,0.05420926752331451
5kmN2965E4220,0.12401291769141921
5kmN2965E4225,0.12323470810752565
5kmN2965E4230,0.10510791341164147
5kmN2965E4235,0.10147632930202463
5kmN2965E4240,0.11236157490180376
5kmN2965E4245,0.14455222790306374
5kmN2965E4250,0.16859385477380273
5kmN2965E4255,0.1560797000661451
5kmN2965E4260,0.15379699291698934
5kmN2965E4265,0.17587513983992112
5kmN2965E4270,0.19106024582616063
5kmN2965E4275,0.19674662885585753
5kmN2965E4280,0.2469742626931765
5kmN2965E4285,0.2448728886298696
5kmN2965E4290,0.22751152184868384
5kmN2965E4295,0.12342685782118265
5kmN2965E4300,0.017394324970582825
5kmN2965E4305,0.004898565179892261
5kmN2965E4310,0.052025252474657474
5kmN2965E4315,0.12888348081136605
5kmN2965E4320,0.0033041725355702767
5kmN2965E4325,0.049139998650852
5kmN2965E4330,0.07136664810928156
5kmN2965E4335,0.07149321875073067
5kmN2965E4340,0.08900067766154035
5kmN2965E4345,0.09514884406205165
5kmN2965E4350,0.09390740134033004
5kmN2965E4355,0.07845976659782217
5kmN2965E4360,0.06844538444266784
5kmN2965E4365,0.060742212484002245
5kmN2965E4370,0.0521006194996646
5kmN2965E4375,0.05978817315736695
5kmN2965E4380,0.04939748744511718
5kmN2965E4385,0.03835012712448699
5kmN2965E4390,0.027134525987827007
5kmN2965E4395,0.06042637768234843
5kmN2965E4400,0.11153447281228832
5kmN2965E4405,0.10543457396937655
5kmN2965E4410,0.10462952527648753
5kmN2965E4415,0.12147896878612174
5kmN2965E4420,0.1289296435069212
5kmN2965E4425,0.13926465695741697
5kmN2965E4430,0.13922124010306297
5kmN2965E4435,0.1315820846037623
5kmN2965E4440,0.10274538426931773
5kmN2965E4445,0.06952084461063579
5kmN2965E4450,0.06595329186807714
5kmN2965E4455,0.12781597591135951
5kmN2965E4460,0.12094745670290014
5kmN2965E4465,0.18014047183320708
5kmN2965E4470,0.11694066883695908
5kmN2965E4475,0.06416978910660498
5kmN2965E4480,0.17768025854170122
5kmN2965E4485,0.2184053747494038
5kmN2965E4490,0.2382250463806697
5kmN2965E4495,0.2477523188334529
5kmN2970E4060,0.16954390330975952
5kmN2970E4065,0.08376147409702578
5kmN2970E4070,0.007818327929000612
5kmN2970E4075,0.003846008362731246
5kmN2970E4080,-0.027594294524625307
5kmN2970E4085,-0.03769779666107059
5kmN2970E4090,-0.018035115853981043
5kmN2970E4095,-0.00595142525922665
5kmN2970E4100,0.09972472099750279
5kmN2970E4105,0.11007615123546405
5kmN2970E4110,0.09971481200480953
5kmN2970E4115,0.1239821311017556
5kmN2970E4120,0.22013695943191253
5kmN2970E4125,0.23922191709985657
5kmN2970E4130,0.19264751795306406
5kmN2970E4135,0.1028723144212002
5kmN2970E4140,0.08288266324658639
5kmN2970E4145,0.07960077032582324
5kmN2970E4150,0.0741975707387223
5kmN2970E4155,0.052287551777540575
5kmN2970E4160,0.012362096294153357
5kmN2970E4165,-0.0026013380086278848
5kmN2970E4170,-0.00976752425543076
5kmN2970E4175,-0.01536668795520535
5kmN2970E4180,-0.031180390212896036
5kmN2970E4185,-0.03707562574755591
5kmN2970E4190,-0.008067873727947511
5kmN2970E4195,0.005581517414677911
5kmN2970E4200,-0.02520502269420366
5kmN2970E4205,0.012272547785126764
5kmN2970E4210,0.017265237815756826
5kmN2970E4215,0.07512851492564607
5kmN2970E4220,0.15557975237023786
5kmN2970E4225,0.15861803332876592
5kmN2970E4230,0.0964457967997267
5kmN2970E4235,0.08926223722980689
5kmN2970E4240,0.09356646938310914
5kmN2970E4245,0.12890796752425607
5kmN2970E4250,0.14709802478227635
5kmN2970E4255,0.14881234354822384
5kmN2970E4260,0.15075586261373602
5kmN2970E4265,0.15423374786535585
5kmN2970E4270,0.07787249048335854
5kmN2970E4280,0.26764302742182466
5kmN2970E4285,0.2627292582960219
5kmN2970E4290,0.23713709770622024
5kmN2970E4295,0.24423831799011486
5kmN2970E4300,0.18994080613664086
5kmN2970E4305,0.04215998942526486
5kmN2970E4310,-0.0002913864742249417
5kmN2970E4315,-0.0047943335220458905
5kmN2970E4320,-0.014737519530885895
5kmN2970E4325,-0.01725732996155005
5kmN2970E4330,0.03307485550133271
5kmN2970E4335,0.07638206824644594
5kmN2970E4340,0.05434337205791645
5kmN2970E4345,0.04025238674791892
5kmN2970E4350,0.04188834561496485
5kmN2970E4355,0.06977250331049528
5kmN2970E4360,0.04811691098317461
5kmN2970E4365,0.054995798156979914
5kmN2970E4370,0.05942778799437659
5kmN2970E4375,0.05814482881906097
5kmN2970E4380,0.06353315863336814
5kmN2970E4385,0.0647843214404272
5kmN2970E4390,0.035043577674135684
5kmN2970E4395,0.07233098675818667
5kmN2970E4400,0.07653665126775488
5kmN2970E4405,0.07330007115547021
5kmN2970E4410,0.11083081999607913
5kmN2970E4415,0.12409206058460431
5kmN2970E4420,0.13829563848885212
5kmN2970E4425,0.14589571662810852
5kmN2970E4430,0.14421140445071035
5kmN2970E4435,0.14003816584210949
5kmN2970E4440,0.14233594015517131
5kmN2970E4445,0.13343197190015837
5kmN2970E4450,0.1267352006165824
5kmN2970E4455,0.21038223403832196
5kmN2970E4460,0.2233788606084523
5kmN2970E4465,0.21911723055271576
5kmN2970E4470,0.22375654098549302
5kmN2970E4475,0.16762862000977335
5kmN2970E4480,0.2163850657966458
5kmN2970E4485,0.22177589987608654
5kmN2970E4490,0.23658762020473162
5kmN2970E4495,0.24959412726511293
5kmN2975E4050,0.17002017584710286
5kmN2975E4055,0.18492736553495095
5kmN2975E4060,0.17967375137890856
5kmN2975E4065,0.16594255927724333
5kmN2975E4070,0.09003079865836738
5kmN2975E4075,0.02207028765563701
5kmN2975E4080,0.020466549703221926
5kmN2975E4085,0.019039765992512003
5kmN2975E4090,0.04184604936184205
5kmN2975E4095,0.04809933130634342
5kmN2975E4100,0.07452910890350112
5kmN2975E4105,0.10270795826858992
5kmN2975E4110,0.10454881208036748
5kmN2975E4115,0.10442942740071637
5kmN2975E4120,0.17772021587909015
5kmN2975E4125,0.22854359160633608
5kmN2975E4130,0.2178387992384455
5kmN2975E4135,0.19299302504196258
5kmN2975E4140,0.16612061658975358
5kmN2975E4145,0.1166107615089001
5kmN2975E4150,0.08728174493456692
5kmN2975E4155,0.06911888782192194
5kmN2975E4160,0.026942594215483673
5kmN2975E4165,0.006200475211762535
5kmN2975E4170,-0.017410665339646025
5kmN2975E4175,0.01396550252937831
5kmN2975E4180,0.006294016342769743
5kmN2975E4185,-0.016210263724593527
5kmN2975E4190,0.002813670973152077
5kmN2975E4195,-0.0018468576951115867
5kmN2975E4200,-0.024011308915461715
5kmN2975E4205,0.006205996710877029
5kmN2975E4210,0.011559756681852204
5kmN2975E4215,0.0381617889295314
5kmN2975E4220,0.1183183127225903
5kmN2975E4225,0.17451066113427294
5kmN2975E4230,0.1239465803062186
5kmN2975E4235,0.08195316499094715
5kmN2975E4240,0.10140897090028278
5kmN2975E4245,0.10141612705400954
5kmN2975E4250,0.03670345206851858
5kmN2975E4255,0.09424540641434678
5kmN2975E4260,0.164456206237994
5kmN2975E4265,0.14798496428229976
5kmN2975E4270,0.05777584255489543
5kmN2975E4275,0.05639390916763426
5kmN2975E4280,0.25745910594094296
5kmN2975E4285,0.2821034156653174
5kmN2975E4290,0.250470358142315
5kmN2975E4295,0.24969549111013228
5kmN2975E4300,0.249702356615422
5kmN2975E4305,0.2281423581720591
5kmN2975E4310,0.2126145445449087
5kmN2975E4315,0.015943406361781765
5kmN2975E4320,-0.006122759150324619
5kmN2975E4325,-0.008171881641121592
5kmN2975E4330,-0.008923818046940368
5kmN2975E4335,0.008250399927598961
5kmN2975E4340,-0.00803319224563126
5kmN2975E4345,-0.010860165684809076
5kmN2975E4350,0.027340279754210883
5kmN2975E4355,0.03196987488332936
5kmN2975E4360,0.0181353004487258
5kmN2975E4365,0.015352667185031088
5kmN2975E4370,0.04537983029349785
5kmN2975E4375,0.04688013725667595
5kmN2975E4380,0.06252848675328526
5kmN2975E4385,0.06681294727582829
5kmN2975E4390,0.050968428473956384
5kmN2975E4395,0.08102639632601316
5kmN2975E4400,0.07040370053973333
5kmN2975E4405,0.10006412843088947
5kmN2975E4410,0.12266360778921448
5kmN2975E4415,0.13010206335518837
5kmN2975E4420,0.1388758736612456
5kmN2975E4425,0.13684758168774142
5kmN2975E4430,0.11583002718840346
5kmN2975E4435,0.1144334481443986
5kmN2975E4440,0.14984612239751532
5kmN2975E4445,0.16526755691981365
5kmN2975E4450,0.19110940639801033
5kmN2975E4455,0.22655515181550206
5kmN2975E4460,0.23910391445579499
5kmN2975E4465,0.2498528323833909
5kmN2975E4470,0.239428158020546
5kmN2975E4475,0.21964584464497383
5kmN2975E4480,0.22814874653906075
5kmN2975E4485,0.2176110038336187
5kmN2975E4490,0.23896832694200093
5kmN2975E4495,0.24696304424781984
5kmN2975E4500,0.25087543484791675
5kmN2980E4050,0.17335122391774907
5kmN2980E4055,0.17922909361821976
5kmN2980E4060,0.18399699467715286
5kmN2980E4065,0.1694984586745235
5kmN2980E4070,0.17058415334861685
5kmN2980E4075,0.16743881688410192
5kmN2980E4080,0.11734237132864955
5kmN2980E4085,0.1188357454352067
5kmN2980E4090,0.097323636496159
5kmN2980E4095,0.0908348971794965
5kmN2980E4100,0.07636963799817043
5kmN2980E4105,0.06427308445379953
5kmN2980E4110,0.08510047023298817
5kmN2980E4115,0.09170099358292227
5kmN2980E4120,0.144010115725013
5kmN2980E4125,0.18856271193298518
5kmN2980E4130,0.1922157244454057
5kmN2980E4135,0.19080202509887234
5kmN2980E4140,0.18702708684047303
5kmN2980E4145,0.19082328110808566
5kmN2980E4150,0.12865416478943903
5kmN2980E4155,0.08295200144867437
5kmN2980E4160,0.04096934709208727
5kmN2980E4165,0.013919056025106846
5kmN2980E4170,-0.02249592012376342
5kmN2980E4175,-0.0008001352503650416
5kmN2980E4180,0.019536442166582402
5kmN2980E4185,0.021413750789306962
5kmN2980E4190,0.013067070264349417
5kmN2980E4195,-0.005032042571577494
5kmN2980E4200,-0.03275837889566971
5kmN2980E4205,-0.007781864509013775
5kmN2980E4210,0.011272702656465447
5kmN2980E4215,0.02979613825361041
5kmN2980E4220,0.08904102966423474
5kmN2980E4225,0.1732168601414471
5kmN2980E4230,0.1404856762838323
5kmN2980E4235,0.11811296322938858
5kmN2980E4240,0.10773439308609586
5kmN2980E4245,0.07578110733027427
5kmN2980E4250,0.008698852869970713
5kmN2980E4255,0.14395547198823946
5kmN2980E4260,0.16317985797497944
5kmN2980E4265,0.05855176687248309
5kmN2980E4270,0.043342866913415795
5kmN2980E4275,0.05490760798489022
5kmN2980E4280,0.2007296225373062
5kmN2980E4285,0.289757411469022
5kmN2980E4290,0.26849293639855176
5kmN2980E4295,0.24431295257647642
5kmN2980E4300,0.2360518308241329
5kmN2980E4305,0.23688456949847345
5kmN2980E4310,0.2386293274377221
5kmN2980E4315,0.19140252174039502
5kmN2980E4320,0.11998246236649096
5kmN2980E4325,-0.024253995605040768
5kmN2980E4330,-0.012173418109734269
5kmN2980E4335,-0.018632498689116206
5kmN2980E4340,-0.016102198508683163
5kmN2980E4345,-0.003227289543865919
5kmN2980E4350,0.013762715646752355
5kmN2980E4355,0.014853906653335414
5kmN2980E4360,0.016567940538672943
5kmN2980E4365,0.011236568383020562
5kmN2980E4370,-0.0061430103474150455
5kmN2980E4375,0.04230798476810471
5kmN2980E4380,0.04356213592045183
5kmN2980E4385,0.04555004138422214
5kmN2980E4390,0.052177882336221615
5kmN2980E4395,0.06931136996233911
5kmN2980E4400,0.06595123365818051
5kmN2980E4405,0.08800171435475573
5kmN2980E4410,0.12484977090464722
5kmN2980E4415,0.17500119712869855
5kmN2980E4420,0.1618964072600304
5kmN2980E4425,0.12815395222041326
5kmN2980E4430,0.05615701967603684
5kmN2980E4435,0.06160123999719502
5kmN2980E4440,0.1546966023279659
5kmN2980E4445,0.17620653930989827
5kmN2980E4450,0.22944209871204319
5kmN2980E4455,0.24637575345079593
5kmN2980E4460,0.24209170135482688
5kmN2980E4465,0.25084254841088943
5kmN2980E4470,0.2502641339607472
5kmN2980E4475,0.23781172661076194
5kmN2980E4480,0.22355659866655542
5kmN2980E4485,0.23704954548630675
5kmN2980E4490,0.24861080086114828
5kmN2980E4495,0.25883266934917865
5kmN2980E4500,0.2563019215964252
5kmN2985E4045,0.19069207201850708
5kmN2985E4050,0.19022695574352164
5kmN2985E4055,0.1781995215375006
5kmN2985E4060,0.17684677322345363
5kmN2985E4065,0.1698981291624196
5kmN2985E4070,0.15071602751754049
5kmN2985E4075,0.1696256540366913
5kmN2985E4080,0.15584587664053406
5kmN2985E4085,0.11878971484896411
5kmN2985E4090,0.10525638842582286
5kmN2985E4095,0.08594758548097736
5kmN2985E4100,0.07458332912134619
5kmN2985E4105,0.056706182725839716
5kmN2985E4110,0.05026864735847536
5kmN2985E4115,0.08193066099057744
5kmN2985E4120,0.17193191596249807
5kmN2985E4125,0.1815079354778028
5kmN2985E4130,0.1973445671715921
5kmN2985E4135,0.19218891073131233
5kmN2985E4140,0.17075839652773056
5kmN2985E4145,0.17633386991776
5kmN2985E4150,0.17597361068774375
5kmN2985E4155,0.08641399303726999
5kmN2985E4160,0.07150864220628947
5kmN2985E4165,0.01170600129191654
5kmN2985E4170,-0.0016292299154368473
5kmN2985E4175,-0.03227220845941178
5kmN2985E4180,-0.024274317641913595
5kmN2985E4185,0.004177409101444679
5kmN2985E4190,0.02431748804339419
5kmN2985E4195,0.006687135727365123
5kmN2985E4200,0.009357796402504753
5kmN2985E4205,0.014567473189594074
5kmN2985E4210,-0.0019842110800070978
5kmN2985E4215,-0.011850834475712141
5kmN2985E4220,0.0920502308331124
5kmN2985E4225,0.16650551607597236
5kmN2985E4230,0.17675097763366068
5kmN2985E4235,0.16661761132732594
5kmN2985E4240,0.14827930574399872
5kmN2985E4245,0.12369475543575195
5kmN2985E4250,0.018745807681117888
5kmN2985E4255,0.1002501239618743
5kmN2985E4260,0.040687291907062884
5kmN2985E4265,0.023276614067813978
5kmN2985E4270,0.03745667399251523
5kmN2985E4275,0.0897642184913914
5kmN2985E4280,0.2836895783188076
5kmN2985E4285,0.29620320224317276
5kmN2985E4290,0.24974812335871044
5kmN2985E4295,0.2580676290298818
5kmN2985E4300,0.24379093089902185
5kmN2985E4305,0.24627401863318432
5kmN2985E4310,0.24618894080393666
5kmN2985E4315,0.2352813216025537
5kmN2985E4320,0.14851094071308568
5kmN2985E4325,-0.026415640664866957
5kmN2985E4330,-0.025652605160477515
5kmN2985E4335,0.027461441926840635
5kmN2985E4340,-0.022664175279090426
5kmN2985E4345,-0.00907227289508944
5kmN2985E4350,-0.01846747581797631
5kmN2985E4355,-0.01584210172141609
5kmN2985E4360,-0.01824182670002822
5kmN2985E4365,-0.005256999649422389
5kmN2985E4370,0.006902872383826197
5kmN2985E4375,0.06088004920646978
5kmN2985E4380,0.04487068397993532
5kmN2985E4385,0.04171604091669329
5kmN2985E4390,0.05943345215042373
5kmN2985E4395,0.0667387738301422
5kmN2985E4400,0.07124181962137416
5kmN2985E4405,0.09908356997105255
5kmN2985E4410,0.19411311895336852
5kmN2985E4415,0.22244235903984982
5kmN2985E4420,0.214014329521437
5kmN2985E4425,0.197927002425199
5kmN2985E4430,0.15393534160781225
5kmN2985E4435,0.12643548978533276
5kmN2985E4440,0.1673792517061134
5kmN2985E4445,0.18387900779252692
5kmN2985E4450,0.18865334182387716
5kmN2985E4455,0.3080912124665865
5kmN2985E4460,0.3660882491293388
5kmN2985E4465,0.3225744065806084
5kmN2985E4470,0.3279048432166474
5kmN2985E4475,0.26325014961717097
5kmN2985E4480,0.2411571190362895
5kmN2985E4485,0.24343807455109256
5kmN2985E4490,0.24893199519373294
5kmN2985E4495,0.25296602371026544
5kmN2990E4040,0.19495615104454692
5kmN2990E4045,0.199951023540172
5kmN2990E4050,0.20278083865353516
5kmN2990E4055,0.19529296940779345
5kmN2990E4060,0.18687716797302717
5kmN2990E4065,0.17634734086471768
5kmN2990E4070,0.16298296884161106
5kmN2990E4075,0.16873962392168307
5kmN2990E4080,0.1667140449360005
5kmN2990E4085,0.12051603688352702
5kmN2990E4090,0.10714317546627311
5kmN2990E4095,0.0896612026789953
5kmN2990E4100,0.09928977295169367
5kmN2990E4105,0.09294010917607903
5kmN2990E4110,0.0774993654988369
5kmN2990E4115,0.14970372638996726
5kmN2990E4120,0.19781902662751077
5kmN2990E4125,0.1921255249447102
5kmN2990E4130,0.2000758853778269
5kmN2990E4135,0.1966057176437092
5kmN2990E4140,0.1867333742335185
5kmN2990E4145,0.18136052168218825
5kmN2990E4150,0.16980188201175062
5kmN2990E4155,0.09473111844470428
5kmN2990E4160,0.014077899961543405
5kmN2990E4165,0.05708690161255928
5kmN2990E4170,0.11690906173803114
5kmN2990E4175,0.10928390212546513
5kmN2990E4180,0.0477955482611194
5kmN2990E4185,-0.0019739158178067595
5kmN2990E4190,0.022143216980816394
5kmN2990E4195,0.07010353201672734
5kmN2990E4200,0.13378047359333858
5kmN2990E4205,0.20384912067878502
5kmN2990E4210,0.019926285431936905
5kmN2990E4215,-0.017401785346874338
5kmN2990E4220,0.09978943388771261
5kmN2990E4225,0.15428909689936027
5kmN2990E4230,0.14935026590563077
5kmN2990E4235,0.15896995497245145
5kmN2990E4240,0.14398129195038833
5kmN2990E4245,0.11781561464094874
5kmN2990E4250,0.01546458093305178
5kmN2990E4255,0.03634444372076234
5kmN2990E4260,0.03104969044742631
5kmN2990E4265,0.04420648506610245
5kmN2990E4270,0.05801309754664655
5kmN2990E4275,0.1495972659317825
5kmN2990E4280,0.28637502051589764
5kmN2990E4285,0.30060274107917784
5kmN2990E4290,0.28649844964900073
5kmN2990E4295,0.24873972210404224
5kmN2990E4300,0.24966858200410597
5kmN2990E4305,0.2437920918813907
5kmN2990E4310,0.22492530002367744
5kmN2990E4315,0.1957097304869886
5kmN2990E4320,0.046493103671016445
5kmN2990E4325,-0.010754803937661983
5kmN2990E4330,0.0525533051613018
5kmN2990E4335,0.2594830638830332
5kmN2990E4340,-0.001972273524986856
5kmN2990E4345,-0.0037653720047916006
5kmN2990E4350,-0.004303797291907996
5kmN2990E4355,-0.021096579316054687
5kmN2990E4360,0.0032570771091855466
5kmN2990E4365,0.013465151160363231
5kmN2990E4370,0.014766279816230521
5kmN2990E4375,0.03403844800990008
5kmN2990E4380,0.06155478405321857
5kmN2990E4385,0.149912768665324
5kmN2990E4390,0.23006355357836034
5kmN2990E4395,0.22204049390967678
5kmN2990E4400,0.164970638625417
5kmN2990E4405,0.2532687865209913
5kmN2990E4410,0.2628254211685118
5kmN2990E4415,0.22520502663044484
5kmN2990E4420,0.22775250871722508
5kmN2990E4425,0.2384228610178915
5kmN2990E4430,0.24670766508350628
5kmN2990E4435,0.17671752887065778
5kmN2990E4440,0.1639325474509986
5kmN2990E4445,0.18515312167367964
5kmN2990E4450,0.21650303622310074
5kmN2990E4455,0.4294089798384393
5kmN2990E4460,0.4256669206634473
5kmN2990E4465,0.43558467893710456
5kmN2990E4470,0.4259317160447583
5kmN2990E4475,0.3976365159275116
5kmN2990E4480,0.2690814284250295
5kmN2990E4485,0.2460436849092696
5kmN2990E4490,0.249426695612127
5kmN2995E4040,0.1982844564989095
5kmN2995E4045,0.2051742466388686
5kmN2995E4050,0.20355456603594618
5kmN2995E4055,0.20320990534114203
5kmN2995E4060,0.1961535559982225
5kmN2995E4065,0.18778674399353532
5kmN2995E4070,0.17938730839948036
5kmN2995E4075,0.1878827655203713
5kmN2995E4080,0.18674495708365088
5kmN2995E4085,0.1339295947176376
5kmN2995E4090,0.11104728693504451
5kmN2995E4095,0.11120044541172508
5kmN2995E4100,0.1100605736740109
5kmN2995E4105,0.11696636771286623
5kmN2995E4110,0.14598827919538765
5kmN2995E4115,0.16083544175843617
5kmN2995E4120,0.19114313073562728
5kmN2995E4125,0.19122470802801866
5kmN2995E4130,0.1932536203842924
5kmN2995E4135,0.18239457325892
5kmN2995E4140,0.19295714340173314
5kmN2995E4145,0.18571790872911698
5kmN2995E4150,0.1905259471836015
5kmN2995E4155,0.10832119601331097
5kmN2995E4160,0.042368139276060535
5kmN2995E4165,0.11341431803316199
5kmN2995E4170,0.12733839339978184
5kmN2995E4175,0.13734768105077305
5kmN2995E4180,0.13722380777312662
5kmN2995E4185,0.13567096440028986
5kmN2995E4190,0.12857715671453845
5kmN2995E4195,0.105597578057607
5kmN2995E4200,0.11338769979897882
5kmN2995E4205,0.24082276379013
5kmN2995E4210,0.21190593609849329
5kmN2995E4215,0.10400537268877555
5kmN2995E4220,0.14973002546521424
5kmN2995E4225,0.19496500683764748
5kmN2995E4230,0.007695394617106929
5kmN2995E4235,0.08619765554817396
5kmN2995E4240,0.08328914261168138
5kmN2995E4245,0.04797406869159834
5kmN2995E4250,0.00541477926099182
5kmN2995E4255,0.038072559105545994
5kmN2995E4260,0.0412262109997123
5kmN2995E4265,0.04693045196669221
5kmN2995E4270,0.05975528920364398
5kmN2995E4275,0.12108647287999785
5kmN2995E4280,0.2146720499324957
5kmN2995E4285,0.2893730128060146
5kmN2995E4290,0.301116624414648
5kmN2995E4295,0.2822544475316242
5kmN2995E4300,0.2705525774032095
5kmN2995E4305,0.23803836489441998
5kmN2995E4310,0.2017740313958516
5kmN2995E4315,0.17732723838875913
5kmN2995E4320,0.04496980252138849
5kmN2995E4325,0.027965151397817134
5kmN2995E4330,-0.0022181568371640314
5kmN2995E4335,0.07887330643679191
5kmN2995E4340,0.013612401651664718
5kmN2995E4345,0.014889622465265706
5kmN2995E4350,0.0031643926666243827
5kmN2995E4355,-0.003498233716650423
5kmN2995E4360,0.008656994129982498
5kmN2995E4365,0.018022440637927628
5kmN2995E4370,0.016384375706191556
5kmN2995E4375,0.010084908450670227
5kmN2995E4380,0.0798151401534426
5kmN2995E4385,0.268249340608267
5kmN2995E4390,0.26893537490752756
5kmN2995E4395,0.28962176708713927
5kmN2995E4400,0.2905382695751624
5kmN2995E4405,0.29703059825243777
5kmN2995E4410,0.28562021206275207
5kmN2995E4415,0.22893638717079756
5kmN2995E4420,0.22204513479174787
5kmN2995E4425,0.23902351812032235
5kmN2995E4430,0.24483031434149538
5kmN2995E4435,0.22946891094965732
5kmN2995E4440,0.17761410560333774
5kmN2995E4445,0.1818054233359228
5kmN2995E4450,0.38489936614449405
5kmN2995E4455,0.4430603598553543
5kmN2995E4460,0.44499715715690247
5kmN2995E4465,0.44387044607862647
5kmN2995E4470,0.4397591351702948
5kmN2995E4475,0.43343354160514025
5kmN2995E4480,0.4063091448885921
5kmN2995E4485,0.26042200460879456
5kmN3000E4040,0.19839844617872376
5kmN3000E4045,0.20056545985222204
5kmN3000E4050,0.20931324657711622
5kmN3000E4055,0.20427689921735045
5kmN3000E4060,0.20433965544290503
5kmN3000E4065,0.2025678031150607
5kmN3000E4070,0.19421932908078
5kmN3000E4075,0.20051255688453412
5kmN3000E4080,0.1990882651342505
5kmN3000E4085,0.14536375146267744
5kmN3000E4090,0.11117335844773885
5kmN3000E4095,0.11612432412261092
5kmN3000E4100,0.14987932545131222
5kmN3000E4105,0.2011083724489347
5kmN3000E4110,0.2012788919617443
5kmN3000E4115,0.17681988395409198
5kmN3000E4120,0.16080590978984954
5kmN3000E4125,0.18487571390851965
5kmN3000E4130,0.1884590519631461
5kmN3000E4135,0.18566992381271163
5kmN3000E4140,0.18698876415431537
5kmN3000E4145,0.18329529267848038
5kmN3000E4150,0.17811618778257549
5kmN3000E4155,0.1007332511230768
5kmN3000E4160,0.1563811736017255
5kmN3000E4165,0.15525105387554577
5kmN3000E4170,0.137085588654326
5kmN3000E4175,0.12120486629639751
5kmN3000E4180,0.11793942750788292
5kmN3000E4185,0.12522322266784952
5kmN3000E4190,0.15810820469245918
5kmN3000E4195,0.15193338157676542
5kmN3000E4200,0.20821377139568192
5kmN3000E4205,0.2898285023867535
5kmN3000E4210,0.2569661350794852
5kmN3000E4215,0.2208763691694624
5kmN3000E4220,0.20444139310294138
5kmN3000E4225,0.23310817553447036
5kmN3000E4230,0.12854768692577984
5kmN3000E4235,0.07622923500713677
5kmN3000E4240,0.04041632483475008
5kmN3000E4245,0.022400583804856433
5kmN3000E4250,0.03957803840711707
5kmN3000E4255,0.0494810925719551
5kmN3000E4260,0.0713703854468436
5kmN3000E4265,0.07021504798101413
5kmN3000E4270,0.08624631672508762
5kmN3000E4275,0.10561115120580852
5kmN3000E4280,0.11524784609129604
5kmN3000E4285,0.25726861646378696
5kmN3000E4290,0.2962709806184518
5kmN3000E4295,0.2896531957849611
5kmN3000E4300,0.26081395333917257
5kmN3000E4305,0.21836343825478716
5kmN3000E4310,0.19893395323135804
5kmN3000E4315,0.19970041409923073
5kmN3000E4320,0.1983087520619538
5kmN3000E4325,0.19305709876823207
5kmN3000E4330,0.07637376584389599
5kmN3000E4335,0.04269341859012904
5kmN3000E4340,0.03306976209100687
5kmN3000E4345,0.016044212189531337
5kmN3000E4350,-0.00048008122048320834
5kmN3000E4355,-0.006401327838101545
5kmN3000E4360,0.003586075280749723
5kmN3000E4365,0.01151925805343168
5kmN3000E4370,0.015548498573984604
5kmN3000E4375,0.029441963158267748
5kmN3000E4380,0.07415865320372766
5kmN3000E4385,0.21756844568588607
5kmN3000E4390,0.2800141083666135
5kmN3000E4395,0.2638189503394365
5kmN3000E4400,0.2826291056109853
5kmN3000E4405,0.28090662530398575
5kmN3000E4410,0.28884203070752096
5kmN3000E4415,0.2643927595271504
5kmN3000E4420,0.23003456985612852
5kmN3000E4425,0.23797202040179488
5kmN3000E4430,0.24720920452217116
5kmN3000E4435,0.2949216485735324
5kmN3000E4440,0.3142663776094348
5kmN3000E4445,0.36779783460996235
5kmN3000E4450,0.4812018064559209
5kmN3000E4455,0.4420916012602608
5kmN3000E4460,0.44281883704487685
5kmN3000E4465,0.4465683255986402
5kmN3000E4470,0.4425626150114473
5kmN3000E4475,0.45179343527688054
5kmN3000E4480,0.4480736800824757
5kmN3005E4045,0.2078594819054566
5kmN3005E4050,0.2103739882862264
5kmN3005E4055,0.2051284812014313
5kmN3005E4060,0.20388315150097283
5kmN3005E4065,0.20407857526857612
5kmN3005E4070,0.2068156608124739
5kmN3005E4075,0.20302465448778156
5kmN3005E4080,0.20550615578220693
5kmN3005E4085,0.19896148398779678
5kmN3005E4090,0.17158443035533916
5kmN3005E4095,0.16329599451959198
5kmN3005E4100,0.17049583908322213
5kmN3005E4105,0.2004511746233149
5kmN3005E4110,0.19854292313286964
5kmN3005E4115,0.173152596200093
5kmN3005E4120,0.16202774926724006
5kmN3005E4125,0.17670200889175297
5kmN3005E4130,0.16432866423874698
5kmN3005E4135,0.16451770221400092
5kmN3005E4140,0.18034170145396372
5kmN3005E4145,0.17342414629437486
5kmN3005E4150,0.1529994792313738
5kmN3005E4155,0.0881959232917674
5kmN3005E4160,0.16527065762005205
5kmN3005E4165,0.18621979863942356
5kmN3005E4170,0.1315907229359263
5kmN3005E4175,0.11744467255199659
5kmN3005E4180,0.11112425667031975
5kmN3005E4185,0.11400652306982503
5kmN3005E4190,0.11667808170337277
5kmN3005E4195,0.1343665830771635
5kmN3005E4200,0.192123608962245
5kmN3005E4205,0.34279455233834066
5kmN3005E4210,0.3947253508470674
5kmN3005E4215,0.3760634757794973
5kmN3005E4220,0.249610238797664
5kmN3005E4225,0.1849418343820164
5kmN3005E4230,0.1155879475638871
5kmN3005E4235,0.03825107186716137
5kmN3005E4240,0.040157988371465336
5kmN3005E4245,0.030876797374208453
5kmN3005E4250,0.035398351612671214
5kmN3005E4255,0.053980113570524846
5kmN3005E4260,0.06370159909772763
5kmN3005E4265,0.08575786551111436
5kmN3005E4270,0.10604562777747165
5kmN3005E4275,0.11857398664559152
5kmN3005E4280,0.11664191702274498
5kmN3005E4285,0.26136791931437486
5kmN3005E4290,0.29570435316450716
5kmN3005E4295,0.2873155978135882
5kmN3005E4300,0.233407480537287
5kmN3005E4305,0.2284032443729228
5kmN3005E4310,0.22107387805586565
5kmN3005E4315,0.2109400263154359
5kmN3005E4320,0.2134293993549426
5kmN3005E4325,0.19655038576655853
5kmN3005E4330,0.20208570434463152
5kmN3005E4335,0.19879280102941915
5kmN3005E4340,0.17842311990641624
5kmN3005E4345,0.021566964352850604
5kmN3005E4350,0.010684292771314496
5kmN3005E4355,0.006540296750551011
5kmN3005E4360,0.010374062528506367
5kmN3005E4365,0.007669904887663226
5kmN3005E4370,0.017592472327591424
5kmN3005E4375,0.10907384317058189
5kmN3005E4380,0.15058569188917775
5kmN3005E4385,0.16470636586145093
5kmN3005E4390,0.24565248353869923
5kmN3005E4395,0.2793176644266347
5kmN3005E4400,0.26720257086012117
5kmN3005E4405,0.2769474853631346
5kmN3005E4410,0.2309348376374259
5kmN3005E4415,0.23847538292267556
5kmN3005E4420,0.24072801123976262
5kmN3005E4425,0.2488325028630881
5kmN3005E4430,0.2670239025956481
5kmN3005E4435,0.28099103355607996
5kmN3005E4440,0.4661763197240939
5kmN3005E4445,0.4869312427338625
5kmN3005E4450,0.5019396673556862
5kmN3005E4455,0.4840202373001531
5kmN3005E4460,0.4625228623813922
5kmN3005E4465,0.45435464450425816
5kmN3005E4470,0.43775764702640846
5kmN3005E4475,0.4596132339883209
5kmN3005E4485,0.40461764368409864
5kmN3010E4045,0.20882152711111338
5kmN3010E4050,0.20942123596213402
5kmN3010E4055,0.20572942187119453
5kmN3010E4060,0.19956260244906932
5kmN3010E4065,0.1939543936812667
5kmN3010E4070,0.2068306509994627
5kmN3010E4075,0.2103753133058533
5kmN3010E4080,0.20485293546769895
5kmN3010E4085,0.2013951316255499
5kmN3010E4090,0.17924199512460343
5kmN3010E4095,0.17344659021770475
5kmN3010E4100,0.18055183981974315
5kmN3010E4105,0.2088850589763212
5kmN3010E4110,0.19922899362265284
5kmN3010E4115,0.19178166887332387
5kmN3010E4120,0.1754990128305417
5kmN3010E4125,0.13761493665206143
5kmN3010E4130,0.041007261097917524
5kmN3010E4135,0.04296084276869233
5kmN3010E4140,0.1619117624932156
5kmN3010E4145,0.15102137055371606
5kmN3010E4150,0.10547927028686921
5kmN3010E4155,0.1653734011905898
5kmN3010E4160,0.17933623081429584
5kmN3010E4165,0.1714643921829146
5kmN3010E4170,0.1550753740004439
5kmN3010E4175,0.12519580593950913
5kmN3010E4180,0.10965216563757885
5kmN3010E4185,0.10672477200522953
5kmN3010E4190,0.10826959358162158
5kmN3010E4195,0.09834528349678637
5kmN3010E4200,0.18081589071029186
5kmN3010E4205,0.43681861952302453
5kmN3010E4210,0.5038675181300469
5kmN3010E4215,0.4635677688464086
5kmN3010E4220,0.4115857559384052
5kmN3010E4225,0.24047226258035648
5kmN3010E4230,0.04221639833111976
5kmN3010E4235,0.0382891006837624
5kmN3010E4240,0.033101445729109474
5kmN3010E4245,0.03764847849711242
5kmN3010E4250,0.04213491532221067
5kmN3010E4255,0.048915901802470935
5kmN3010E4260,0.06425782502019048
5kmN3010E4265,0.07499553633264178
5kmN3010E4270,0.08445311711034939
5kmN3010E4275,0.09722906939070844
5kmN3010E4280,0.1087780415017017
5kmN3010E4290,0.20715278127042688
5kmN3010E4295,0.24608856537907026
5kmN3010E4300,0.23029841123469763
5kmN3010E4305,0.24268686173999393
5kmN3010E4310,0.23881824602891222
5kmN3010E4315,0.22661400948231814
5kmN3010E4320,0.21740648265434082
5kmN3010E4325,0.20590699315153754
5kmN3010E4330,0.21238817094644602
5kmN3010E4335,0.198784330230442
5kmN3010E4340,0.19375856101771777
5kmN3010E4345,0.10668661409004665
5kmN3010E4350,0.1421219750049379
5kmN3010E4355,0.08730272033876962
5kmN3010E4360,0.109800771210878
5kmN3010E4365,0.05496781294579994
5kmN3010E4370,0.08131653230442626
5kmN3010E4375,0.15051797515016968
5kmN3010E4380,0.1644870218258772
5kmN3010E4385,0.17208279949028826
5kmN3010E4390,0.23045446957958493
5kmN3010E4395,0.19380720961778392
5kmN3010E4400,0.16832055854965156
5kmN3010E4405,0.21277098322271554
5kmN3010E4410,0.19914247120597284
5kmN3010E4415,0.2059504620228071
5kmN3010E4420,0.23127038075493866
5kmN3010E4425,0.27100804699335607
5kmN3010E4430,0.2765439797664885
5kmN3010E4435,0.331643390779378
5kmN3010E4440,0.4888488132799585
5kmN3010E4445,0.48804433160187055
5kmN3010E4450,0.501494453969471
5kmN3010E4455,0.4928095480140122
5kmN3010E4460,0.5086410473758514
5kmN3010E4465,0.4864675971477829
5kmN3010E4470,0.4681143711008346
5kmN3010E4475,0.4576241675598915
5kmN3010E4480,0.42271576143300266
5kmN3010E4485,0.4120703417224059
5kmN3015E4045,0.2084403816207778
5kmN3015E4050,0.2072001756002256
5kmN3015E4055,0.21412899239244212
5kmN3015E4060,0.20852866931780614
5kmN3015E4065,0.19274101894291143
5kmN3015E4070,0.1985875401862861
5kmN3015E4075,0.19773864841609196
5kmN3015E4080,0.18263010959567905
5kmN3015E4085,0.19988158862621913
5kmN3015E4090,0.19908302199740197
5kmN3015E4095,0.18150775431866611
5kmN3015E4100,0.17810346155698603
5kmN3015E4105,0.18861394732496667
5kmN3015E4110,0.19896644504306538
5kmN3015E4115,0.18497405393487848
5kmN3015E4120,0.17232663304253015
5kmN3015E4125,0.04831589703552713
5kmN3015E4130,-0.09699239384117736
5kmN3015E4135,-0.10282236221379282
5kmN3015E4140,0.011192589592938507
5kmN3015E4145,0.08280661413794321
5kmN3015E4150,0.03887429731465403
5kmN3015E4155,0.18209244251759527
5kmN3015E4160,0.18186353314217962
5kmN3015E4165,0.1747032490725069
5kmN3015E4170,0.17803303994143532
5kmN3015E4175,0.1729276832222006
5kmN3015E4180,0.11718420296143706
5kmN3015E4185,0.10149204669109219
5kmN3015E4190,0.08892407822221213
5kmN3015E4195,0.08946904631257377
5kmN3015E4200,0.1225956527620797
5kmN3015E4205,0.3615416714060554
5kmN3015E4210,0.4885023417068731
5kmN3015E4215,0.4769438686357876
5kmN3015E4220,0.4448944953772973
5kmN3015E4225,0.13499195950769258
5kmN3015E4230,0.0301442891164814
5kmN3015E4235,0.030989128839465224
5kmN3015E4240,0.042648806105025194
5kmN3015E4245,0.04188795776380813
5kmN3015E4250,0.05611210751871937
5kmN3015E4255,0.059678366135205524
5kmN3015E4260,0.09114440366630652
5kmN3015E4265,0.087714954808677
5kmN3015E4270,0.07405691950149931
5kmN3015E4275,0.08538567476477882
5kmN3015E4280,0.1092087257456299
5kmN3015E4285,0.10067986392779157
5kmN3015E4290,0.10120942848298245
5kmN3015E4295,0.17489704818771876
5kmN3015E4300,0.2380051267155311
5kmN3015E4305,0.2344683877566116
5kmN3015E4310,0.2473160132776454
5kmN3015E4315,0.24956340930785387
5kmN3015E4320,0.23610822980956464
5kmN3015E4325,0.22474973271197518
5kmN3015E4330,0.18455907159274576
5kmN3015E4335,0.18089101375770955
5kmN3015E4340,0.21291811367653385
5kmN3015E4345,0.16252631304282755
5kmN3015E4350,0.15735570828181483
5kmN3015E4355,0.15720507990909954
5kmN3015E4360,0.13905575002362008
5kmN3015E4365,0.09375545805153596
5kmN3015E4370,0.10872437020200926
5kmN3015E4375,0.1251978683347686
5kmN3015E4380,0.16346794777353985
5kmN3015E4385,0.3867097696813966
5kmN3015E4390,0.3410795957396776
5kmN3015E4395,0.187957758992908
5kmN3015E4400,0.18036541531398093
5kmN3015E4405,0.20350697034496185
5kmN3015E4410,0.21074468244041206
5kmN3015E4415,0.2166023942042672
5kmN3015E4420,0.2296968714841695
5kmN3015E4425,0.24014775281981704
5kmN3015E4430,0.35966838868585965
5kmN3015E4435,0.4668311355501897
5kmN3015E4440,0.4932220339526303
5kmN3015E4445,0.5009286833164938
5kmN3015E4450,0.4985387250933877
5kmN3015E4455,0.49188240329132965
5kmN3015E4460,0.5132691526804085
5kmN3015E4465,0.5043795612511741
5kmN3015E4470,0.5330482474958942
5kmN3015E4480,0.41042440112832873
5kmN3015E4485,0.4129109924804069
5kmN3020E4045,0.20733038982421806
5kmN3020E4050,0.21517673758160522
5kmN3020E4055,0.21393697264388117
5kmN3020E4060,0.221469197671608
5kmN3020E4065,0.22028070501403854
5kmN3020E4070,0.2064874620146083
5kmN3020E4075,0.19389842452569162
5kmN3020E4080,0.18656410811253665
5kmN3020E4085,0.1881267387145587
5kmN3020E4090,0.1827659714115068
5kmN3020E4095,0.18526755706214726
5kmN3020E4100,0.17781373091626285
5kmN3020E4105,0.15030314938682104
5kmN3020E4110,0.07854315765186232
5kmN3020E4115,0.04060681977608238
5kmN3020E4120,-0.04200362286775938
5kmN3020E4125,-0.09762725809816597
5kmN3020E4130,-0.09856096391270386
5kmN3020E4135,-0.10576677437367005
5kmN3020E4140,-0.08370561114534686
5kmN3020E4145,-0.031122241523852567
5kmN3020E4150,0.04655325954769124
5kmN3020E4155,0.18279458115762176
5kmN3020E4160,0.17954068476968227
5kmN3020E4165,0.16425967755131904
5kmN3020E4170,0.16623070942682522
5kmN3020E4175,0.17163909194054655
5kmN3020E4180,0.15320211706720505
5kmN3020E4185,0.09677446168500836
5kmN3020E4190,0.06036055998143314
5kmN3020E4195,0.05648328870786784
5kmN3020E4200,0.18142462118722946
5kmN3020E4205,0.44947012335016295
5kmN3020E4210,0.44350073061647044
5kmN3020E4215,0.43953457226310366
5kmN3020E4220,0.3200970136839378
5kmN3020E4225,0.04900100260444967
5kmN3020E4230,0.02041048699654771
5kmN3020E4235,0.0279413641561074
5kmN3020E4240,0.046546600393262166
5kmN3020E4245,0.04577762512061925
5kmN3020E4250,0.047863648607569254
5kmN3020E4255,0.07119947708930344
5kmN3020E4260,0.09387770616915311
5kmN3020E4265,0.08473606561320049
5kmN3020E4270,0.08104783996583664
5kmN3020E4275,0.08714257948886953
5kmN3020E4280,0.08656678361392955
5kmN3020E4285,0.10255913380999174
5kmN3020E4290,0.09925127523167251
5kmN3020E4295,0.1092567364917795
5kmN3020E4300,0.1740068806254402
5kmN3020E4305,0.24110195383047667
5kmN3020E4310,0.2685752882413504
5kmN3020E4315,0.2620541616601666
5kmN3020E4320,0.2317790510254294
5kmN3020E4325,0.211193786917575
5kmN3020E4330,0.17381178329949276
5kmN3020E4335,0.15779722811939267
5kmN3020E4340,0.1665363161704479
5kmN3020E4345,0.1566280148107066
5kmN3020E4350,0.14432019581451405
5kmN3020E4355,0.15415541184362636
5kmN3020E4360,0.1379725645812549
5kmN3020E4365,0.0955718525905499
5kmN3020E4370,0.11578807684930947
5kmN3020E4375,0.16428443528728492
5kmN3020E4380,0.16507437699956562
5kmN3020E4385,0.20554880911075785
5kmN3020E4390,0.1864141503772545
5kmN3020E4395,0.1820710232885303
5kmN3020E4400,0.18599611291896923
5kmN3020E4405,0.20781540368060852
5kmN3020E4410,0.20723644325164414
5kmN3020E4415,0.23072479896253772
5kmN3020E4420,0.24117604528986747
5kmN3020E4425,0.23790489134824339
5kmN3020E4430,0.41315892384118946
5kmN3020E4435,0.4964443022650803
5kmN3020E4440,0.4905783753702303
5kmN3020E4445,0.4873686691492121
5kmN3020E4450,0.41130152330209563
5kmN3020E4455,0.38004915204737566
5kmN3020E4460,0.4936387994827509
5kmN3020E4465,0.513489223776431
5kmN3020E4470,0.5311212398778788
5kmN3020E4475,0.4187422255580807
5kmN3020E4480,0.40522046575533543
5kmN3020E4485,0.4021912864070135
5kmN3020E4490,0.4328791429819671
5kmN3025E4055,0.21991101116383685
5kmN3025E4060,0.22638407323421164
5kmN3025E4065,0.22098320367775523
5kmN3025E4070,0.21323441279685507
5kmN3025E4075,0.19336648262466
5kmN3025E4080,0.18384744683607324
5kmN3025E4085,0.18100054214632083
5kmN3025E4090,0.1746904542710609
5kmN3025E4095,0.1727482287062736
5kmN3025E4100,0.16420528889729757
5kmN3025E4105,0.07415042905392855
5kmN3025E4110,-0.038403464552690614
5kmN3025E4115,-0.046755932578000925
5kmN3025E4120,-0.07640338302884736
5kmN3025E4125,-0.09708480258164398
5kmN3025E4130,-0.0911023242839577
5kmN3025E4135,-0.09947779520245159
5kmN3025E4140,-0.09076396992258579
5kmN3025E4145,-0.009888731953282714
5kmN3025E4150,0.04869810266446123
5kmN3025E4155,0.16081712601876902
5kmN3025E4160,0.19494841725211315
5kmN3025E4165,0.175123722177829
5kmN3025E4170,0.16172787996532656
5kmN3025E4175,0.15562819094082958
5kmN3025E4180,0.1209387975078402
5kmN3025E4185,0.04023434669900389
5kmN3025E4190,0.03513204244637819
5kmN3025E4195,0.06776597864791023
5kmN3025E4200,0.26192196791468064
5kmN3025E4205,0.42848324285348716
5kmN3025E4210,0.43856250581044287
5kmN3025E4215,0.4144976204155675
5kmN3025E4220,0.24744110522243745
5kmN3025E4225,0.03705959378944018
5kmN3025E4230,0.025679617226245843
5kmN3025E4235,0.029848437436636316
5kmN3025E4240,0.03573425006108408
5kmN3025E4245,0.05111555064484932
5kmN3025E4250,0.060478984645528616
5kmN3025E4255,0.08548565010952511
5kmN3025E4260,0.09575231266083664
5kmN3025E4265,0.097318695597442
5kmN3025E4270,0.08753469610481535
5kmN3025E4275,0.09403848090377984
5kmN3025E4280,0.0978974673510421
5kmN3025E4285,0.08934329480388697
5kmN3025E4290,0.11378722449000137
5kmN3025E4295,0.11769317400176538
5kmN3025E4300,0.17084866269737906
5kmN3025E4305,0.25008668425015096
5kmN3025E4310,0.26421507002139605
5kmN3025E4315,0.24321482913974785
5kmN3025E4320,0.22758281968452174
5kmN3025E4325,0.2084972143205471
5kmN3025E4330,0.18578136759824282
5kmN3025E4335,0.16646069063658392
5kmN3025E4340,0.16187794283750123
5kmN3025E4345,0.16427822031862138
5kmN3025E4350,0.15897925453554007
5kmN3025E4355,0.12935411892192128
5kmN3025E4360,0.10238370036971323
5kmN3025E4365,0.10375074801228767
5kmN3025E4370,0.1255269924303255
5kmN3025E4375,0.15997021496469466
5kmN3025E4380,0.17483397223708913
5kmN3025E4385,0.18385959222182618
5kmN3025E4390,0.20233931677472533
5kmN3025E4395,0.20936871913962157
5kmN3025E4400,0.20372340673638945
5kmN3025E4405,0.2189018053657164
5kmN3025E4410,0.22100424609134312
5kmN3025E4415,0.23475093146395304
5kmN3025E4420,0.24137251462753279
5kmN3025E4425,0.24186238826981094
5kmN3025E4430,0.4342655678813823
5kmN3025E4435,0.49302859582787156
5kmN3025E4440,0.4874421487707921
5kmN3025E4445,0.4956124644087755
5kmN3025E4450,0.47790368834447094
5kmN3025E4455,0.408557974234295
5kmN3025E4460,0.45905370967367287
5kmN3025E4465,0.42374387739708336
5kmN3025E4470,0.4067172969766829
5kmN3025E4475,0.4063812653176343
5kmN3025E4480,0.39535012937062325
5kmN3025E4485,0.4068105235408516
5kmN3025E4490,0.42836621345102355
5kmN3025E4495,0.4260509237446149
5kmN3030E4060,-0.005917815507205326
5kmN3030E4065,0.1514851152535155
5kmN3030E4070,0.10143607899132523
5kmN3030E4075,0.17775693524306851
5kmN3030E4080,0.0896137527814082
5kmN3030E4085,0.0025140474600079954
5kmN3030E4090,0.0950168127238652
5kmN3030E4095,0.1632788484676599
5kmN3030E4100,0.16836106735932665
5kmN3030E4105,0.0890296891334173
5kmN3030E4110,-0.0220888704112141
5kmN3030E4115,-0.023343663918059754
5kmN3030E4120,-0.049300700771588324
5kmN3030E4125,-0.09074565598713175
5kmN3030E4130,-0.10888603699255317
5kmN3030E4135,-0.11793980339790455
5kmN3030E4140,-0.10056748251347641
5kmN3030E4145,-0.053219535291159414
5kmN3030E4150,-0.07415151658124108
5kmN3030E4155,0.09827088549799173
5kmN3030E4160,0.16207554407319485
5kmN3030E4165,0.10466502511397652
5kmN3030E4170,0.15584389054809406
5kmN3030E4175,0.1237036844696578
5kmN3030E4180,0.05465750491113114
5kmN3030E4185,0.02250924841581553
5kmN3030E4190,0.03632417753237799
5kmN3030E4195,0.07153312013182705
5kmN3030E4200,0.08627039006220832
5kmN3030E4205,0.2852414508936699
5kmN3030E4210,0.35669185670336273
5kmN3030E4215,0.156745942641204
5kmN3030E4220,0.05686442254517329
5kmN3030E4225,0.019447649810693468
5kmN3030E4230,0.014590282593205106
5kmN3030E4235,0.015456525354479222
5kmN3030E4240,0.03692019994623172
5kmN3030E4245,0.04744219620018253
5kmN3030E4250,0.055756441608032226
5kmN3030E4255,0.07744724142495721
5kmN3030E4260,0.08998612474140039
5kmN3030E4265,0.10783560160528036
5kmN3030E4270,0.10144000698251307
5kmN3030E4275,0.11427725459812133
5kmN3030E4280,0.10943126672426373
5kmN3030E4285,0.0745615171425976
5kmN3030E4290,0.06780220497917253
5kmN3030E4295,0.07753190607965296
5kmN3030E4300,0.12023893411489647
5kmN3030E4305,0.21142792798508897
5kmN3030E4310,0.17934067746739066
5kmN3030E4315,0.23122516538644838
5kmN3030E4320,0.21541919042811625
5kmN3030E4325,0.2041063618343507
5kmN3030E4330,0.18603783993208783
5kmN3030E4335,0.1816542436797995
5kmN3030E4340,0.1599312415175912
5kmN3030E4345,0.1485522671273673
5kmN3030E4350,0.08204964123870417
5kmN3030E4355,0.09429793309874124
5kmN3030E4360,0.11343398594489967
5kmN3030E4365,0.11349517306625811
5kmN3030E4370,0.10848985989798288
5kmN3030E4375,0.12642270064444777
5kmN3030E4380,0.1483977044544919
5kmN3030E4385,0.15866144961295992
5kmN3030E4390,0.22220502876713194
5kmN3030E4395,0.23238092091539353
5kmN3030E4400,0.2438504807008317
5kmN3030E4405,0.24242944527745075
5kmN3030E4410,0.23700059366115211
5kmN3030E4415,0.2340701202204794
5kmN3030E4420,0.24598734018465002
5kmN3030E4425,0.29823060236185933
5kmN3030E4430,0.34745059518364046
5kmN3030E4435,0.42376700846109805
5kmN3030E4440,0.44466594060095765
5kmN3030E4445,0.4768840229415671
5kmN3030E4450,0.4519474407028291
5kmN3030E4455,0.4945591952320533
5kmN3030E4460,0.40753141233723894
5kmN3030E4465,0.37530710387876426
5kmN3030E4470,0.3834287636105002
5kmN3030E4475,0.3909901457331727
5kmN3030E4480,0.39578479744252737
5kmN3030E4485,0.41711350926210256
5kmN3030E4490,0.4137873397745345
5kmN3030E4495,0.4174174930024069
5kmN3035E4060,-0.017628271007978702
5kmN3035E4065,-0.011739550162694068
5kmN3035E4070,-0.04836934844708002
5kmN3035E4075,-0.03876694433858324
5kmN3035E4080,-0.07196980701451294
5kmN3035E4085,-0.08311546003921816
5kmN3035E4090,0.07470996189516227
5kmN3035E4095,0.16294999102159363
5kmN3035E4100,0.16240969504984248
5kmN3035E4105,0.17408783789768478
5kmN3035E4110,0.15472187717871388
5kmN3035E4115,0.12199435520465579
5kmN3035E4120,0.07271530041481666
5kmN3035E4125,0.012249254911550655
5kmN3035E4130,-0.10946649692245347
5kmN3035E4135,-0.1556590560730543
5kmN3035E4140,-0.10163724153098347
5kmN3035E4145,-0.14470763544234783
5kmN3035E4150,-0.09163051060903704
5kmN3035E4155,0.09231333493101512
5kmN3035E4160,0.10718196105701971
5kmN3035E4165,0.066812647954754
5kmN3035E4170,0.06660784048960855
5kmN3035E4175,0.054178698309918116
5kmN3035E4180,0.03198001801227174
5kmN3035E4185,0.038172872934677415
5kmN3035E4190,0.052580106836762175
5kmN3035E4195,0.05817216147598575
5kmN3035E4200,0.06622006388638108
5kmN3035E4205,0.07204787587330669
5kmN3035E4210,0.12621654481689204
5kmN3035E4215,0.039089081278177784
5kmN3035E4220,0.028051983549899212
5kmN3035E4225,0.011932512161299647
5kmN3035E4230,0.011688760536196496
5kmN3035E4235,-0.04418685690343757
5kmN3035E4240,-0.050807015117008025
5kmN3035E4245,-0.009271930526339456
5kmN3035E4250,0.06328704291180373
5kmN3035E4255,0.10509178534772656
5kmN3035E4260,0.11567432876336897
5kmN3035E4265,0.12889601744234316
5kmN3035E4270,0.12269019343662119
5kmN3035E4275,0.13164654041337864
5kmN3035E4280,0.11781533810723765
5kmN3035E4285,0.07935654534568368
5kmN3035E4290,0.041711050912980996
5kmN3035E4295,0.057559450492667336
5kmN3035E4300,0.06287714644015929
5kmN3035E4305,0.07824077487277134
5kmN3035E4310,0.1064663550454511
5kmN3035E4315,0.13172359260853334
5kmN3035E4320,0.22604903294591475
5kmN3035E4325,0.221868193276808
5kmN3035E4330,0.18926100684614994
5kmN3035E4335,0.1745387302879915
5kmN3035E4340,0.1674806344894878
5kmN3035E4345,0.08474106148729599
5kmN3035E4350,0.03574776215756659
5kmN3035E4355,0.0652387993391168
5kmN3035E4360,0.09691218580768757
5kmN3035E4365,0.11853319499156106
5kmN3035E4370,0.12330842033628558
5kmN3035E4375,0.13003887008246962
5kmN3035E4380,0.13506533704163942
5kmN3035E4385,0.14509381193072884
5kmN3035E4390,0.202446103317929
5kmN3035E4395,0.24345446423735856
5kmN3035E4400,0.24183732353551296
5kmN3035E4405,0.24511103434872245
5kmN3035E4410,0.2438428219567707
5kmN3035E4415,0.23709141824058944
5kmN3035E4420,0.2918615127106508
5kmN3035E4425,0.3569470363559028
5kmN3035E4430,0.37259510814786884
5kmN3035E4435,0.3505779993638243
5kmN3035E4440,0.3515278784226256
5kmN3035E4445,0.362861395774529
5kmN3035E4450,0.3610339786214396
5kmN3035E4455,0.3989665550525961
5kmN3035E4460,0.3791060716446371
5kmN3035E4465,0.36824197748133547
5kmN3035E4470,0.35876843388527835
5kmN3035E4475,0.37278589575338095
5kmN3035E4480,0.3984913783238353
5kmN3035E4485,0.4093077754044225
5kmN3035E4490,0.4173375381480824
5kmN3035E4495,0.4196485742399455
5kmN3035E4500,0.42531831356702415
5kmN3035E4505,0.3943391925178154
5kmN3035E4510,0.39517971814486647
5kmN3035E4515,0.3977329015912545
5kmN3035E4520,0.3975596544046574
5kmN3035E4525,0.4040650479011445
5kmN3035E4530,0.41032751860211053
5kmN3040E4060,-0.039211217558273725
5kmN3040E4065,-0.039620519028456425
5kmN3040E4070,-0.04938691139858786
5kmN3040E4075,-0.05384179337013051
5kmN3040E4080,-0.06227187466182332
5kmN3040E4085,-0.07071047277373899
5kmN3040E4090,0.13453307167134054
5kmN3040E4095,0.10330053841552084
5kmN3040E4100,0.14485753569181992
5kmN3040E4105,0.15952676939588567
5kmN3040E4110,0.1733467124106573
5kmN3040E4115,0.16764236598571447
5kmN3040E4120,0.13182588505055004
5kmN3040E4125,0.08290284961851413
5kmN3040E4130,-0.051390942933950634
5kmN3040E4135,0.007107992626905757
5kmN3040E4140,0.011044873557366719
5kmN3040E4145,0.02558468513133333
5kmN3040E4150,0.06709930317252655
5kmN3040E4155,0.10225670700501943
5kmN3040E4160,0.07774403091389298
5kmN3040E4165,0.07545703969706374
5kmN3040E4170,0.08001830710774799
5kmN3040E4175,0.07361740370965802
5kmN3040E4180,0.06454060896196195
5kmN3040E4185,0.06354037147903985
5kmN3040E4190,0.05748134919710007
5kmN3040E4195,0.04970785381817755
5kmN3040E4200,0.060282462812355164
5kmN3040E4205,0.11052886470464202
5kmN3040E4210,0.11160735306496733
5kmN3040E4215,0.0806768757268993
5kmN3040E4220,-0.05070841811262916
5kmN3040E4225,-0.06077242438820793
5kmN3040E4230,-0.08261647979998935
5kmN3040E4235,-0.08347949093561341
5kmN3040E4240,-0.07912181171708282
5kmN3040E4245,-0.03505171896585546
5kmN3040E4250,0.04708687087079749
5kmN3040E4255,0.1042490718598511
5kmN3040E4260,0.13794747955249342
5kmN3040E4265,0.14748003205602894
5kmN3040E4270,0.1332106622591458
5kmN3040E4275,0.12814619086409507
5kmN3040E4280,0.08422810891212146
5kmN3040E4285,0.06647066222502862
5kmN3040E4290,0.053192090044167806
5kmN3040E4295,0.03662195145258329
5kmN3040E4300,0.04046101033666566
5kmN3040E4305,0.07074964565003766
5kmN3040E4310,0.1023733614220077
5kmN3040E4315,0.12664455416801096
5kmN3040E4320,0.1642535895640171
5kmN3040E4325,0.22855951728890614
5kmN3040E4330,0.19292315640531188
5kmN3040E4335,0.1795905626183169
5kmN3040E4340,0.12610316282905
5kmN3040E4345,0.05375112480615951
5kmN3040E4350,0.048752080127388187
5kmN3040E4355,0.0416632071120181
5kmN3040E4360,0.09204324385557028
5kmN3040E4365,0.1193276810421185
5kmN3040E4370,0.11885239621076821
5kmN3040E4375,0.13296673493813915
5kmN3040E4380,0.14386148471208304
5kmN3040E4385,0.16068896390860882
5kmN3040E4390,0.19777291732023988
5kmN3040E4395,0.2480430272414575
5kmN3040E4400,0.23616955006662538
5kmN3040E4405,0.24808242331559388
5kmN3040E4410,0.2857602473669732
5kmN3040E4415,0.22602573582352103
5kmN3040E4420,0.29752186573393974
5kmN3040E4425,0.35370746569219674
5kmN3040E4430,0.357773255589598
5kmN3040E4435,0.33537133889878357
5kmN3040E4440,0.33724993723764374
5kmN3040E4445,0.36072973511403555
5kmN3040E4450,0.3664795238940682
5kmN3040E4455,0.3690624387389367
5kmN3040E4460,0.3747707662379102
5kmN3040E4465,0.3652809809791978
5kmN3040E4470,0.35145914849827764
5kmN3040E4475,0.3730603805903764
5kmN3040E4480,0.39705796201735477
5kmN3040E4485,0.3973700958592006
5kmN3040E4490,0.4064362338088403
5kmN3040E4495,0.4006284517016179
5kmN3040E4500,0.37880180182714335
5kmN3040E4505,0.3859502043608899
5kmN3040E4510,0.38763626867764756
5kmN3040E4515,0.39111913951906424
5kmN3040E4520,0.3864606113088989
5kmN3040E4525,0.38829495084512894
5kmN3040E4530,0.4009612954831631
5kmN3040E4535,0.4052574924971469
5kmN3045E4050,0.03987405657908086
5kmN3045E4065,-0.06597582239963634
5kmN3045E4070,-0.06341783806574575
5kmN3045E4075,-0.06287116492492584
5kmN3045E4080,-0.07593965914327244
5kmN3045E4085,-0.08016323244662582
5kmN3045E4090,-0.012346907240747385
5kmN3045E4095,-0.07824033086719595
5kmN3045E4100,0.10770749073019925
5kmN3045E4105,0.1422869896740277
5kmN3045E4110,0.16038196743403244
5kmN3045E4115,0.15621505550086057
5kmN3045E4120,0.12574022916668653
5kmN3045E4125,0.07042601875532312
5kmN3045E4130,0.019804152795293628
5kmN3045E4135,0.07526769131466876
5kmN3045E4140,0.06193076967266159
5kmN3045E4145,0.060590539702220114
5kmN3045E4150,0.0526320985025856
5kmN3045E4155,0.08718300550750574
5kmN3045E4160,0.10567269829706283
5kmN3045E4165,0.11631504089033134
5kmN3045E4170,0.11528430103868542
5kmN3045E4175,0.10244546412536248
5kmN3045E4180,0.08573746488205058
5kmN3045E4185,0.08904109877276417
5kmN3045E4190,0.08816839993865871
5kmN3045E4195,0.07209544128237
5kmN3045E4200,0.10658092664702601
5kmN3045E4205,0.10154164182117448
5kmN3045E4210,0.08988878567703101
5kmN3045E4215,0.08479139462209745
5kmN3045E4220,-0.021996356943335515
5kmN3045E4225,-0.10959976895254894
5kmN3045E4230,-0.09319711893281057
5kmN3045E4235,-0.07447077046576345
5kmN3045E4240,-0.061509650744747124
5kmN3045E4245,-0.05806140475430582
5kmN3045E4250,-0.019865110410060838
5kmN3045E4255,0.04962449710134065
5kmN3045E4260,0.13936211582725694
5kmN3045E4265,0.13430467494593556
5kmN3045E4270,0.1318491294827447
5kmN3045E4275,0.12437687241708217
5kmN3045E4280,0.09211806773177761
5kmN3045E4285,0.055103032196970936
5kmN3045E4290,0.03299630038857876
5kmN3045E4295,0.028602308779537178
5kmN3045E4300,0.02111811660971491
5kmN3045E4305,0.05890247208798302
5kmN3045E4310,0.10637087124563166
5kmN3045E4315,0.11472109927412208
5kmN3045E4320,0.11337157808416307
5kmN3045E4325,0.18015833861731467
5kmN3045E4330,0.16806021116833725
5kmN3045E4335,0.09469825482600008
5kmN3045E4340,0.05705431980468134
5kmN3045E4345,0.051923002904488924
5kmN3045E4350,0.04888926508554947
5kmN3045E4355,0.05537017618160245
5kmN3045E4360,0.09941112960999388
5kmN3045E4365,0.13758267098581767
5kmN3045E4370,0.13318667776208182
5kmN3045E4375,0.13425356547546263
5kmN3045E4380,0.1505510572801717
5kmN3045E4385,0.157188049095707
5kmN3045E4390,0.269306049740911
5kmN3045E4395,0.32993190929154176
5kmN3045E4400,0.27323600772742235
5kmN3045E4405,0.31425583699945314
5kmN3045E4410,0.3568301049344067
5kmN3045E4415,0.3156855641132399
5kmN3045E4420,0.3294929072514635
5kmN3045E4425,0.3490919841131207
5kmN3045E4430,0.35096852692188496
5kmN3045E4435,0.35277412902404615
5kmN3045E4440,0.33121657255948245
5kmN3045E4445,0.3555360428212448
5kmN3045E4450,0.3626369763095084
5kmN3045E4455,0.3735198473784586
5kmN3045E4460,0.3779607469313187
5kmN3045E4465,0.3805564152914147
5kmN3045E4470,0.3615745227950764
5kmN3045E4475,0.35860139767462007
5kmN3045E4480,0.3811647335799235
5kmN3045E4485,0.3932259407265242
5kmN3045E4490,0.3940721350980492
5kmN3045E4495,0.38913969969640966
5kmN3045E4500,0.3513949340649992
5kmN3045E4505,0.3715455316241741
5kmN3045E4510,0.3768760639472619
5kmN3045E4515,0.38009033725213404
5kmN3045E4520,0.3794983418224552
5kmN3045E4525,0.3732709518361774
5kmN3045E4530,0.37946132779788255
5kmN3045E4535,0.38336626783739497
5kmN3045E4540,0.3703777621680132
5kmN3050E4050,0.045745226347364304
5kmN3050E4055,0.04152749252348184
5kmN3050E4060,-0.001451696869096769
5kmN3050E4065,-0.06547117956482496
5kmN3050E4070,-0.0769614608238019
5kmN3050E4075,-0.08713061737523436
5kmN3050E4080,-0.08561933267921357
5kmN3050E4085,-0.08955588839229628
5kmN3050E4090,-0.08699544402693171
5kmN3050E4095,-0.08406105980483491
5kmN3050E4100,0.030884608715842754
5kmN3050E4105,0.13507212651486522
5kmN3050E4110,0.1261111317205738
5kmN3050E4115,0.10377538000846193
5kmN3050E4120,0.08938124478504395
5kmN3050E4125,0.030248210283291443
5kmN3050E4130,0.06743268140348263
5kmN3050E4135,0.07210348160823138
5kmN3050E4140,0.07373560586111144
5kmN3050E4145,0.06142809999724275
5kmN3050E4150,0.05584308936629878
5kmN3050E4155,0.08294179807110524
5kmN3050E4160,0.11502765512869134
5kmN3050E4165,0.1352139001590188
5kmN3050E4170,0.12939656208722256
5kmN3050E4175,0.11972548337117245
5kmN3050E4180,0.12628620424718096
5kmN3050E4185,0.13180942769062992
5kmN3050E4190,0.13654681539244012
5kmN3050E4195,0.13521763351023214
5kmN3050E4200,0.13919183383306016
5kmN3050E4205,0.10550659049077521
5kmN3050E4210,0.0679736776623231
5kmN3050E4215,0.070761121046791
5kmN3050E4220,-0.029237641353631327
5kmN3050E4225,-0.11878720230247408
5kmN3050E4230,-0.09414225320558356
5kmN3050E4235,-0.07836559961875511
5kmN3050E4240,-0.06327280032538302
5kmN3050E4245,-0.055017380477738353
5kmN3050E4250,-0.016255778883509597
5kmN3050E4255,0.09244230383825575
5kmN3050E4260,0.12877455493107792
5kmN3050E4265,0.134574784387976
5kmN3050E4270,0.128408957601659
5kmN3050E4275,0.12014386067020821
5kmN3050E4280,0.11026599793364977
5kmN3050E4285,0.0349757426621678
5kmN3050E4290,0.033466472153861504
5kmN3050E4295,0.02925572062872317
5kmN3050E4300,0.02730616902025368
5kmN3050E4305,0.04865740602162577
5kmN3050E4310,0.08242883539327528
5kmN3050E4315,0.09450025189004976
5kmN3050E4320,0.1014156286923443
5kmN3050E4325,0.0859158664125989
5kmN3050E4330,0.06528402460108867
5kmN3050E4335,0.06462523218858396
5kmN3050E4340,0.058637595768176176
5kmN3050E4345,0.05162363314173535
5kmN3050E4350,0.03342798999493324
5kmN3050E4355,0.04501915571972037
5kmN3050E4360,0.09354872893736627
5kmN3050E4365,0.08084157957885957
5kmN3050E4370,0.11975552971360787
5kmN3050E4375,0.13811553419881484
5kmN3050E4380,0.12307252373167077
5kmN3050E4385,0.11041602342042606
5kmN3050E4390,0.0880557238991046
5kmN3050E4395,0.2527595600393385
5kmN3050E4400,0.33972148817512937
5kmN3050E4405,0.3455374949808313
5kmN3050E4410,0.33637287164204066
5kmN3050E4415,0.3333484481622586
5kmN3050E4420,0.3302887072529487
5kmN3050E4425,0.3338855548317762
5kmN3050E4430,0.33775470745341873
5kmN3050E4435,0.3428374516117169
5kmN3050E4440,0.34211862204914323
5kmN3050E4445,0.33797338145820943
5kmN3050E4450,0.3531103251788017
5kmN3050E4455,0.3685606716248549
5kmN3050E4460,0.35010459319987064
5kmN3050E4465,0.2009055300823046
5kmN3050E4470,0.31456625056476634
5kmN3050E4475,0.36963008702521516
5kmN3050E4480,0.3762785604179674
5kmN3050E4485,0.3794611668746232
5kmN3050E4490,0.39203060951461927
5kmN3050E4495,0.38455008398132573
5kmN3050E4500,0.36677464787397307
5kmN3050E4505,0.3635454283322665
5kmN3050E4510,0.36436188071111364
5kmN3050E4515,0.356341405010695
5kmN3050E4520,0.3652503461378454
5kmN3050E4525,0.3634300961034597
5kmN3050E4530,0.35028048787583327
5kmN3050E4535,0.37879038174236407
5kmN3050E4540,0.39172752380153525
5kmN3050E4545,0.413050960191327
5kmN3055E4050,0.05325895983371784
5kmN3055E4055,0.0323756368055112
5kmN3055E4060,0.012869657603158668
5kmN3055E4065,-0.06887949935000429
5kmN3055E4070,-0.08192112156751186
5kmN3055E4075,-0.09240059766157938
5kmN3055E4080,-0.11338874617876571
5kmN3055E4085,-0.10215081698229639
5kmN3055E4090,-0.11493567271803906
5kmN3055E4095,-0.09998991109980793
5kmN3055E4100,-0.05721067870342364
5kmN3055E4105,-0.06154610196653859
5kmN3055E4110,0.017419335921500245
5kmN3055E4115,0.04202761150124951
5kmN3055E4120,0.04536040845621647
5kmN3055E4125,0.027876321057857145
5kmN3055E4130,0.06599815025133865
5kmN3055E4135,0.062423759837359316
5kmN3055E4140,0.04912015497176275
5kmN3055E4145,0.04738758331627946
5kmN3055E4150,0.0661183545402379
5kmN3055E4155,0.10368144235595
5kmN3055E4160,0.1387182429396725
5kmN3055E4165,0.14286415248248446
5kmN3055E4170,0.13111104474013474
5kmN3055E4175,0.13267913668222275
5kmN3055E4180,0.13945320564967179
5kmN3055E4185,0.15289518922675438
5kmN3055E4190,0.1942109507364794
5kmN3055E4195,0.17616412662318331
5kmN3055E4200,0.13299236243960882
5kmN3055E4205,0.11344316237028679
5kmN3055E4210,0.12552196702078827
5kmN3055E4215,0.06542705495364298
5kmN3055E4220,-0.07729139702294782
5kmN3055E4225,-0.0975861791855705
5kmN3055E4230,-0.08139982069312779
5kmN3055E4235,-0.07460080666284857
5kmN3055E4240,-0.04852229013461107
5kmN3055E4245,-0.01740318920909384
5kmN3055E4250,0.07702463843532986
5kmN3055E4255,0.10400115858082515
5kmN3055E4260,0.11365489371828752
5kmN3055E4265,0.12555961490603373
5kmN3055E4270,0.1224187259447087
5kmN3055E4275,0.09467881226218322
5kmN3055E4280,0.09798196840619883
5kmN3055E4285,0.0631132130527689
5kmN3055E4290,0.08999047994981141
5kmN3055E4295,0.043046671951704585
5kmN3055E4300,0.03866232756952798
5kmN3055E4305,0.05747059497606902
5kmN3055E4310,0.07536700680500868
5kmN3055E4315,0.08884546383862835
5kmN3055E4320,0.08430300788142311
5kmN3055E4325,0.07918350846918965
5kmN3055E4330,0.06809331079351688
5kmN3055E4335,0.06641600665343456
5kmN3055E4340,0.053410236047253035
5kmN3055E4345,0.04810656374685773
5kmN3055E4350,0.05237959561573635
5kmN3055E4355,0.052074602177042295
5kmN3055E4360,0.05528141664698033
5kmN3055E4365,0.046378803898043275
5kmN3055E4370,0.08594303216478144
5kmN3055E4375,0.10861345671030243
5kmN3055E4380,0.08604907377354531
5kmN3055E4385,0.07655270096444788
5kmN3055E4390,0.08606086701669752
5kmN3055E4395,0.2466132005861646
5kmN3055E4400,0.3336326433935338
5kmN3055E4405,0.3320869907231372
5kmN3055E4410,0.32210513306792476
5kmN3055E4415,0.30604721788765765
5kmN3055E4420,0.3111594219202921
5kmN3055E4425,0.3069944118104966
5kmN3055E4430,0.31603792770947436
5kmN3055E4435,0.33309897649256937
5kmN3055E4440,0.3398797777612292
5kmN3055E4445,0.34699092317831304
5kmN3055E4450,0.3337610196522495
5kmN3055E4455,0.1349685194649879
5kmN3055E4460,0.21998536746554742
5kmN3055E4465,0.06286642266385822
5kmN3055E4470,0.22445564413461616
5kmN3055E4475,0.34890130312992207
5kmN3055E4480,0.3692259313608578
5kmN3055E4485,0.379877540647393
5kmN3055E4490,0.37483281702080745
5kmN3055E4495,0.33713362622785953
5kmN3055E4500,0.34403351529988896
5kmN3055E4505,0.3461179278826089
5kmN3055E4510,0.34733988004411376
5kmN3055E4515,0.36405460981394294
5kmN3055E4520,0.3740902692988975
5kmN3055E4525,0.3652189186058375
5kmN3055E4530,0.33485128961919586
5kmN3055E4535,0.35914184574256375
5kmN3055E4540,0.38782801399911365
5kmN3055E4545,0.4026033240008668
5kmN3055E4550,0.4219901547482968
5kmN3055E4555,0.4300253276500924
5kmN3060E4050,0.030689714651493477
5kmN3060E4055,0.03706864204644758
5kmN3060E4060,0.022155873723542358
5kmN3060E4065,-0.04302350526696619
5kmN3060E4070,-0.024381420700731127
5kmN3060E4075,-0.05645768315747063
5kmN3060E4080,-0.12829091380112262
5kmN3060E4085,-0.1284283853325376
5kmN3060E4090,-0.13247717435462392
5kmN3060E4095,-0.1355337492325974
5kmN3060E4100,-0.10917060518814789
5kmN3060E4105,-0.10237167503358341
5kmN3060E4110,-0.06140275393444308
5kmN3060E4115,-0.07929176070548966
5kmN3060E4120,-0.07156054705948722
5kmN3060E4125,-0.06013650016795316
5kmN3060E4130,-0.003011367529764164
5kmN3060E4135,0.07084475694932774
5kmN3060E4140,0.06495804473340894
5kmN3060E4145,0.04088560880837383
5kmN3060E4150,0.06273229499498556
5kmN3060E4155,0.0761178989168928
5kmN3060E4160,0.13100172090940027
5kmN3060E4165,0.1272812491425107
5kmN3060E4170,0.13525047121334338
5kmN3060E4175,0.13102846775156962
5kmN3060E4180,0.1551992623110277
5kmN3060E4185,0.185473149784189
5kmN3060E4190,0.20287522596432836
5kmN3060E4195,0.16615382568332715
5kmN3060E4200,0.123890635375344
5kmN3060E4205,0.14819677107732926
5kmN3060E4210,0.14297973904434852
5kmN3060E4215,0.05748759407929116
5kmN3060E4220,-0.03798670657318998
5kmN3060E4225,-0.06835871804916321
5kmN3060E4230,-0.07058732843561391
5kmN3060E4235,-0.05513638210735339
5kmN3060E4240,-0.04631878354473734
5kmN3060E4245,0.01563594227474402
5kmN3060E4250,0.08350616845992348
5kmN3060E4255,0.10291669886536486
5kmN3060E4260,0.11211767211137269
5kmN3060E4265,0.11120362240163256
5kmN3060E4270,0.11177336652870407
5kmN3060E4275,0.10679410631668684
5kmN3060E4280,0.1085032289037483
5kmN3060E4285,0.1026886440063558
5kmN3060E4290,0.09522857440489374
5kmN3060E4295,0.041136758650479
5kmN3060E4300,0.02837367798610574
5kmN3060E4305,0.03885435343432564
5kmN3060E4310,0.07127317927570831
5kmN3060E4315,0.07467002929783312
5kmN3060E4320,0.09316693848883806
5kmN3060E4325,0.09506553733262418
5kmN3060E4330,0.07536503062621369
5kmN3060E4335,0.04770867394308753
5kmN3060E4340,0.041502237231123784
5kmN3060E4345,0.037128054985770875
5kmN3060E4350,0.048947734183540925
5kmN3060E4355,0.04878861292003989
5kmN3060E4360,0.0430389539335404
5kmN3060E4365,0.03422208003338656
5kmN3060E4370,0.06695957253117951
5kmN3060E4375,0.08653494069529233
5kmN3060E4380,0.07765953056869745
5kmN3060E4385,0.05736026651151088
5kmN3060E4390,0.0919261490593078
5kmN3060E4395,0.28806557805795907
5kmN3060E4400,0.32568657857738614
5kmN3060E4405,0.31477432678450656
5kmN3060E4410,0.2899778994729908
5kmN3060E4415,0.27695786844603276
5kmN3060E4420,0.2917559525747858
5kmN3060E4425,0.30460374244588007
5kmN3060E4430,0.3233807479428791
5kmN3060E4435,0.33134961986027167
5kmN3060E4440,0.3418869175401249
5kmN3060E4445,0.34904003078603724
5kmN3060E4450,0.2823346758439046
5kmN3060E4455,0.03547994391808751
5kmN3060E4460,0.0356486498526728
5kmN3060E4465,0.0618102907569128
5kmN3060E4470,0.05921622520277714
5kmN3060E4475,0.06251850167858752
5kmN3060E4480,0.19542101078718188
5kmN3060E4485,0.3689687038446571
5kmN3060E4490,0.33510795378565406
5kmN3060E4495,0.32607778125195547
5kmN3060E4500,0.3282442880616
5kmN3060E4505,0.34337389737397317
5kmN3060E4510,0.3552985052276232
5kmN3060E4515,0.3574403109306545
5kmN3060E4520,0.37038434878760923
5kmN3060E4525,0.3697079057071911
5kmN3060E4530,0.36409489729161687
5kmN3060E4535,0.3704805249449217
5kmN3060E4540,0.3805451282193831
5kmN3060E4545,0.40231228409408204
5kmN3060E4550,0.42121757579971497
5kmN3060E4555,0.42769760560102627
5kmN3060E4560,0.44339325327480367
5kmN3060E4565,0.4580900885315378
5kmN3065E4050,0.031040417032798695
5kmN3065E4055,0.04209864990902057
5kmN3065E4060,0.02918785322925302
5kmN3065E4065,-0.017015431158628358
5kmN3065E4070,-0.014558383096613892
5kmN3065E4075,-0.04673525918991467
5kmN3065E4080,-0.13252766536238664
5kmN3065E4085,-0.14516112226783567
5kmN3065E4090,-0.160821123008003
5kmN3065E4095,-0.15787522460802195
5kmN3065E4100,-0.10663633793540228
5kmN3065E4105,-0.10343484905383105
5kmN3065E4110,0.015216224013056515
5kmN3065E4115,0.05125930354837152
5kmN3065E4120,-0.09388900606951492
5kmN3065E4125,-0.1038465022322913
5kmN3065E4130,-0.07999833249618876
5kmN3065E4135,0.06771243070931143
5kmN3065E4140,0.06591882326339976
5kmN3065E4145,0.05129446814021099
5kmN3065E4150,0.04089979391889159
5kmN3065E4155,0.05815549245430757
5kmN3065E4160,0.13050888554554285
5kmN3065E4165,0.11793809763347485
5kmN3065E4170,0.12382514513134474
5kmN3065E4175,0.09609687373922787
5kmN3065E4180,0.1275324433829883
5kmN3065E4185,0.14929968803717572
5kmN3065E4190,0.18315110815283678
5kmN3065E4195,0.17136853469319552
5kmN3065E4200,0.1395914913766516
5kmN3065E4205,0.16333003655149647
5kmN3065E4210,0.15166097930891126
5kmN3065E4215,0.13943000012097806
5kmN3065E4220,0.07306305756207951
5kmN3065E4225,0.04356215035700406
5kmN3065E4230,0.05834404294832407
5kmN3065E4235,0.05126509363934245
5kmN3065E4240,0.07762036359014401
5kmN3065E4245,0.07185738428895161
5kmN3065E4250,0.08048303225691927
5kmN3065E4255,0.0947295177357576
5kmN3065E4260,0.10236824328590738
5kmN3065E4265,0.09542577197249436
5kmN3065E4270,0.10721849653405441
5kmN3065E4275,0.11900638796608781
5kmN3065E4280,0.11477564616699132
5kmN3065E4285,0.11289658615947162
5kmN3065E4290,0.09245889976363048
5kmN3065E4295,0.0981596151321763
5kmN3065E4300,0.033482606844997376
5kmN3065E4305,0.03773813599779402
5kmN3065E4310,0.04368163369261674
5kmN3065E4315,0.05215500563401537
5kmN3065E4320,0.07933565219157013
5kmN3065E4325,0.08194152638471625
5kmN3065E4330,0.06643383683852522
5kmN3065E4335,0.04468539913531089
5kmN3065E4340,0.04190386316056294
5kmN3065E4345,0.017591390808783247
5kmN3065E4350,0.029345875955760214
5kmN3065E4355,0.05286586658950443
5kmN3065E4360,0.04624709003626715
5kmN3065E4365,0.028958226979814206
5kmN3065E4370,0.03771770865263219
5kmN3065E4375,0.05104322282157636
5kmN3065E4380,0.05799532455193551
5kmN3065E4385,0.0528251398760749
5kmN3065E4390,0.04755905580170039
5kmN3065E4395,0.17099451458614295
5kmN3065E4400,0.27411533907433694
5kmN3065E4405,0.3111864007419688
5kmN3065E4410,0.2970225744917916
5kmN3065E4415,0.28184079882203006
5kmN3065E4420,0.30832599018795104
5kmN3065E4425,0.32188445560263557
5kmN3065E4430,0.3133436159843883
5kmN3065E4435,0.3202907264139878
5kmN3065E4440,0.3351177506587578
5kmN3065E4445,0.3463134890716024
5kmN3065E4450,0.23408738425724018
5kmN3065E4455,0.044933520398854454
5kmN3065E4460,0.03854633140680719
5kmN3065E4465,0.04934848298846772
5kmN3065E4470,0.05382830060361565
5kmN3065E4475,0.06320252236035762
5kmN3065E4480,0.234279751151667
5kmN3065E4485,0.3189676368021413
5kmN3065E4490,0.30891305310408834
5kmN3065E4495,0.31100702521299106
5kmN3065E4500,0.3189796919632419
5kmN3065E4505,0.33503918700059415
5kmN3065E4510,0.34434477581585554
5kmN3065E4515,0.3494417422666516
5kmN3065E4520,0.362741656120372
5kmN3065E4525,0.3773143236105184
5kmN3065E4530,0.37468361352689156
5kmN3065E4535,0.3789245796660148
5kmN3065E4540,0.38744831569481913
5kmN3065E4545,0.40830811462355204
5kmN3065E4550,0.4203898035806043
5kmN3065E4555,0.415482717914418
5kmN3065E4560,0.43811119056427483
5kmN3065E4565,0.4282159661748108
5kmN3070E4045,0.0466282240886334
5kmN3070E4050,0.033969880282460535
5kmN3070E4055,0.020696899839853955
5kmN3070E4060,0.022449382035763243
5kmN3070E4065,-0.007885991590346197
5kmN3070E4070,-0.0351268085218468
5kmN3070E4075,-0.0438046053027874
5kmN3070E4080,-0.12090802946999163
5kmN3070E4085,-0.13760116796945054
5kmN3070E4090,-0.13775897768461354
5kmN3070E4095,-0.16292362993324033
5kmN3070E4100,-0.13291243408921458
5kmN3070E4105,-0.08565989106377103
5kmN3070E4110,0.006066951164493795
5kmN3070E4115,0.022223277479374345
5kmN3070E4120,-0.032149757337340074
5kmN3070E4125,-0.11224825721172776
5kmN3070E4130,-0.09359718419776059
5kmN3070E4135,-0.07496555238476038
5kmN3070E4140,-0.049653047171511006
5kmN3070E4145,0.0074628294173422205
5kmN3070E4150,0.049525051968903944
5kmN3070E4155,0.049242535052494374
5kmN3070E4160,0.08429527977888712
5kmN3070E4165,0.06133285648431286
5kmN3070E4170,0.06229750628687086
5kmN3070E4175,0.07826514546210878
5kmN3070E4180,0.13822822930088782
5kmN3070E4185,0.1336687216168589
5kmN3070E4190,0.16576184907329236
5kmN3070E4195,0.15831543150971633
5kmN3070E4200,0.17304400314707286
5kmN3070E4205,0.1980261574852293
5kmN3070E4210,0.12527611151350607
5kmN3070E4215,0.09401687374506648
5kmN3070E4220,0.07200684751398545
5kmN3070E4225,0.0661891378477828
5kmN3070E4230,0.06222880170793815
5kmN3070E4235,0.07352399960446773
5kmN3070E4240,0.07680574297847403
5kmN3070E4245,0.08032206684202531
5kmN3070E4250,0.08547932606386832
5kmN3070E4255,0.09104737310818906
5kmN3070E4260,0.09696274457131038
5kmN3070E4265,0.07401317453916983
5kmN3070E4270,0.08782010403346763
5kmN3070E4275,0.12225677018523667
5kmN3070E4280,0.15959907409902557
5kmN3070E4285,0.21458656987567337
5kmN3070E4290,0.19393105059261806
5kmN3070E4295,0.22550930469236707
5kmN3070E4300,0.08697218221988351
5kmN3070E4305,0.026075069421264585
5kmN3070E4310,0.049768366457418334
5kmN3070E4315,0.07366847998182086
5kmN3070E4320,0.0631318135582673
5kmN3070E4325,0.07208399682686445
5kmN3070E4330,0.0645731975129436
5kmN3070E4335,0.04307829164684562
5kmN3070E4340,0.02112909871722024
5kmN3070E4345,0.026063370598229607
5kmN3070E4350,0.04183231945359045
5kmN3070E4355,0.04820757654465335
5kmN3070E4360,0.00983047815272875
5kmN3070E4365,0.003204071643552686
5kmN3070E4370,0.002259616006389187
5kmN3070E4375,0.036260134377719244
5kmN3070E4380,0.04529160044055325
5kmN3070E4385,0.0429158644112177
5kmN3070E4390,0.03093815459741117
5kmN3070E4395,0.022324354165017157
5kmN3070E4400,0.06371178340818512
5kmN3070E4405,0.30422342657298806
5kmN3070E4410,0.3077157335459654
5kmN3070E4415,0.3084510779464531
5kmN3070E4420,0.30988343112149164
5kmN3070E4425,0.2223614489543344
5kmN3070E4430,0.11659293870124393
5kmN3070E4435,0.1996905000487686
5kmN3070E4440,0.29158976082182353
5kmN3070E4445,0.3366635448743228
5kmN3070E4450,0.3194963469309119
5kmN3070E4455,0.11037674916412699
5kmN3070E4460,0.04450359661811065
5kmN3070E4465,0.0459784565048964
5kmN3070E4470,0.04927941661725932
5kmN3070E4475,0.11926230717824693
5kmN3070E4480,0.30517944431647454
5kmN3070E4485,0.3074649133889271
5kmN3070E4490,0.3100033764488782
5kmN3070E4495,0.3155487222355427
5kmN3070E4500,0.32022999194723983
5kmN3070E4505,0.32845740812513746
5kmN3070E4510,0.3317008928202448
5kmN3070E4515,0.341708631774216
5kmN3070E4520,0.3596699911278312
5kmN3070E4525,0.3710800736699369
5kmN3070E4530,0.3788884507954895
5kmN3070E4535,0.38409816937750907
5kmN3070E4540,0.39941404090471205
5kmN3070E4545,0.3926489321582628
5kmN3070E4550,0.41361763157390596
5kmN3070E4555,0.43002537889264514
5kmN3070E4560,0.41003166183962897
5kmN3070E4565,0.40907818613070945
5kmN3070E4570,0.4205158298537604
5kmN3070E4575,0.43487648602813406
5kmN3070E4580,0.3150614544902601
5kmN3075E4040,0.05138617346374444
5kmN3075E4045,0.04028167484382325
5kmN3075E4050,0.020828895722556418
5kmN3075E4055,0.016388361557003628
5kmN3075E4060,-0.004686138622895242
5kmN3075E4065,-0.011367140276230203
5kmN3075E4070,-0.050714617573079934
5kmN3075E4075,-0.05671135714607117
5kmN3075E4080,-0.07769458141945168
5kmN3075E4085,-0.0917035628895232
5kmN3075E4090,-0.09344197576917612
5kmN3075E4095,-0.14508307604371662
5kmN3075E4100,-0.11992836343312507
5kmN3075E4105,-0.12162234594549715
5kmN3075E4110,-0.12702052539764708
5kmN3075E4115,-0.09623057434305218
5kmN3075E4120,-0.13872395566274265
5kmN3075E4125,-0.1274443019017072
5kmN3075E4130,-0.09949245053867045
5kmN3075E4135,-0.074944957168185
5kmN3075E4140,-0.08283601275647562
5kmN3075E4145,-0.06827521643558018
5kmN3075E4150,-0.05327589122502166
5kmN3075E4155,0.01306039151146704
5kmN3075E4160,0.05056285976310132
5kmN3075E4165,0.058633800760731825
5kmN3075E4170,0.04959318731648804
5kmN3075E4175,0.09533094216338228
5kmN3075E4180,0.13923722576114225
5kmN3075E4185,0.14523861072886288
5kmN3075E4190,0.19031329587673318
5kmN3075E4195,0.20509790236389028
5kmN3075E4200,0.1909717321736659
5kmN3075E4205,0.18780861644022254
5kmN3075E4210,0.14262895875773277
5kmN3075E4215,0.11064769837019522
5kmN3075E4220,0.0942069015106902
5kmN3075E4225,0.08502113682562087
5kmN3075E4230,0.07618582052995193
5kmN3075E4235,0.07484082048910687
5kmN3075E4240,0.07276932790575794
5kmN3075E4245,0.08320639655556594
5kmN3075E4250,0.0853886281220474
5kmN3075E4255,0.11227541831633908
5kmN3075E4260,0.11065091565402735
5kmN3075E4265,0.11581453674027553
5kmN3075E4270,0.14265763529162911
5kmN3075E4275,0.18099762468274355
5kmN3075E4280,0.2101750792899187
5kmN3075E4285,0.22792457641482905
5kmN3075E4290,0.2108257239791928
5kmN3075E4295,0.21806475063975322
5kmN3075E4300,0.19217372045817732
5kmN3075E4305,0.1744907036633983
5kmN3075E4310,0.19802051540525784
5kmN3075E4315,0.13115118825724748
5kmN3075E4320,0.04123721825084903
5kmN3075E4325,0.055252265837348824
5kmN3075E4330,0.04691418887903176
5kmN3075E4335,0.03662919372637752
5kmN3075E4340,0.03775985498244905
5kmN3075E4345,0.05971195480015229
5kmN3075E4350,0.03914813373090653
5kmN3075E4355,0.02847643761436147
5kmN3075E4360,0.0027566573716463205
5kmN3075E4365,0.0031087696025037803
5kmN3075E4370,-0.006939686155588043
5kmN3075E4375,0.003902994348954303
5kmN3075E4380,0.03153572256341303
5kmN3075E4385,0.027079128579460432
5kmN3075E4390,0.016908186106538436
5kmN3075E4395,0.016313633170767727
5kmN3075E4400,0.028384503334245803
5kmN3075E4405,0.13526749064807708
5kmN3075E4410,0.16750603938979036
5kmN3075E4415,0.13378701336017207
5kmN3075E4420,0.07319938289736794
5kmN3075E4425,-0.0939844958124571
5kmN3075E4430,-0.10075622226388037
5kmN3075E4435,-0.0681482578169208
5kmN3075E4440,0.041711429444529324
5kmN3075E4445,0.07325381925757513
5kmN3075E4450,0.08818684586478348
5kmN3075E4455,0.05685567695602134
5kmN3075E4460,0.04693000535693248
5kmN3075E4465,0.035796472213646235
5kmN3075E4470,0.05567711312164669
5kmN3075E4475,0.05754418939119055
5kmN3075E4480,0.26506848558418356
5kmN3075E4485,0.30929472175516926
5kmN3075E4490,0.31748057207703645
5kmN3075E4495,0.3040156213930851
5kmN3075E4500,0.325668837534277
5kmN3075E4505,0.3312302700755091
5kmN3075E4510,0.33389343653101144
5kmN3075E4515,0.33345165571781077
5kmN3075E4520,0.33934067028147286
5kmN3075E4525,0.279059602543448
5kmN3075E4530,0.33532823514760335
5kmN3075E4535,0.38480376563154645
5kmN3075E4540,0.3956065776666772
5kmN3075E4545,0.40855716536150927
5kmN3075E4550,0.3968917319497205
5kmN3075E4555,0.4011624985982174
5kmN3075E4560,0.40040136091357337
5kmN3075E4565,0.4055974245350406
5kmN3075E4570,0.4147358495568343
5kmN3075E4575,0.3455164710657309
5kmN3075E4580,0.3100663650669494
5kmN3075E4585,0.3098003912573191
5kmN3075E4590,0.3110687398336486
5kmN3075E4595,0.3074811035712484
5kmN3080E4035,0.0447320187413601
5kmN3080E4040,0.03603564822469299
5kmN3080E4045,0.030906345606070335
5kmN3080E4050,0.010591087071858157
5kmN3080E4055,0.0008400517073822444
5kmN3080E4060,-0.0030450504307360515
5kmN3080E4065,-0.048111061974174696
5kmN3080E4070,-0.05743364388950106
5kmN3080E4075,-0.0731464891277242
5kmN3080E4080,-0.07549259290838817
5kmN3080E4085,-0.08113154319506855
5kmN3080E4090,-0.09109855376117187
5kmN3080E4095,-0.0978391046802066
5kmN3080E4100,-0.10070195545133881
5kmN3080E4105,-0.13838243002105866
5kmN3080E4110,-0.1837976809816081
5kmN3080E4115,-0.16421845798033952
5kmN3080E4120,-0.15057666098057654
5kmN3080E4125,-0.11768426549539507
5kmN3080E4130,-0.10548683227768169
5kmN3080E4135,-0.07643114072954738
5kmN3080E4140,-0.06872015795993075
5kmN3080E4145,-0.03706639542092849
5kmN3080E4150,0.0022218030550340273
5kmN3080E4155,0.04772196229911385
5kmN3080E4160,0.072902005393303
5kmN3080E4165,0.07353591363018414
5kmN3080E4170,0.06654152942300146
5kmN3080E4175,0.08584548912656087
5kmN3080E4180,0.1266001902813295
5kmN3080E4185,0.14003274157617476
5kmN3080E4190,0.16655973914328687
5kmN3080E4195,0.21226679460374734
5kmN3080E4200,0.20976749144582665
5kmN3080E4205,0.17099997901134387
5kmN3080E4210,0.13378468067916605
5kmN3080E4215,0.11042044588871328
5kmN3080E4220,0.10905373907650218
5kmN3080E4225,0.09585199763414523
5kmN3080E4230,0.07890238554783185
5kmN3080E4235,0.08314271151856556
5kmN3080E4240,0.08637848379861501
5kmN3080E4245,0.09425254736029229
5kmN3080E4250,0.10382901797194363
5kmN3080E4255,0.11032458862602945
5kmN3080E4260,0.16974246522929615
5kmN3080E4265,0.17253596786058722
5kmN3080E4270,0.17126175626058388
5kmN3080E4275,0.19370468938649693
5kmN3080E4280,0.19776874695796548
5kmN3080E4285,0.23024431139735546
5kmN3080E4290,0.21297737509964632
5kmN3080E4295,0.2022743777571972
5kmN3080E4300,0.18841101921636627
5kmN3080E4305,0.2241719716519638
5kmN3080E4310,0.21967496883966298
5kmN3080E4315,0.2029885508085949
5kmN3080E4320,0.12991672721524516
5kmN3080E4325,0.041313327137526334
5kmN3080E4330,0.04620517537278768
5kmN3080E4335,0.041235616262009
5kmN3080E4340,0.06136463860183056
5kmN3080E4345,0.06399528007985394
5kmN3080E4350,0.012493851687546687
5kmN3080E4355,-0.006175179360827676
5kmN3080E4360,-0.00991313950871997
5kmN3080E4365,-0.020601664927153984
5kmN3080E4370,-0.014937982541581296
5kmN3080E4375,-0.014202313934460031
5kmN3080E4380,0.002900995625291891
5kmN3080E4385,-0.00951994221919683
5kmN3080E4390,-0.006056003159223278
5kmN3080E4395,0.014862913697744062
5kmN3080E4400,-0.048075075618444096
5kmN3080E4405,-0.12948234285757387
5kmN3080E4410,-0.12139760383884618
5kmN3080E4415,-0.1322399338759761
5kmN3080E4420,-0.11996645056981053
5kmN3080E4425,-0.10592788060991248
5kmN3080E4430,-0.10242694688564863
5kmN3080E4435,-0.07989297559771957
5kmN3080E4440,-0.07416063714192928
5kmN3080E4445,-0.06428039047433703
5kmN3080E4450,-0.06057667346418183
5kmN3080E4455,0.03578230380222458
5kmN3080E4460,0.05151139764145152
5kmN3080E4465,0.0362440483597638
5kmN3080E4470,0.044508844279806725
5kmN3080E4475,0.055981885108077334
5kmN3080E4480,0.07195109575735026
5kmN3080E4485,0.22042023599389982
5kmN3080E4490,0.27031483318127364
5kmN3080E4495,0.2947143810430021
5kmN3080E4500,0.3072775421751421
5kmN3080E4505,0.33402755554831975
5kmN3080E4510,0.3388387843320651
5kmN3080E4515,0.27713783572417816
5kmN3080E4520,0.25426369990375586
5kmN3080E4525,0.2809633824628483
5kmN3080E4530,0.28644676343425246
5kmN3080E4535,0.34985555368773424
5kmN3080E4540,0.3661968826473878
5kmN3080E4545,0.3803313869651182
5kmN3080E4550,0.38914348387121367
5kmN3080E4555,0.39112307464014995
5kmN3080E4560,0.3990063175043364
5kmN3080E4565,0.40805956956124
5kmN3080E4570,0.33345389971384093
5kmN3080E4575,0.3034923225297149
5kmN3080E4580,0.3005920210246408
5kmN3080E4585,0.3082078885347045
5kmN3080E4590,0.29920951365689574
5kmN3080E4595,0.29122613617034987
5kmN3085E4040,0.014369331298686783
5kmN3085E4045,0.002398958773087545
5kmN3085E4050,-0.00644681727293675
5kmN3085E4055,-0.02894193789900565
5kmN3085E4060,-0.05788817057957185
5kmN3085E4065,-0.08134255962201381
5kmN3085E4070,-0.08286107755500816
5kmN3085E4075,-0.08351822066222842
5kmN3085E4080,-0.09219606145173503
5kmN3085E4085,-0.0925021347389959
5kmN3085E4090,-0.09020266331022264
5kmN3085E4095,-0.09760262891538568
5kmN3085E4100,-0.09001580737356465
5kmN3085E4105,-0.11378668113112492
5kmN3085E4110,-0.13514817030523582
5kmN3085E4115,-0.12976425492377403
5kmN3085E4120,-0.11543056212682884
5kmN3085E4125,-0.10448441457281143
5kmN3085E4130,-0.0868726733387204
5kmN3085E4135,-0.07152078602797113
5kmN3085E4140,-0.03489061689061376
5kmN3085E4145,0.05564422967302804
5kmN3085E4150,0.05726329409395653
5kmN3085E4155,0.06608663157333006
5kmN3085E4160,0.07431331195882956
5kmN3085E4165,0.10193901999839972
5kmN3085E4170,0.11978737726607655
5kmN3085E4175,0.14600447299700042
5kmN3085E4180,0.12927860905850339
5kmN3085E4185,0.16384842748692377
5kmN3085E4190,0.16873792783430663
5kmN3085E4195,0.17747754460565768
5kmN3085E4200,0.1712024005192483
5kmN3085E4205,0.15826303355536178
5kmN3085E4210,0.12761811499375744
5kmN3085E4215,0.12777528790546624
5kmN3085E4220,0.13597222542408446
5kmN3085E4225,0.11576823895943308
5kmN3085E4230,0.09950081466010596
5kmN3085E4235,0.10665626724729654
5kmN3085E4240,0.10990206077993309
5kmN3085E4245,0.11332066974619476
5kmN3085E4250,0.1287792221094906
5kmN3085E4255,0.13171075270223043
5kmN3085E4260,0.16420493723823937
5kmN3085E4265,0.1616432574541306
5kmN3085E4270,0.1755028843994601
5kmN3085E4275,0.20681335483383162
5kmN3085E4280,0.21263857146081017
5kmN3085E4285,0.248197585953855
5kmN3085E4290,0.23103629082038568
5kmN3085E4295,0.2178823667540128
5kmN3085E4300,0.20052832410032062
5kmN3085E4305,0.21075390863465998
5kmN3085E4310,0.21474361185318863
5kmN3085E4315,0.20227943208896548
5kmN3085E4320,0.14405433422943242
5kmN3085E4325,0.0410105903760597
5kmN3085E4330,0.04039272612975775
5kmN3085E4335,0.03657517492480522
5kmN3085E4340,0.05140146922130473
5kmN3085E4345,0.04809848765768865
5kmN3085E4350,0.013606194407766337
5kmN3085E4355,-0.02011220629963495
5kmN3085E4360,-0.03935083225471181
5kmN3085E4365,-0.03617173291916176
5kmN3085E4370,-0.04578904174615217
5kmN3085E4375,-0.04804162586339511
5kmN3085E4380,-0.05470794000523349
5kmN3085E4385,-0.1000637329818469
5kmN3085E4390,-0.05990409796319829
5kmN3085E4395,-0.012538623516430425
5kmN3085E4400,-0.12875259093497998
5kmN3085E4405,-0.13447477811247677
5kmN3085E4410,-0.13800085412349006
5kmN3085E4415,-0.13091379794066504
5kmN3085E4420,-0.14431205784630713
5kmN3085E4425,-0.11530527375002458
5kmN3085E4430,-0.05921582068653369
5kmN3085E4435,-0.08233127698730386
5kmN3085E4440,-0.09105517785517298
5kmN3085E4445,-0.0798550077562431
5kmN3085E4450,-0.06546950649117583
5kmN3085E4455,0.044088384230463684
5kmN3085E4460,0.04498093653577151
5kmN3085E4465,0.04031983412649032
5kmN3085E4470,0.039601714894839546
5kmN3085E4475,0.024179472001487623
5kmN3085E4480,0.011240453626072955
5kmN3085E4485,-0.0010101192704317086
5kmN3085E4490,0.0640210857835598
5kmN3085E4495,0.30106587277191804
5kmN3085E4500,0.31500576752724246
5kmN3085E4505,0.34212492086146334
5kmN3085E4510,0.3465689539831004
5kmN3085E4515,0.31786643644215345
5kmN3085E4520,0.2562471346947481
5kmN3085E4525,0.2706110847752709
5kmN3085E4530,0.3263687446421699
5kmN3085E4535,0.3491658328774789
5kmN3085E4540,0.367583932589928
5kmN3085E4545,0.38615629519709505
5kmN3085E4550,0.3793722894962063
5kmN3085E4555,0.3858408206244537
5kmN3085E4560,0.3965285963781594
5kmN3085E4565,0.3674640993660772
5kmN3085E4570,0.2898386292522232
5kmN3085E4575,0.29045106665243126
5kmN3085E4580,0.2855435679138925
5kmN3085E4585,0.29158555118136914
5kmN3085E4590,0.2866679046385571
5kmN3085E4595,0.2848950365872686
5kmN3085E4600,0.2842609106536915
5kmN3085E4605,0.28050766344424505
5kmN3085E4650,0.2616281657634486
5kmN3085E4655,0.25409306317969027
5kmN3090E4040,-0.0056517864003827745
5kmN3090E4045,-0.00618036036447403
5kmN3090E4050,-0.01579305178073062
5kmN3090E4055,-0.026414406886136055
5kmN3090E4060,-0.04204955698956214
5kmN3090E4065,-0.06294072040571241
5kmN3090E4070,-0.07494292858598534
5kmN3090E4075,-0.07992839834767351
5kmN3090E4080,-0.08854569460613743
5kmN3090E4085,-0.09147442594885447
5kmN3090E4090,-0.08268267675776236
5kmN3090E4095,-0.09355531921052085
5kmN3090E4100,-0.073769199211516
5kmN3090E4105,-0.07648841244964458
5kmN3090E4110,-0.11139124903214853
5kmN3090E4115,-0.09326001048053154
5kmN3090E4120,-0.004305917036580453
5kmN3090E4125,-0.04017767359056207
5kmN3090E4130,-0.007616868059494991
5kmN3090E4135,-0.05698067989745775
5kmN3090E4140,-0.006023478731495557
5kmN3090E4145,0.050763162749412616
5kmN3090E4150,0.05910696615263919
5kmN3090E4155,0.06441756892170555
5kmN3090E4160,0.07910034686678402
5kmN3090E4165,0.11510649490137126
5kmN3090E4170,0.13213114196450418
5kmN3090E4175,0.16249823215644524
5kmN3090E4180,0.14307811870906811
5kmN3090E4185,0.16365609139028248
5kmN3090E4190,0.18604023570566844
5kmN3090E4195,0.1897701667012407
5kmN3090E4200,0.1802417194895851
5kmN3090E4205,0.17008607888888488
5kmN3090E4210,0.15052992243333113
5kmN3090E4215,0.15605830037827642
5kmN3090E4220,0.1635509096387008
5kmN3090E4225,0.12418789849624051
5kmN3090E4230,0.12604523376252807
5kmN3090E4235,0.142840259900109
5kmN3090E4240,0.14248337199824643
5kmN3090E4245,0.1584230277302972
5kmN3090E4250,0.20323759254647716
5kmN3090E4255,0.1940794657126224
5kmN3090E4260,0.18278074388906307
5kmN3090E4265,0.16849077831085485
5kmN3090E4270,0.17540248937626546
5kmN3090E4275,0.19134581804120487
5kmN3090E4280,0.2011539889435145
5kmN3090E4285,0.21347705068993306
5kmN3090E4290,0.2399841491879739
5kmN3090E4295,0.2296188126957993
5kmN3090E4300,0.2049228521325725
5kmN3090E4305,0.18418524654569646
5kmN3090E4310,0.21139147625442067
5kmN3090E4315,0.1883125978474277
5kmN3090E4320,0.10347667240514613
5kmN3090E4325,0.02463613528572317
5kmN3090E4330,0.028291314377584698
5kmN3090E4335,0.032880450405777695
5kmN3090E4340,0.015219299416244225
5kmN3090E4345,0.02285898390967467
5kmN3090E4350,0.03881716521923573
5kmN3090E4355,-0.027859973450169218
5kmN3090E4360,-0.04455412519495272
5kmN3090E4365,-0.04720161012610391
5kmN3090E4370,-0.05694009346899043
5kmN3090E4375,-0.050865521131479685
5kmN3090E4380,-0.07428938641506783
5kmN3090E4385,-0.1521425336567544
5kmN3090E4390,-0.20424907307127071
5kmN3090E4395,-0.18121953418401543
5kmN3090E4400,-0.15182936008426812
5kmN3090E4405,-0.14719887911991364
5kmN3090E4410,-0.11571681765092628
5kmN3090E4415,-0.14082963760581912
5kmN3090E4420,-0.1547756090830552
5kmN3090E4425,-0.0957146586511351
5kmN3090E4430,-0.0521156296693695
5kmN3090E4435,-0.054905505832729073
5kmN3090E4440,-0.09340004558858472
5kmN3090E4445,-0.07948449491690435
5kmN3090E4450,-0.07097755257095151
5kmN3090E4455,-0.01021354330624158
5kmN3090E4460,0.039411193401878264
5kmN3090E4465,0.04327513056377308
5kmN3090E4470,0.05190043480057982
5kmN3090E4475,0.044060147870539135
5kmN3090E4480,0.009234718985037027
5kmN3090E4485,0.0067920251534036025
5kmN3090E4490,0.00900880615598787
5kmN3090E4495,0.045974194474639685
5kmN3090E4500,0.10324950453426851
5kmN3090E4505,0.25124866849268773
5kmN3090E4510,0.3216076040109221
5kmN3090E4515,0.3220549950852285
5kmN3090E4520,0.3213887686569059
5kmN3090E4525,0.3295787845139683
5kmN3090E4530,0.33410872809883796
5kmN3090E4535,0.360718749767366
5kmN3090E4540,0.37923475454797106
5kmN3090E4545,0.3789030560794648
5kmN3090E4550,0.3744392664620495
5kmN3090E4555,0.3634420378002823
5kmN3090E4560,0.3860056020174947
5kmN3090E4565,0.3015092110113829
5kmN3090E4570,0.27075590448293607
5kmN3090E4575,0.2627032734703823
5kmN3090E4580,0.2725754944931581
5kmN3090E4585,0.2812466752253393
5kmN3090E4590,0.27793996490440803
5kmN3090E4595,0.2708143557123852
5kmN3090E4600,0.2735497847143159
5kmN3090E4605,0.2772369056196285
5kmN3090E4610,0.2796481317575974
5kmN3090E4615,0.2851600058921291
5kmN3090E4645,0.26005874784455635
5kmN3090E4650,0.24705871381665584
5kmN3090E4655,0.23592576908942814
5kmN3090E4660,0.22409284908824334
5kmN3095E4040,-0.06260141309300521
5kmN3095E4045,-0.06853675435426482
5kmN3095E4050,-0.038545590324647216
5kmN3095E4055,-0.025189059167930128
5kmN3095E4060,-0.03883671710438713
5kmN3095E4065,-0.05569636040676057
5kmN3095E4070,-0.04884860505069133
5kmN3095E4075,-0.08177798094661615
5kmN3095E4080,-0.08353417686492998
5kmN3095E4085,-0.07768297860073242
5kmN3095E4090,-0.08209147343969564
5kmN3095E4095,-0.07631661103101225
5kmN3095E4100,-0.03868890465593365
5kmN3095E4105,-0.0657800756439981
5kmN3095E4110,-0.059536867575860075
5kmN3095E4115,-0.035617030207803796
5kmN3095E4120,0.019558978650555225
5kmN3095E4125,0.04032108200018711
5kmN3095E4130,0.04526045060917322
5kmN3095E4135,0.03764057059276166
5kmN3095E4140,0.04090875987122489
5kmN3095E4145,0.033505120109741104
5kmN3095E4150,0.04884426658793928
5kmN3095E4155,0.055696723261475595
5kmN3095E4160,0.08744354050270409
5kmN3095E4165,0.12141105877814784
5kmN3095E4170,0.12346771227836228
5kmN3095E4175,0.1472462652065554
5kmN3095E4180,0.15666598015451078
5kmN3095E4185,0.1734659735913491
5kmN3095E4190,0.20017656719467383
5kmN3095E4195,0.19217193305045824
5kmN3095E4200,0.19245043880383886
5kmN3095E4205,0.1925572920713946
5kmN3095E4210,0.18361628132857316
5kmN3095E4215,0.26904082051410666
5kmN3095E4220,0.267532835323543
5kmN3095E4225,0.17922967950812532
5kmN3095E4230,0.2088365153274765
5kmN3095E4235,0.2623019615635261
5kmN3095E4240,0.2512075507293014
5kmN3095E4245,0.24126127727947055
5kmN3095E4250,0.23737648987243282
5kmN3095E4255,0.20545399657482394
5kmN3095E4260,0.1829909724426792
5kmN3095E4265,0.16930945079011211
5kmN3095E4270,0.1632497516868623
5kmN3095E4275,0.17151697013287842
5kmN3095E4280,0.18242253083257765
5kmN3095E4285,0.17895014125764364
5kmN3095E4290,0.2373066679262586
5kmN3095E4295,0.2277433733602544
5kmN3095E4300,0.18880264988795087
5kmN3095E4305,0.17452091396260155
5kmN3095E4310,0.19898216293811266
5kmN3095E4315,0.21657854276391852
5kmN3095E4320,0.11211298420467886
5kmN3095E4325,0.022826884260115032
5kmN3095E4330,0.03438329816092045
5kmN3095E4335,-0.024115606221620345
5kmN3095E4340,-0.0433925637392113
5kmN3095E4345,-0.01938913593960878
5kmN3095E4350,0.011835676016855423
5kmN3095E4355,-0.03525099094840256
5kmN3095E4360,-0.04797808286776084
5kmN3095E4365,-0.04497813138089701
5kmN3095E4370,-0.061366611164704654
5kmN3095E4375,-0.05406249847160227
5kmN3095E4380,-0.1277381227299889
5kmN3095E4385,-0.20093313054646111
5kmN3095E4390,-0.18307891960750505
5kmN3095E4395,-0.19718718162777182
5kmN3095E4400,-0.19024654336171615
5kmN3095E4405,-0.16245683255710314
5kmN3095E4410,-0.09936803469423655
5kmN3095E4415,-0.1227116701098237
5kmN3095E4420,-0.15251622304578305
5kmN3095E4425,-0.12218893080392756
5kmN3095E4430,-0.08849937077056391
5kmN3095E4435,-0.09158185649797596
5kmN3095E4440,-0.08437605169379864
5kmN3095E4445,-0.07341170031176669
5kmN3095E4450,-0.08058675299030227
5kmN3095E4455,-0.05697284677094833
5kmN3095E4460,0.05435542350325384
5kmN3095E4465,0.13204513054063183
5kmN3095E4470,0.14293485193047895
5kmN3095E4475,0.14042075912855234
5kmN3095E4480,0.01695365314109243
5kmN3095E4485,0.010894474421495492
5kmN3095E4490,0.0015407809876577527
5kmN3095E4495,0.015405843972701616
5kmN3095E4500,0.03419437397849845
5kmN3095E4505,0.2896179439872583
5kmN3095E4510,0.3182091511039306
5kmN3095E4515,0.3348171844200125
5kmN3095E4520,0.3413644765179455
5kmN3095E4525,0.3468881135694971
5kmN3095E4530,0.35146107284554784
5kmN3095E4535,0.3593450975305554
5kmN3095E4540,0.37413567439387946
5kmN3095E4545,0.38197919440642086
5kmN3095E4550,0.37080393211740315
5kmN3095E4555,0.3649728936424282
5kmN3095E4560,0.33745266695608445
5kmN3095E4565,0.2798167306717974
5kmN3095E4570,0.27611013436063536
5kmN3095E4575,0.2671478011809457
5kmN3095E4580,0.27720580183839216
5kmN3095E4585,0.27688490730392734
5kmN3095E4590,0.2632282000802047
5kmN3095E4595,0.2559413199749837
5kmN3095E4600,0.26870513246598693
5kmN3095E4605,0.27906373112719146
5kmN3095E4610,0.26824626287966874
5kmN3095E4615,0.27720148721080057
5kmN3095E4620,0.27450972412068686
5kmN3095E4625,0.2793445840908083
5kmN3095E4645,0.23663725179713196
5kmN3095E4650,0.23884266749843108
5kmN3095E4655,0.2110464348199067
5kmN3095E4660,0.2012996510592091
5kmN3100E4030,-0.0716984915841199
5kmN3100E4035,-0.0663010082649198
5kmN3100E4040,-0.0593945866295823
5kmN3100E4045,-0.07607607563327345
5kmN3100E4050,-0.0702639976127497
5kmN3100E4055,-0.04317712777162769
5kmN3100E4060,-0.03802620766161946
5kmN3100E4065,-0.05230129485610824
5kmN3100E4070,-0.0685752762689868
5kmN3100E4075,-0.07745957176039137
5kmN3100E4080,-0.08029875830690059
5kmN3100E4085,-0.0854343340489242
5kmN3100E4090,-0.08378942481675561
5kmN3100E4095,-0.08821107178715498
5kmN3100E4100,-0.03891743995963674
5kmN3100E4105,-0.061274303381618184
5kmN3100E4110,-0.04789763049110919
5kmN3100E4115,0.023921650172817083
5kmN3100E4120,0.06577036988499632
5kmN3100E4125,0.06455793620080616
5kmN3100E4130,0.047152383102452566
5kmN3100E4135,0.03769106583588683
5kmN3100E4140,0.044590838542322875
5kmN3100E4145,0.04870094611179521
5kmN3100E4150,0.039135640179493225
5kmN3100E4155,0.05103406406840838
5kmN3100E4160,0.11119864275980285
5kmN3100E4165,0.11351130622932815
5kmN3100E4170,0.12582297456759772
5kmN3100E4175,0.1582566222696377
5kmN3100E4180,0.1684357639789105
5kmN3100E4185,0.1732122626539027
5kmN3100E4190,0.1769020356234426
5kmN3100E4195,0.20118038054541287
5kmN3100E4200,0.19979740259991471
5kmN3100E4205,0.17852349277919857
5kmN3100E4210,0.18816404792814853
5kmN3100E4215,0.2366766327275244
5kmN3100E4220,0.26719926115122294
5kmN3100E4225,0.24210662572820102
5kmN3100E4230,0.24260243387815972
5kmN3100E4235,0.2504654531881829
5kmN3100E4240,0.2613844643833935
5kmN3100E4245,0.2620880537779629
5kmN3100E4250,0.27507933991057515
5kmN3100E4255,0.2526896501177041
5kmN3100E4260,0.18603224015246345
5kmN3100E4265,0.1587275538485453
5kmN3100E4270,0.16238368212551207
5kmN3100E4275,0.15277142208864358
5kmN3100E4280,0.16549034311110716
5kmN3100E4285,0.17202370205029388
5kmN3100E4290,0.19271870162943983
5kmN3100E4295,0.209866715024502
5kmN3100E4300,0.21738371152916086
5kmN3100E4305,0.2061735418588878
5kmN3100E4310,0.18296805124912974
5kmN3100E4315,0.1820884788796946
5kmN3100E4320,0.1347098480778633
5kmN3100E4325,0.11840948151059522
5kmN3100E4330,0.09980854654913873
5kmN3100E4335,0.009341560428983042
5kmN3100E4340,-0.017589365595738427
5kmN3100E4345,-0.001337202062395626
5kmN3100E4350,0.023072915815439132
5kmN3100E4355,0.01215379072752687
5kmN3100E4360,-0.021797666939009197
5kmN3100E4365,-0.04505587740246442
5kmN3100E4370,-0.0432314372219309
5kmN3100E4375,-0.03590968169020958
5kmN3100E4380,-0.15932889470267858
5kmN3100E4385,-0.22578881976518783
5kmN3100E4390,-0.21084003573784676
5kmN3100E4395,-0.20244622592765255
5kmN3100E4400,-0.2219726639981779
5kmN3100E4405,-0.14996480673662266
5kmN3100E4410,-0.12503861342045947
5kmN3100E4415,-0.1457949073922184
5kmN3100E4420,-0.15729838118643424
5kmN3100E4425,-0.15879514918670967
5kmN3100E4430,-0.13153628368474507
5kmN3100E4435,-0.11221059985751014
5kmN3100E4440,-0.08120472507000565
5kmN3100E4445,-0.07915623102806268
5kmN3100E4450,-0.07120315560646884
5kmN3100E4455,0.03460509613032947
5kmN3100E4460,0.2143701562547703
5kmN3100E4465,0.21892747257324285
5kmN3100E4470,0.21739908729800517
5kmN3100E4475,0.2208126495724405
5kmN3100E4480,0.05767387830195603
5kmN3100E4485,0.00900141618632333
5kmN3100E4490,0.009059581822292717
5kmN3100E4495,0.055391675588333134
5kmN3100E4500,0.15343162422263618
5kmN3100E4505,0.2038909111619917
5kmN3100E4510,0.29305886959990074
5kmN3100E4515,0.337171655362496
5kmN3100E4520,0.3485737798802731
5kmN3100E4525,0.3436801059749988
5kmN3100E4530,0.35733825360245713
5kmN3100E4535,0.35937657697246905
5kmN3100E4540,0.3669760725893822
5kmN3100E4545,0.3770922358131868
5kmN3100E4550,0.37769971114907497
5kmN3100E4555,0.3797732686966205
5kmN3100E4560,0.335950846526119
5kmN3100E4565,0.2770723404920816
5kmN3100E4570,0.2790134141813326
5kmN3100E4575,0.26806499512483695
5kmN3100E4580,0.2732764364621938
5kmN3100E4585,0.20748168777572956
5kmN3100E4590,0.23293178080266969
5kmN3100E4595,0.2586220335847849
5kmN3100E4600,0.2795334604910309
5kmN3100E4605,0.28776620730607266
5kmN3100E4610,0.28510395630849866
5kmN3100E4615,0.2770169734909547
5kmN3100E4620,0.27054549809749195
5kmN3100E4625,0.2865823169954222
5kmN3100E4640,0.26023943130965127
5kmN3100E4645,0.24813050332148123
5kmN3100E4650,0.23285674343373491
5kmN3100E4655,0.22705802515570372
5kmN3100E4660,0.21406983267640656
5kmN3105E4030,-0.08976877895004387
5kmN3105E4035,-0.06739430934416141
5kmN3105E4040,-0.06944272476197522
5kmN3105E4045,-0.06960720053696468
5kmN3105E4050,-0.07963097555474957
5kmN3105E4055,-0.09359477145467238
5kmN3105E4060,-0.08217845749106556
5kmN3105E4065,-0.07599738152158009
5kmN3105E4070,-0.07961232107804089
5kmN3105E4075,-0.06691643466547251
5kmN3105E4080,-0.049634242553017405
5kmN3105E4085,-0.06254535996030525
5kmN3105E4090,-0.06833221168592923
5kmN3105E4095,-0.0635880398142552
5kmN3105E4100,-0.04867020983437359
5kmN3105E4105,-0.039761411868292254
5kmN3105E4110,0.012470047872930878
5kmN3105E4115,0.047263899593354
5kmN3105E4120,0.0686255272465352
5kmN3105E4125,0.07262209664682037
5kmN3105E4130,0.08412176535794796
5kmN3105E4135,0.07238719227034981
5kmN3105E4140,0.0738917968701285
5kmN3105E4145,0.07811081898774583
5kmN3105E4150,0.07208438575153678
5kmN3105E4155,0.08061312681989721
5kmN3105E4160,0.1205920824436599
5kmN3105E4165,0.10864211682756802
5kmN3105E4170,0.11267472929700276
5kmN3105E4175,0.15208721041683748
5kmN3105E4180,0.15228086702317592
5kmN3105E4185,0.15237020601936954
5kmN3105E4190,0.159712241498398
5kmN3105E4195,0.1788474944476181
5kmN3105E4200,0.20314308861165345
5kmN3105E4205,0.19053067393076062
5kmN3105E4210,0.2017127732707264
5kmN3105E4215,0.26599000532699313
5kmN3105E4220,0.28867504012076356
5kmN3105E4225,0.2642955422883672
5kmN3105E4230,0.26471912551189514
5kmN3105E4235,0.24008804475792256
5kmN3105E4240,0.2610943979185171
5kmN3105E4245,0.27340019711298774
5kmN3105E4250,0.27345353481449286
5kmN3105E4255,0.26333650823999566
5kmN3105E4260,0.22412592229648293
5kmN3105E4265,0.18220597711150444
5kmN3105E4270,0.14449216661578185
5kmN3105E4275,0.16347866197752026
5kmN3105E4280,0.16878658633825105
5kmN3105E4285,0.16531770653171718
5kmN3105E4290,0.1654825435403594
5kmN3105E4295,0.18804911653032913
5kmN3105E4300,0.19170478175314581
5kmN3105E4305,0.1806698533811728
5kmN3105E4310,0.1331699743404976
5kmN3105E4315,0.12289292464096518
5kmN3105E4320,0.13177495263840489
5kmN3105E4325,0.13134869911631797
5kmN3105E4330,0.05338111704134341
5kmN3105E4335,0.015912562749220593
5kmN3105E4340,0.0074587658163776105
5kmN3105E4345,0.025337171319807394
5kmN3105E4355,-0.009404986999408171
5kmN3105E4360,-0.03554470893784745
5kmN3105E4365,-0.04969435403773437
5kmN3105E4370,-0.06274661557038974
5kmN3105E4375,-0.04461122822190111
5kmN3105E4380,-0.1408180107713342
5kmN3105E4385,-0.24373341725237713
5kmN3105E4390,-0.24794933547390513
5kmN3105E4395,-0.2249056970506999
5kmN3105E4400,-0.23390867934746512
5kmN3105E4405,-0.1745463993678285
5kmN3105E4410,-0.16265216468746457
5kmN3105E4415,-0.15533847302724502
5kmN3105E4420,-0.15583295499736
5kmN3105E4425,-0.14939466282974978
5kmN3105E4430,-0.13565455700932327
5kmN3105E4435,-0.12498400976410584
5kmN3105E4440,0.0659794614966076
5kmN3105E4445,0.12998882570163872
5kmN3105E4450,0.12424657587407406
5kmN3105E4455,0.19164961593122665
5kmN3105E4460,0.20782608652354728
5kmN3105E4465,0.19717265219525293
5kmN3105E4470,0.21182863084318093
5kmN3105E4475,0.20336713545168217
5kmN3105E4480,0.02186949023598994
5kmN3105E4485,0.031900342798167225
5kmN3105E4495,0.13471707403175787
5kmN3105E4500,0.1786540022912822
5kmN3105E4505,0.1890225099715082
5kmN3105E4510,0.2843523264770349
5kmN3105E4515,0.3342330902747464
5kmN3105E4520,0.35155605270852475
5kmN3105E4525,0.35808952105948216
5kmN3105E4530,0.3617978865305153
5kmN3105E4535,0.3675411769204908
5kmN3105E4540,0.366133018968225
5kmN3105E4545,0.32970189990324306
5kmN3105E4550,0.2692534730096377
5kmN3105E4555,0.3596838144999533
5kmN3105E4560,0.28972652972349944
5kmN3105E4565,0.26431119770562267
5kmN3105E4570,0.2436379864667207
5kmN3105E4575,0.17660361299100963
5kmN3105E4580,0.09373118336313094
5kmN3105E4585,0.08032370677347167
5kmN3105E4590,0.07439146692699694
5kmN3105E4595,0.22981336691039617
5kmN3105E4600,0.2799844313400698
5kmN3105E4605,0.2832165394775272
5kmN3105E4610,0.29066386273457295
5kmN3105E4615,0.27963782306131646
5kmN3105E4620,0.27578256227121223
5kmN3105E4635,0.27448879873718574
5kmN3105E4640,0.24720266928644752
5kmN3105E4645,0.2469581392829756
5kmN3105E4650,0.23712188278084967
5kmN3105E4655,0.2320028700392618
5kmN3105E4660,0.2332701810729046
5kmN3110E4030,-0.06848685958824341
5kmN3110E4035,-0.06767068438284701
5kmN3110E4040,-0.07233597676068171
5kmN3110E4045,-0.09052653111185538
5kmN3110E4050,-0.08937685480618862
5kmN3110E4055,-0.09729147107415265
5kmN3110E4060,-0.11040694446774024
5kmN3110E4065,-0.11681328880621733
5kmN3110E4070,-0.09244945713626351
5kmN3110E4075,-0.02452150321917354
5kmN3110E4080,-0.027006333298026763
5kmN3110E4085,-0.03816783207803559
5kmN3110E4090,-0.04033173431408146
5kmN3110E4095,-0.05699694689661308
5kmN3110E4100,-0.042219240242375805
5kmN3110E4105,0.014417302200419285
5kmN3110E4110,0.02601135353817971
5kmN3110E4115,0.05320849347375062
5kmN3110E4120,0.05984042346567728
5kmN3110E4125,0.05273957674496685
5kmN3110E4130,0.07798542710521489
5kmN3110E4135,0.07141950386778159
5kmN3110E4140,0.0809994337850489
5kmN3110E4145,0.08698497052191087
5kmN3110E4150,0.11346172590336243
5kmN3110E4155,0.10861268362232293
5kmN3110E4160,0.12085156186593513
5kmN3110E4165,0.11966572605676143
5kmN3110E4170,0.11072944011410413
5kmN3110E4175,0.15220587480313588
5kmN3110E4180,0.13751258300119823
5kmN3110E4185,0.1329873447372167
5kmN3110E4190,0.15744424222529382
5kmN3110E4195,0.15012065151698165
5kmN3110E4200,0.14020670137827576
5kmN3110E4205,0.16400477191320673
5kmN3110E4210,0.20111608554946048
5kmN3110E4215,0.1907548907931541
5kmN3110E4220,0.15747431898084577
5kmN3110E4225,0.14452637916348654
5kmN3110E4230,0.26622643287339237
5kmN3110E4235,0.2681587059896236
5kmN3110E4240,0.2749037987058082
5kmN3110E4245,0.2928405474840218
5kmN3110E4250,0.27863288936800723
5kmN3110E4255,0.2546849472721996
5kmN3110E4260,0.23953657849331067
5kmN3110E4265,0.1881975623718401
5kmN3110E4270,0.16194818728315968
5kmN3110E4275,0.15368068379162303
5kmN3110E4280,0.15816630534767723
5kmN3110E4285,0.1586287784924314
5kmN3110E4290,0.18173447413211408
5kmN3110E4295,0.18478468793034836
5kmN3110E4300,0.1765365305027608
5kmN3110E4305,0.1504979339026425
5kmN3110E4310,0.132573230232231
5kmN3110E4315,0.11796877451582571
5kmN3110E4320,0.1267559575259618
5kmN3110E4325,0.12984045777664677
5kmN3110E4330,0.06502749474901626
5kmN3110E4335,0.016945216470483415
5kmN3110E4340,0.022626594061379346
5kmN3110E4345,-0.002142944509459288
5kmN3110E4350,-0.035664647027782714
5kmN3110E4355,-0.05321531735166818
5kmN3110E4360,-0.05661687325560483
5kmN3110E4365,-0.05989279232633882
5kmN3110E4370,-0.0478134321403354
5kmN3110E4375,-0.04454134508354901
5kmN3110E4380,-0.11989171191727988
5kmN3110E4385,-0.2365354072950996
5kmN3110E4390,-0.2311309491801098
5kmN3110E4395,-0.23692003493041203
5kmN3110E4400,-0.23213195059779318
5kmN3110E4405,-0.21612687755013632
5kmN3110E4410,-0.21626946017745902
5kmN3110E4415,-0.2063822533924396
5kmN3110E4420,-0.14200312617444638
5kmN3110E4425,0.05518002188329019
5kmN3110E4430,0.0013901562482370178
5kmN3110E4435,0.05816759656279746
5kmN3110E4440,0.16700647617681696
5kmN3110E4445,0.17856472335779472
5kmN3110E4450,0.18997266220679165
5kmN3110E4455,0.184811937463079
5kmN3110E4460,0.19943288516397628
5kmN3110E4465,0.20379841393610354
5kmN3110E4470,0.20850801661540863
5kmN3110E4475,0.21040054063549873
5kmN3110E4480,0.10279212739253785
5kmN3110E4485,0.13366693288764797
5kmN3110E4500,0.1892955928473148
5kmN3110E4505,0.19508678325836248
5kmN3110E4510,0.26832479826768874
5kmN3110E4515,0.31231654689751215
5kmN3110E4520,0.3288119203520365
5kmN3110E4525,0.36254819654678616
5kmN3110E4530,0.3639068880715078
5kmN3110E4535,0.3691065461902621
5kmN3110E4540,0.3653119000507579
5kmN3110E4545,0.330290607850184
5kmN3110E4550,0.11610904420667256
5kmN3110E4555,0.121292807555411
5kmN3110E4560,0.14423882068504673
5kmN3110E4565,0.16113616100716466
5kmN3110E4570,0.1034083405451438
5kmN3110E4575,0.04980468321002243
5kmN3110E4580,0.0747589639108305
5kmN3110E4585,0.0862236742367993
5kmN3110E4590,0.09746549003401422
5kmN3110E4595,0.18053705334037337
5kmN3110E4600,0.2850528890583489
5kmN3110E4605,0.2767093884895968
5kmN3110E4610,0.2861475977715218
5kmN3110E4615,0.2739211214191687
5kmN3110E4620,0.28634228996597094
5kmN3110E4625,0.2800664070436403
5kmN3110E4630,0.27011259420136763
5kmN3110E4635,0.261841147065071
5kmN3110E4640,0.255336717479224
5kmN3110E4645,0.2450680613416084
5kmN3110E4650,0.2404501161465536
5kmN3110E4655,0.23601282744055224
5kmN3110E4660,0.23256703639967918
5kmN3110E4665,0.23723753606850712
5kmN3115E4040,-0.07359661857176203
5kmN3115E4045,-0.07887428344074549
5kmN3115E4050,-0.08795347685813543
5kmN3115E4055,-0.0894406851755245
5kmN3115E4060,-0.10912918822428663
5kmN3115E4065,-0.10264379664476248
5kmN3115E4070,-0.08267746931718106
5kmN3115E4075,-0.023025645231838227
5kmN3115E4080,-0.022654367980764006
5kmN3115E4085,-0.02708275132434021
5kmN3115E4090,-0.03755313604961655
5kmN3115E4095,-0.06779962146684923
5kmN3115E4110,0.06971432853370485
5kmN3115E4115,0.08121340826114992
5kmN3115E4120,0.07506711916005895
5kmN3115E4125,0.05814519238526447
5kmN3115E4130,0.051168033356677356
5kmN3115E4135,0.04422460231302461
5kmN3115E4140,0.08188943925506234
5kmN3115E4145,0.10534911594160881
5kmN3115E4150,0.10755388959839149
5kmN3115E4155,0.1267682157310651
5kmN3115E4160,0.1283248388028442
5kmN3115E4165,0.1301924628942999
5kmN3115E4170,0.15061042763927632
5kmN3115E4175,0.1442502591363705
5kmN3115E4180,0.14473267633235218
5kmN3115E4185,0.1608923130526514
5kmN3115E4190,0.14946748936491955
5kmN3115E4195,0.12600338656421983
5kmN3115E4200,0.1196124809760842
5kmN3115E4205,0.13669712087766087
5kmN3115E4210,0.15509619232533453
5kmN3115E4215,0.14673404384846422
5kmN3115E4220,0.13749479549930818
5kmN3115E4225,0.12513536486827073
5kmN3115E4230,0.2037811178181067
5kmN3115E4235,0.2816304051665019
5kmN3115E4240,0.28017504619739225
5kmN3115E4245,0.2847050573075694
5kmN3115E4250,0.2655188147713994
5kmN3115E4255,0.24945244315872805
5kmN3115E4260,0.25000564519206186
5kmN3115E4265,0.19369359905702943
5kmN3115E4270,0.1779252442098918
5kmN3115E4275,0.1602424047299597
5kmN3115E4280,0.16039073224563866
5kmN3115E4285,0.16951367248880178
5kmN3115E4290,0.20312554966514546
5kmN3115E4295,0.1970059170964178
5kmN3115E4300,0.17356567122620742
5kmN3115E4305,0.1615992541305245
5kmN3115E4310,0.14554643723569743
5kmN3115E4315,0.1246212570512007
5kmN3115E4320,0.09453502961397292
5kmN3115E4325,0.1016987394520173
5kmN3115E4330,0.10692040432797306
5kmN3115E4335,0.019818757310069435
5kmN3115E4340,-0.013745952220224233
5kmN3115E4345,-0.01879491382666887
5kmN3115E4350,-0.0586725825876413
5kmN3115E4355,-0.061797079033860225
5kmN3115E4360,-0.05862829563981775
5kmN3115E4365,-0.046029849019717184
5kmN3115E4370,-0.03517263260829695
5kmN3115E4375,-0.034619254756783624
5kmN3115E4380,-0.05174748732457857
5kmN3115E4385,-0.23665241839509082
5kmN3115E4390,-0.2365690894093867
5kmN3115E4395,-0.23759875185038326
5kmN3115E4400,-0.24240724434923266
5kmN3115E4405,-0.2344839803596227
5kmN3115E4410,-0.22641731654310615
5kmN3115E4415,-0.21360704552219678
5kmN3115E4420,-0.11937035499013537
5kmN3115E4425,0.15790188463676635
5kmN3115E4430,0.1601416819408794
5kmN3115E4435,0.1636393356572159
5kmN3115E4440,0.17183456613221493
5kmN3115E4445,0.17293782069216612
5kmN3115E4450,0.19377664388604987
5kmN3115E4455,0.1876906751880747
5kmN3115E4460,0.2023117863264009
5kmN3115E4465,0.20445761502496695
5kmN3115E4470,0.20408552210109276
5kmN3115E4475,0.16847953343831656
5kmN3115E4480,0.17184319831926853
5kmN3115E4500,0.20290164927896598
5kmN3115E4505,0.20031305196110194
5kmN3115E4510,0.21908482093794468
5kmN3115E4515,0.21944445308809962
5kmN3115E4520,0.3040590968473298
5kmN3115E4525,0.3768684925984733
5kmN3115E4530,0.37548162969525595
5kmN3115E4535,0.3578275737256187
5kmN3115E4540,0.36450524301432846
5kmN3115E4545,0.28861069631131653
5kmN3115E4550,0.12562212886598417
5kmN3115E4555,0.128070569347072
5kmN3115E4560,0.1338782337741709
5kmN3115E4565,0.14111054866371764
5kmN3115E4570,0.12658074706286593
5kmN3115E4575,0.13819184315047062
5kmN3115E4580,0.06728276861969587
5kmN3115E4585,0.07719754686393066
5kmN3115E4590,0.13767284084376424
5kmN3115E4595,0.29358019093954624
5kmN3115E4600,0.295228963723624
5kmN3115E4605,0.28889108659259877
5kmN3115E4610,0.28432001387198635
5kmN3115E4615,0.28013016132989393
5kmN3115E4620,0.2774218764878609
5kmN3115E4625,0.27831556807504887
5kmN3115E4630,0.26410689311036895
5kmN3115E4635,0.26732904700951
5kmN3115E4640,0.26226660952407105
5kmN3115E4645,0.2460417068140603
5kmN3115E4650,0.248516383767048
5kmN3115E4655,0.2450126202193842
5kmN3115E4660,0.2426359496730881
5kmN3115E4665,0.21759163861272546
5kmN3120E4045,-0.0776985000233581
5kmN3120E4050,-0.06689581126050997
5kmN3120E4055,-0.0830052168068911
5kmN3120E4060,-0.09811381151430376
5kmN3120E4065,-0.09827916653516955
5kmN3120E4070,-0.09928985606801977
5kmN3120E4075,-0.05419232776880353
5kmN3120E4080,-0.012650580268607214
5kmN3120E4085,-0.025534003639288344
5kmN3120E4105,0.04043373511958351
5kmN3120E4110,0.07627761347876888
5kmN3120E4115,0.09107738620595451
5kmN3120E4120,-0.01728914140270965
5kmN3120E4125,0.005391384463491911
5kmN3120E4130,0.026064812247137137
5kmN3120E4135,0.056699134699589426
5kmN3120E4140,0.09963279810079653
5kmN3120E4145,0.09802500830351762
5kmN3120E4150,0.1138655840622447
5kmN3120E4155,0.08814910101025833
5kmN3120E4160,0.11400874103517605
5kmN3120E4165,0.12112924704685679
5kmN3120E4170,0.10678960667125145
5kmN3120E4175,0.13667080274937363
5kmN3120E4180,0.16498322919339353
5kmN3120E4185,0.17474728095421027
5kmN3120E4190,0.14838794416321097
5kmN3120E4195,0.13405614712607478
5kmN3120E4200,0.13480888433288954
5kmN3120E4205,0.14335818137076503
5kmN3120E4210,0.14607636227024223
5kmN3120E4215,0.13162554061813145
5kmN3120E4220,0.14369486638413556
5kmN3120E4225,0.13993945592304102
5kmN3120E4230,0.16799353183410487
5kmN3120E4235,0.28244331941039674
5kmN3120E4240,0.2775807561571174
5kmN3120E4245,0.2803336519732529
5kmN3120E4250,0.2619951600939439
5kmN3120E4255,0.2664363753422148
5kmN3120E4260,0.25028453019574237
5kmN3120E4265,0.2275052467640262
5kmN3120E4270,0.1895649833717719
5kmN3120E4275,0.17488212851784785
5kmN3120E4280,0.15442137176367526
5kmN3120E4285,0.17608251742096825
5kmN3120E4290,0.22168903346931393
5kmN3120E4295,0.18627209859966165
5kmN3120E4300,0.15874194776892997
5kmN3120E4305,0.1707523127586168
5kmN3120E4310,0.1622637348873549
5kmN3120E4315,0.12318592802953321
5kmN3120E4320,0.10671073908201256
5kmN3120E4325,0.06312158692565573
5kmN3120E4330,0.010079331830714633
5kmN3120E4335,-0.013970009497081382
5kmN3120E4340,-0.022628181378362422
5kmN3120E4345,-0.02899588114701057
5kmN3120E4350,-0.057335161787779976
5kmN3120E4355,-0.060774234429587404
5kmN3120E4360,-0.05609846504606886
5kmN3120E4365,-0.03655523002485195
5kmN3120E4370,0.05312111537004638
5kmN3120E4375,0.03480403305803492
5kmN3120E4380,0.048455569103772245
5kmN3120E4385,-0.01785475144910298
5kmN3120E4390,-0.2166644662490677
5kmN3120E4395,-0.24097186767435275
5kmN3120E4400,-0.23977346952474599
5kmN3120E4405,-0.2409432940923304
5kmN3120E4410,-0.20783766520426572
5kmN3120E4415,-0.10291366592636614
5kmN3120E4420,0.04803504487000798
5kmN3120E4425,0.16885421966231984
5kmN3120E4430,0.16465229745067567
5kmN3120E4435,0.1660072099605856
5kmN3120E4440,0.1658524071454479
5kmN3120E4445,0.18482478966070137
5kmN3120E4450,0.19631471555921154
5kmN3120E4455,0.19218615477443235
5kmN3120E4460,0.19205034939256516
5kmN3120E4465,0.21178605982836163
5kmN3120E4470,0.20925204330245073
5kmN3120E4475,0.16512382345676485
5kmN3120E4480,0.16854786657955945
5kmN3120E4500,0.20132456285944905
5kmN3120E4505,0.21425906691760266
5kmN3120E4510,0.21940088128336488
5kmN3120E4515,0.2348567702967153
5kmN3120E4520,0.32189559951030605
5kmN3120E4525,0.36984451874148344
5kmN3120E4530,0.3829747797532898
5kmN3120E4535,0.37545502075658316
5kmN3120E4540,0.3780303907802211
5kmN3120E4545,0.23311540537419712
5kmN3120E4550,0.1335488675553529
5kmN3120E4555,0.1370132394253729
5kmN3120E4560,0.13167840389202023
5kmN3120E4565,0.14175275767625167
5kmN3120E4570,0.15470793578480874
5kmN3120E4575,0.17172059342371054
5kmN3120E4580,0.13010262626359637
5kmN3120E4585,0.1403086977978294
5kmN3120E4590,0.2349891626392943
5kmN3120E4595,0.29683699483179815
5kmN3120E4600,0.2867947977962117
5kmN3120E4605,0.2875868695371184
5kmN3120E4610,0.26863281469383454
5kmN3120E4615,0.27130477472927306
5kmN3120E4620,0.27228922409351936
5kmN3120E4625,0.2668472649437438
5kmN3120E4630,0.2661205726589418
5kmN3120E4635,0.2734539219202122
5kmN3120E4640,0.2645376295347957
5kmN3120E4645,0.24180506317055528
5kmN3120E4650,0.24690709417404116
5kmN3120E4655,0.245755029363053
5kmN3120E4660,0.24888702881624103
5kmN3120E4665,0.22255502666162807
5kmN3125E4045,-0.09653949210814844
5kmN3125E4050,-0.11241170906466988
5kmN3125E4055,-0.11987153808387982
5kmN3125E4060,-0.12928385628010397
5kmN3125E4065,-0.09578709937588947
5kmN3125E4070,-0.095375207245186
5kmN3125E4075,-0.021076809350135395
5kmN3125E4080,-0.021251803059115032
5kmN3125E4085,-0.016656284994337273
5kmN3125E4105,0.045753005440374306
5kmN3125E4110,0.03910491938378238
5kmN3125E4115,-0.01619928456488262
5kmN3125E4120,-0.04768304008668511
5kmN3125E4125,-0.032560920643833424
5kmN3125E4130,0.009295182953250158
5kmN3125E4135,0.08529323618395648
5kmN3125E4140,0.1128719250904898
5kmN3125E4145,0.10394931560803244
5kmN3125E4150,0.10145328419887503
5kmN3125E4155,0.09428506491387054
5kmN3125E4160,0.09624183052058011
5kmN3125E4165,0.1008055401128074
5kmN3125E4170,0.10197569002805631
5kmN3125E4175,0.15052259510018096
5kmN3125E4180,0.15978085739619227
5kmN3125E4185,0.16492514711144293
5kmN3125E4190,0.14036603496578187
5kmN3125E4195,0.14139387228848774
5kmN3125E4200,0.1551486358656873
5kmN3125E4205,0.15347687750725006
5kmN3125E4210,0.14712075733490698
5kmN3125E4215,0.153352308865866
5kmN3125E4220,0.21565213633677266
5kmN3125E4225,0.1845286941952198
5kmN3125E4230,0.22252609871170317
5kmN3125E4235,0.29076776613519906
5kmN3125E4240,0.27274478404282615
5kmN3125E4245,0.2804632322967081
5kmN3125E4250,0.2753677807243044
5kmN3125E4255,0.2729090108880816
5kmN3125E4260,0.24107527111782384
5kmN3125E4265,0.2318183878801321
5kmN3125E4270,0.23302381639671613
5kmN3125E4275,0.2049205419715702
5kmN3125E4280,0.11489291268782359
5kmN3125E4285,0.15067345706397894
5kmN3125E4290,0.19931821742694622
5kmN3125E4295,0.20805131649150566
5kmN3125E4300,0.19998631970182673
5kmN3125E4305,0.17660138653494567
5kmN3125E4310,0.16080941958358902
5kmN3125E4315,0.12339336670860418
5kmN3125E4320,0.12885558809259307
5kmN3125E4325,-0.03868974752929366
5kmN3125E4330,-0.061170798826517325
5kmN3125E4335,-0.055873154153673665
5kmN3125E4340,-0.048765165213046635
5kmN3125E4345,-0.038969946654898835
5kmN3125E4350,-0.04274721051105901
5kmN3125E4355,-0.03702298601084697
5kmN3125E4360,-0.03958285756989488
5kmN3125E4365,-0.008237481465781626
5kmN3125E4370,0.161873054456242
5kmN3125E4375,0.17112709258328496
5kmN3125E4380,0.1719832002470859
5kmN3125E4385,0.16724973692433553
5kmN3125E4390,-0.13224291006776845
5kmN3125E4395,-0.22497604103228752
5kmN3125E4400,-0.0710802646548333
5kmN3125E4405,0.012667367557488318
5kmN3125E4410,-0.04265927385019408
5kmN3125E4415,0.07433874798703632
5kmN3125E4420,0.16857529555625372
5kmN3125E4425,0.16870128706089527
5kmN3125E4430,0.1645122579645345
5kmN3125E4435,0.16574649593196855
5kmN3125E4440,0.1695757580183438
5kmN3125E4445,0.12209748982876989
5kmN3125E4450,0.10217844479789351
5kmN3125E4455,0.18022689258725588
5kmN3125E4460,0.19990962536318269
5kmN3125E4465,0.1962526751273963
5kmN3125E4470,0.20541425733955965
5kmN3125E4480,0.1058506794210266
5kmN3125E4500,0.20340399483489208
5kmN3125E4505,0.21250832046306056
5kmN3125E4510,0.20628510557015606
5kmN3125E4515,0.23531733166755703
5kmN3125E4520,0.25422372029332857
5kmN3125E4525,0.29644129195492147
5kmN3125E4530,0.24610212537720172
5kmN3125E4535,0.29100513595949845
5kmN3125E4540,0.3279021110513016
5kmN3125E4545,0.1339673185701869
5kmN3125E4550,0.12997824992200685
5kmN3125E4555,0.14234655830928222
5kmN3125E4560,0.14979361831442506
5kmN3125E4565,0.1518433137385859
5kmN3125E4570,0.16909418907246565
5kmN3125E4575,0.1723152537020693
5kmN3125E4580,0.15839780081342203
5kmN3125E4585,0.265286641083095
5kmN3125E4590,0.3054274177325012
5kmN3125E4595,0.29908448644243074
5kmN3125E4600,0.2960661946415187
5kmN3125E4605,0.2984909878044531
5kmN3125E4610,0.2775150423038504
5kmN3125E4615,0.2707113619024263
5kmN3125E4620,0.26120900186887064
5kmN3125E4625,0.24733010178560028
5kmN3125E4630,0.24606274088237678
5kmN3125E4635,0.2532851036965716
5kmN3125E4640,0.25319492337015925
5kmN3125E4645,0.2530729704191548
5kmN3125E4650,0.24297199503353606
5kmN3125E4655,0.24631769648634483
5kmN3125E4660,0.25257600165004523
5kmN3125E4665,0.2352183080236615
5kmN3125E4670,0.24256903196243512
5kmN3130E4045,-0.09397807063836722
5kmN3130E4050,-0.11856162929416064
5kmN3130E4055,-0.12429265067107159
5kmN3130E4060,-0.13794983935687227
5kmN3130E4065,-0.144721476670591
5kmN3130E4070,-0.1279804130707854
5kmN3130E4075,-0.14645244888331455
5kmN3130E4080,-0.10825343907404461
5kmN3130E4085,-0.027271406822725747
5kmN3130E4110,0.04019965415000801
5kmN3130E4115,-0.030465303932626198
5kmN3130E4120,-0.06369391892331672
5kmN3130E4125,-0.04653254795713768
5kmN3130E4130,0.05593375978141224
5kmN3130E4135,0.1052713089011044
5kmN3130E4140,0.11493207179228937
5kmN3130E4145,0.09781339399201558
5kmN3130E4150,0.10912009097805078
5kmN3130E4155,0.1007669574794178
5kmN3130E4160,0.10056201496646336
5kmN3130E4165,0.101706684755383
5kmN3130E4170,0.11427536443252223
5kmN3130E4175,0.1351414810113011
5kmN3130E4180,0.13904946209831157
5kmN3130E4185,0.15066106625317754
5kmN3130E4190,0.14679079071255932
5kmN3130E4195,0.13931294823653595
5kmN3130E4200,0.14615656699847954
5kmN3130E4205,0.14951890906479154
5kmN3130E4210,0.14588171440009903
5kmN3130E4215,0.1583920499806647
5kmN3130E4220,0.2524772159036745
5kmN3130E4225,0.3174753410040143
5kmN3130E4230,0.3070771951023782
5kmN3130E4235,0.2951828656507689
5kmN3130E4240,0.2746893172811453
5kmN3130E4245,0.2785206954070102
5kmN3130E4250,0.2819502181520469
5kmN3130E4255,0.28048778403205415
5kmN3130E4260,0.2339656595994166
5kmN3130E4265,0.23319162642295022
5kmN3130E4270,0.2394114729924518
5kmN3130E4275,0.13804367213766933
5kmN3130E4280,0.02277125453452128
5kmN3130E4285,0.026448535889610658
5kmN3130E4290,0.17064657990283238
5kmN3130E4295,0.13291766039792763
5kmN3130E4305,0.16643920580521376
5kmN3130E4310,0.1439233779725348
5kmN3130E4315,0.06727133780189726
5kmN3130E4320,-0.04533309197182961
5kmN3130E4325,-0.050916784938412674
5kmN3130E4330,-0.05936454453428541
5kmN3130E4335,-0.061354994508887484
5kmN3130E4340,-0.07927974354897777
5kmN3130E4345,-0.04275523938491055
5kmN3130E4350,-0.023952628813406984
5kmN3130E4355,0.033456899952657215
5kmN3130E4360,0.0035917319504968903
5kmN3130E4365,0.1436524633613162
5kmN3130E4370,0.1600587424650839
5kmN3130E4375,0.1716152410132853
5kmN3130E4380,0.190986792464914
5kmN3130E4385,0.18749956484908348
5kmN3130E4390,0.13520973167199446
5kmN3130E4395,-0.0927425599961077
5kmN3130E4400,0.14182906362580272
5kmN3130E4405,0.18111990261987532
5kmN3130E4410,0.16401609370925385
5kmN3130E4415,0.2108209853027313
5kmN3130E4420,0.15678594012040803
5kmN3130E4425,0.06050061856459121
5kmN3130E4430,0.13699233180720427
5kmN3130E4435,0.06593922330256319
5kmN3130E4440,0.0577910913529629
5kmN3130E4445,0.022227462564047173
5kmN3130E4450,0.03118813512821661
5kmN3130E4455,0.0729657589432583
5kmN3130E4460,0.12004459967574321
5kmN3130E4465,0.07633247806958277
5kmN3130E4500,0.18439860445049722
5kmN3130E4505,0.2081695167387525
5kmN3130E4510,0.2112459714210319
5kmN3130E4515,0.23538907620678234
5kmN3130E4520,0.23868016837197187
5kmN3130E4525,0.21151174368229902
5kmN3130E4530,0.2121664685340574
5kmN3130E4535,0.20813777705949693
5kmN3130E4540,0.1968698047762164
5kmN3130E4545,0.14210447647154822
5kmN3130E4550,0.1392268826568041
5kmN3130E4555,0.1451538138980833
5kmN3130E4560,0.15730202474639043
5kmN3130E4565,0.15713908647483926
5kmN3130E4570,0.1661735369586152
5kmN3130E4575,0.1651313482248588
5kmN3130E4580,0.1603200338996758
5kmN3130E4585,0.2681313180432274
5kmN3130E4590,0.31199278137943154
5kmN3130E4595,0.31429880723569575
5kmN3130E4600,0.30560126329272025
5kmN3130E4605,0.29988982422529503
5kmN3130E4610,0.27541750008271015
5kmN3130E4615,0.2668587093699366
5kmN3130E4620,0.2640095208615884
5kmN3130E4625,0.24993169566112272
5kmN3130E4630,0.25007968905742567
5kmN3130E4635,0.24717989734214468
5kmN3130E4640,0.2562632427761113
5kmN3130E4645,0.25595757218506854
5kmN3130E4650,0.2551476658769822
5kmN3130E4655,0.25548393068628356
5kmN3130E4660,0.2520774108854538
5kmN3130E4665,0.24282228728896676
5kmN3130E4670,0.2512681369825939
5kmN3135E4050,-0.11170651689893929
5kmN3135E4055,-0.12334028688722676
5kmN3135E4060,-0.12559479297265885
5kmN3135E4065,-0.11721779326866666
5kmN3135E4070,-0.12234690366294171
5kmN3135E4075,-0.0982817771230439
5kmN3135E4080,-0.05400288007029247
5kmN3135E4085,-0.024644166539631585
5kmN3135E4100,0.03261838161524758
5kmN3135E4105,0.046824655108552604
5kmN3135E4110,0.045359902580265093
5kmN3135E4115,0.056007429471764486
5kmN3135E4120,0.03975301555823152
5kmN3135E4125,0.040535291438008214
5kmN3135E4130,0.07575021713091476
5kmN3135E4135,0.08808848175830306
5kmN3135E4140,0.08286907171604307
5kmN3135E4145,0.07299084265345357
5kmN3135E4150,0.08661148402831353
5kmN3135E4155,0.0978460302759924
5kmN3135E4160,0.11627440542604792
5kmN3135E4165,0.12437076004176492
5kmN3135E4170,0.10243959229301033
5kmN3135E4175,0.10341475082640289
5kmN3135E4180,0.11679961123910734
5kmN3135E4185,0.13527910606514168
5kmN3135E4190,0.13165567181942076
5kmN3135E4195,0.12694419842684745
5kmN3135E4200,0.12430115383093013
5kmN3135E4205,0.13315221127711704
5kmN3135E4210,0.14110509927857207
5kmN3135E4215,0.14783223877691065
5kmN3135E4220,0.16345497104990733
5kmN3135E4225,0.26660984451705316
5kmN3135E4230,0.2953321715373589
5kmN3135E4235,0.2862206098281477
5kmN3135E4240,0.28679918269357235
5kmN3135E4245,0.2789975006735548
5kmN3135E4250,0.2744878046295902
5kmN3135E4255,0.2679782026298757
5kmN3135E4260,0.22410782092288062
5kmN3135E4265,0.2333200613751272
5kmN3135E4270,0.23591875518410316
5kmN3135E4275,0.18536607022810217
5kmN3135E4280,0.10915532468150282
5kmN3135E4285,0.10384876264422399
5kmN3135E4290,0.021311724597693205
5kmN3135E4295,0.006136279917900445
5kmN3135E4300,0.11798142095017072
5kmN3135E4305,0.13961182643190934
5kmN3135E4310,0.12496932299571234
5kmN3135E4315,-0.017683282705081016
5kmN3135E4320,-0.05895317438881076
5kmN3135E4325,-0.06826504700328573
5kmN3135E4330,-0.06208166447079
5kmN3135E4335,-0.06213847036193909
5kmN3135E4340,-0.07135864562210947
5kmN3135E4345,-0.06184128049205517
5kmN3135E4350,-0.061952975804218546
5kmN3135E4355,0.12708932597772604
5kmN3135E4360,0.17083615396712093
5kmN3135E4365,0.1737255344722327
5kmN3135E4370,0.1782230899351258
5kmN3135E4375,0.18904215378856226
5kmN3135E4380,0.18799350100711465
5kmN3135E4385,0.19052645937478185
5kmN3135E4390,0.18765924199293027
5kmN3135E4395,0.1764515909357467
5kmN3135E4400,0.18211184420169746
5kmN3135E4405,0.18249771434992546
5kmN3135E4410,0.18744581342491917
5kmN3135E4415,0.1809940040582234
5kmN3135E4420,0.05126350077331787
5kmN3135E4425,0.0421124285316925
5kmN3135E4430,0.03471064677749447
5kmN3135E4435,0.030999171163230144
5kmN3135E4440,0.04157357761452307
5kmN3135E4445,0.032374186568119634
5kmN3135E4450,0.04285768388843392
5kmN3135E4455,0.07255085573796338
5kmN3135E4460,0.08355126130405516
5kmN3135E4465,0.0908537256568408
5kmN3135E4500,0.19284991716446115
5kmN3135E4505,0.2127031558308618
5kmN3135E4510,0.23656900774262435
5kmN3135E4515,0.2416963403619488
5kmN3135E4520,0.22975507483593738
5kmN3135E4525,0.22348778076158105
5kmN3135E4530,0.2307812987864341
5kmN3135E4535,0.20243800969934062
5kmN3135E4540,0.2111235226690512
5kmN3135E4545,0.13318532985912684
5kmN3135E4550,0.13861851520018864
5kmN3135E4555,0.1370501780728025
5kmN3135E4560,0.16150292192581867
5kmN3135E4565,0.1528174273916752
5kmN3135E4570,0.17655753263454638
5kmN3135E4575,0.15656904547416695
5kmN3135E4580,0.1696822772765002
5kmN3135E4585,0.26999459832073686
5kmN3135E4590,0.3053157173083696
5kmN3135E4595,0.3108216061383928
5kmN3135E4600,0.3129240082089286
5kmN3135E4605,0.28692191428441577
5kmN3135E4610,0.2900939631294647
5kmN3135E4615,0.2844682384516467
5kmN3135E4620,0.26561579897864257
5kmN3135E4625,0.27062252454749164
5kmN3135E4630,0.2596514971137945
5kmN3135E4635,0.2570507011967993
5kmN3135E4640,0.2605183593949654
5kmN3135E4645,0.26580764492275905
5kmN3135E4650,0.25076802843444695
5kmN3135E4655,0.25659018062275313
5kmN3135E4660,0.24301566687492354
5kmN3135E4665,0.24628381870420757
5kmN3135E4670,0.2420693308901698
5kmN3140E4050,-0.12157185621309868
5kmN3140E4055,-0.12069112251668879
5kmN3140E4060,-0.11241804950102358
5kmN3140E4065,-0.11442538301858923
5kmN3140E4070,-0.12144809803141471
5kmN3140E4075,-0.07209804664422012
5kmN3140E4080,-0.016292137722685673
5kmN3140E4085,-0.07791130135859525
5kmN3140E4100,0.049209713735535954
5kmN3140E4120,0.08143270657366711
5kmN3140E4125,0.08107891505584561
5kmN3140E4130,0.08695903828724691
5kmN3140E4135,0.0768750666517325
5kmN3140E4140,0.0276820042725634
5kmN3140E4145,0.036152568553375786
5kmN3140E4150,0.05062657960440009
5kmN3140E4155,0.08339514918933785
5kmN3140E4160,0.0899629085980109
5kmN3140E4165,0.09244496300362973
5kmN3140E4170,0.10238325339403576
5kmN3140E4175,0.12894871025623966
5kmN3140E4180,0.1293938672197326
5kmN3140E4185,0.11100699679045656
5kmN3140E4190,0.1274389396873284
5kmN3140E4195,0.14048181961877126
5kmN3140E4200,0.13199784756173874
5kmN3140E4205,0.13717141151914658
5kmN3140E4210,0.13547035789133755
5kmN3140E4215,0.1553124515214577
5kmN3140E4220,0.13172566148149373
5kmN3140E4225,0.1507182700495631
5kmN3140E4230,0.17195024388466226
5kmN3140E4235,0.20664609395858718
5kmN3140E4240,0.1945238899733298
5kmN3140E4245,0.24538500246824252
5kmN3140E4250,0.2619774538056399
5kmN3140E4255,0.2504666438318126
5kmN3140E4260,0.23421074683100312
5kmN3140E4265,0.2298347973611129
5kmN3140E4270,0.2330375568168361
5kmN3140E4275,0.2043575321344421
5kmN3140E4280,0.19810412764963228
5kmN3140E4285,0.19202016188325077
5kmN3140E4290,0.07358998534449362
5kmN3140E4295,-0.01970329994527087
5kmN3140E4300,-0.00926242565076063
5kmN3140E4305,0.07195027165796991
5kmN3140E4310,0.0806700214498689
5kmN3140E4315,-0.039661143497467855
5kmN3140E4320,-0.07127361270373722
5kmN3140E4325,-0.08369250762785296
5kmN3140E4330,-0.07888260862535446
5kmN3140E4335,-0.07239197545650122
5kmN3140E4340,-0.08885916699362162
5kmN3140E4345,-0.0826506296538515
5kmN3140E4350,-0.08218290325531175
5kmN3140E4355,0.03723032055370101
5kmN3140E4360,0.0997578364685745
5kmN3140E4365,0.1128877199512821
5kmN3140E4370,0.12042418879121741
5kmN3140E4375,0.17224122273415332
5kmN3140E4380,0.16095149984644752
5kmN3140E4385,0.17351198652484479
5kmN3140E4390,0.1834289656537781
5kmN3140E4395,0.20611309714470671
5kmN3140E4400,0.16266564687583696
5kmN3140E4405,0.15359679250444946
5kmN3140E4410,0.1453450368562803
5kmN3140E4415,0.0726382176915027
5kmN3140E4420,0.033072718944591295
5kmN3140E4425,0.03933241703818646
5kmN3140E4430,0.025520009759193774
5kmN3140E4435,0.033014908526146636
5kmN3140E4440,0.04554816502908454
5kmN3140E4445,0.05054949088909322
5kmN3140E4450,0.05986286455120693
5kmN3140E4455,0.07118111140776928
5kmN3140E4460,0.07927267659755827
5kmN3140E4465,0.07260902378287776
5kmN3140E4500,0.19767585193691029
5kmN3140E4505,0.2230222954075603
5kmN3140E4510,0.2240588876012481
5kmN3140E4515,0.24737541237549915
5kmN3140E4520,0.2539129942055244
5kmN3140E4525,0.2071888202856686
5kmN3140E4530,0.22516116303681744
5kmN3140E4535,0.2230741748486053
5kmN3140E4540,0.21185457004715508
5kmN3140E4545,0.1489088671289473
5kmN3140E4550,0.1376031560151038
5kmN3140E4555,0.16088788622383332
5kmN3140E4560,0.1652504772044412
5kmN3140E4565,0.1667241931896727
5kmN3140E4570,0.179750276342874
5kmN3140E4575,0.1758189636789001
5kmN3140E4580,0.17893315219739964
5kmN3140E4585,0.22843529317559902
5kmN3140E4595,0.3061800775864724
5kmN3140E4600,0.30594227230211746
5kmN3140E4605,0.29489786046055894
5kmN3140E4610,0.2884791829931382
5kmN3140E4615,0.2827249445637839
5kmN3140E4620,0.26646572258521434
5kmN3140E4625,0.2811295663525105
5kmN3140E4630,0.2715943511424252
5kmN3140E4635,0.26363791993494456
5kmN3140E4640,0.26425513727980626
5kmN3140E4645,0.2714284365593978
5kmN3140E4650,0.2522779772172335
5kmN3140E4655,0.2516426897620089
5kmN3140E4660,0.2551490090297424
5kmN3140E4665,0.2698347049589353
5kmN3140E4670,0.2639402974158117
5kmN3145E4055,-0.08151925571461419
5kmN3145E4060,-0.05128950266568019
5kmN3145E4065,-0.0707532237345033
5kmN3145E4070,-0.12812113931838168
5kmN3145E4075,-0.050769360585143475
5kmN3145E4080,-0.03548292220014343
5kmN3145E4085,-0.0868696842059054
5kmN3145E4090,-0.1291957748348958
5kmN3145E4095,-0.10639116766516787
5kmN3145E4100,0.1086310450680299
5kmN3145E4125,0.029181247860354198
5kmN3145E4130,0.07808633517767624
5kmN3145E4135,0.09183532888871265
5kmN3145E4140,0.0632553895045489
5kmN3145E4145,-0.03664376133039349
5kmN3145E4150,-0.08235539481877152
5kmN3145E4155,0.051453287206840115
5kmN3145E4160,0.07972064543696278
5kmN3145E4165,0.07914927716937589
5kmN3145E4170,0.09735080058140103
5kmN3145E4175,0.11330952178739148
5kmN3145E4180,0.1031632532810422
5kmN3145E4185,0.10829185292703072
5kmN3145E4190,0.11295501884477985
5kmN3145E4195,0.08046737498652798
5kmN3145E4200,0.07230211171529685
5kmN3145E4205,0.05490848435053408
5kmN3145E4210,0.0963057595592359
5kmN3145E4215,0.14588026449902056
5kmN3145E4220,0.13502512037414446
5kmN3145E4225,0.13257500332776004
5kmN3145E4230,0.13665783896542782
5kmN3145E4235,0.11883216301528601
5kmN3145E4240,0.11762867335145488
5kmN3145E4245,0.22479447676654862
5kmN3145E4250,0.2741055468448587
5kmN3145E4255,0.21880334774262938
5kmN3145E4260,0.19114655507128636
5kmN3145E4265,0.21508040801069855
5kmN3145E4270,0.20698532988421536
5kmN3145E4275,0.1889662440061194
5kmN3145E4280,0.18007705531474894
5kmN3145E4285,0.1996249086576078
5kmN3145E4295,-0.00837973331106634
5kmN3145E4300,-0.02445796118453386
5kmN3145E4305,-0.035574946148712094
5kmN3145E4310,-0.06263916000900516
5kmN3145E4315,-0.06013444647238364
5kmN3145E4320,-0.05005920727284435
5kmN3145E4325,-0.061549308043825135
5kmN3145E4330,-0.06586790307230528
5kmN3145E4335,-0.0768861626445062
5kmN3145E4340,-0.068923929315438
5kmN3145E4345,-0.06512554484819788
5kmN3145E4350,-0.060668356337106044
5kmN3145E4355,0.01684059360818535
5kmN3145E4360,0.031358854536394976
5kmN3145E4365,0.03183001320027001
5kmN3145E4370,0.029965042712057355
5kmN3145E4375,0.04704179848797907
5kmN3145E4380,0.03827519505966215
5kmN3145E4385,0.038694544861279545
5kmN3145E4390,0.008836484693710234
5kmN3145E4395,0.023641327016014513
5kmN3145E4400,-0.017073507293631218
5kmN3145E4405,-0.003799214469917267
5kmN3145E4410,-0.015007864409253946
5kmN3145E4415,-0.0016828662305534703
5kmN3145E4420,0.012714337653122687
5kmN3145E4425,0.031954551445219526
5kmN3145E4430,0.03259631581117717
5kmN3145E4435,0.03343897016475417
5kmN3145E4440,0.035534225738645064
5kmN3145E4445,0.05151427971128841
5kmN3145E4450,0.06910630570709408
5kmN3145E4465,0.0839931695629394
5kmN3145E4500,0.17339694999029126
5kmN3145E4505,0.2308020756144653
5kmN3145E4510,0.23623721831579098
5kmN3145E4515,0.2551638106398972
5kmN3145E4520,0.2540382105050224
5kmN3145E4525,0.2242008630591767
5kmN3145E4530,0.23075642266578966
5kmN3145E4535,0.22807979822962504
5kmN3145E4540,0.22627612655717527
5kmN3145E4545,0.30848603288861
5kmN3145E4550,0.1678041695011746
5kmN3145E4555,0.17114863745434383
5kmN3145E4560,0.17711913077638813
5kmN3145E4565,0.3556037637760862
5kmN3145E4570,0.45607537675067394
5kmN3145E4575,0.3880535660958073
5kmN3145E4580,0.27102862951472767
5kmN3145E4585,0.27095388627171707
5kmN3145E4590,0.30653818353286133
5kmN3145E4595,0.3069843570007878
5kmN3145E4600,0.2970864974478572
5kmN3145E4605,0.30147717435222243
5kmN3145E4610,0.2946813051490528
5kmN3145E4615,0.2853030313882945
5kmN3145E4620,0.26260378215211755
5kmN3145E4625,0.27137721611383037
5kmN3145E4630,0.27484739249797413
5kmN3145E4635,0.24570717920400648
5kmN3145E4640,0.26610420453772005
5kmN3145E4645,0.25695891975224106
5kmN3145E4650,0.2641463005302331
5kmN3145E4655,0.2761178163136527
5kmN3145E4660,0.26865714275142016
5kmN3145E4665,0.2661921340993074
5kmN3150E4055,-0.04083753270265267
5kmN3150E4060,-0.056931763160498194
5kmN3150E4065,-0.04844810917966963
5kmN3150E4070,-0.06521459316125877
5kmN3150E4075,-0.07510151191815728
5kmN3150E4080,-0.09129881095611347
5kmN3150E4085,-0.10734716781558812
5kmN3150E4090,-0.12682061259907784
5kmN3150E4095,-0.08310318075756268
5kmN3150E4100,0.0969368172942312
5kmN3150E4125,-0.09025776116124784
5kmN3150E4130,-0.03722181412554104
5kmN3150E4135,0.060595440288176955
5kmN3150E4140,-0.048488930492462085
5kmN3150E4145,-0.08615480369385747
5kmN3150E4150,-0.10974151904729007
5kmN3150E4155,-0.020357016390812832
5kmN3150E4160,0.03572994535791918
5kmN3150E4165,0.02695127078343984
5kmN3150E4170,0.07176566367969336
5kmN3150E4175,0.08579118829083576
5kmN3150E4180,0.07265968153887153
5kmN3150E4185,0.021755880168821462
5kmN3150E4190,0.02301681767596353
5kmN3150E4195,0.059232352621665235
5kmN3150E4200,0.04946107815672399
5kmN3150E4205,0.04796120795552136
5kmN3150E4210,0.05476055285639023
5kmN3150E4215,0.040861895135106546
5kmN3150E4220,0.00024945173308374424
5kmN3150E4225,0.009174730199071668
5kmN3150E4230,-0.09498326997457412
5kmN3150E4235,-0.045442586331327445
5kmN3150E4240,0.11704611244354068
5kmN3150E4245,0.25392833144804466
5kmN3150E4250,0.2576059781102302
5kmN3150E4255,0.1388035976588185
5kmN3150E4260,0.023389621081442935
5kmN3150E4265,0.12154613390785923
5kmN3150E4270,0.20493393093880566
5kmN3150E4275,0.18282564864661888
5kmN3150E4280,0.18948226433159887
5kmN3150E4285,0.2079958661385448
5kmN3150E4290,0.16865453322302854
5kmN3150E4295,-0.0011954448934138884
5kmN3150E4300,-0.022043197860049046
5kmN3150E4305,-0.03087636310319619
5kmN3150E4310,-0.06981370713636142
5kmN3150E4315,-0.06875217603666067
5kmN3150E4320,-0.047743295348100845
5kmN3150E4325,-0.048103305082637604
5kmN3150E4330,-0.05721960090941719
5kmN3150E4335,-0.07456539767378007
5kmN3150E4340,-0.06900586739551123
5kmN3150E4345,-0.054251561124301184
5kmN3150E4350,-0.06473028566001848
5kmN3150E4355,0.005304693071852218
5kmN3150E4360,0.038560803058181214
5kmN3150E4365,0.02671855908745624
5kmN3150E4370,0.011617988026677573
5kmN3150E4375,0.0038617024543652345
5kmN3150E4380,0.0298794366271532
5kmN3150E4385,0.008511772752490265
5kmN3150E4390,-0.020922019299379313
5kmN3150E4395,-0.017202454843297188
5kmN3150E4400,-0.009673874511700653
5kmN3150E4405,-0.004433624465646768
5kmN3150E4410,-0.012687844400516068
5kmN3150E4415,0.012431009720616282
5kmN3150E4420,0.019780015895563996
5kmN3150E4425,0.026078672878829146
5kmN3150E4430,0.03743648709408853
5kmN3150E4435,0.025068513282855087
5kmN3150E4440,0.02906345217989259
5kmN3150E4445,0.04576623590430362
5kmN3150E4485,0.11921659434227128
5kmN3150E4490,0.12481001182488549
5kmN3150E4495,0.15319323802389
5kmN3150E4500,0.15862209992253118
5kmN3150E4505,0.18886184198836348
5kmN3150E4510,0.2176942214630045
5kmN3150E4515,0.23333299715822398
5kmN3150E4520,0.22360457812816753
5kmN3150E4525,0.22952050460024248
5kmN3150E4530,0.23909840215062583
5kmN3150E4535,0.22869450903903238
5kmN3150E4540,0.32135805740200485
5kmN3150E4545,0.5175851778062737
5kmN3150E4550,0.4330191325501234
5kmN3150E4555,0.3330894366827191
5kmN3150E4560,0.4978313477386049
5kmN3150E4565,0.5679542318905617
5kmN3150E4570,0.5644950456816471
5kmN3150E4575,0.4989208099290025
5kmN3150E4580,0.2970990570469279
5kmN3150E4585,0.30087538544285775
5kmN3150E4590,0.3176132720480754
5kmN3150E4595,0.31037923129376627
5kmN3150E4600,0.31025404001278917
5kmN3150E4605,0.30829803706883796
5kmN3150E4610,0.2991805271120994
5kmN3150E4615,0.2814822670997474
5kmN3150E4620,0.2653654933517237
5kmN3150E4625,0.2548282069369763
5kmN3150E4630,0.2529197124784542
5kmN3150E4635,0.23511693005439077
5kmN3150E4640,0.25842492712896475
5kmN3150E4645,0.24649588758318963
5kmN3150E4650,0.2657571557260602
5kmN3150E4655,0.27468258596135214
5kmN3150E4660,0.2629401816547918
5kmN3150E4665,0.2642610844852392
5kmN3155E4055,-0.04017243068933046
5kmN3155E4060,-0.04325334233926381
5kmN3155E4065,-0.049860346546522216
5kmN3155E4070,-0.05504642157353379
5kmN3155E4075,-0.06358011252341977
5kmN3155E4080,-0.08463554823049657
5kmN3155E4085,-0.10069645489257228
5kmN3155E4090,-0.14410961843467884
5kmN3155E4095,-0.0992137191212979
5kmN3155E4100,-0.11213208053239376
5kmN3155E4120,-0.09131300531135456
5kmN3155E4125,-0.07489458695340223
5kmN3155E4130,-0.08822047378688869
5kmN3155E4135,-0.06636306271939363
5kmN3155E4140,-0.07528620314547096
5kmN3155E4145,-0.07330397132257893
5kmN3155E4150,-0.09450351837751661
5kmN3155E4155,-0.11457549592443028
5kmN3155E4160,-0.09119547456598881
5kmN3155E4165,-0.07888266960953155
5kmN3155E4170,-0.006607362847716625
5kmN3155E4175,0.024974205311352582
5kmN3155E4180,0.018482030303704655
5kmN3155E4185,0.024433652837295594
5kmN3155E4190,0.02858148169842961
5kmN3155E4195,0.034898785280726874
5kmN3155E4200,0.036124066454643916
5kmN3155E4205,0.0336418035988455
5kmN3155E4210,0.036216441273542094
5kmN3155E4215,-0.05103306322735665
5kmN3155E4220,-0.14141150077229114
5kmN3155E4225,-0.1496113961077164
5kmN3155E4230,-0.15583786692108065
5kmN3155E4235,-0.11408233315215738
5kmN3155E4240,0.08830202535389034
5kmN3155E4245,0.05750387621890962
5kmN3155E4250,0.07860581298856895
5kmN3155E4255,0.029084134072452916
5kmN3155E4260,0.004823676533208199
5kmN3155E4265,0.010387418304648788
5kmN3155E4270,0.09863892043572442
5kmN3155E4275,0.18904128296320827
5kmN3155E4280,0.18711922077285892
5kmN3155E4285,0.20318715194774845
5kmN3155E4290,0.14503180727209658
5kmN3155E4295,-0.016976995014214735
5kmN3155E4300,-0.024016337245947927
5kmN3155E4305,-0.0335134058259865
5kmN3155E4310,-0.07965466348174477
5kmN3155E4315,-0.07331063318863112
5kmN3155E4320,-0.03385370137507204
5kmN3155E4325,-0.045282844167253034
5kmN3155E4330,-0.064839730640818
5kmN3155E4335,-0.06702066451234168
5kmN3155E4340,-0.05366022397743564
5kmN3155E4345,-0.056261219281561026
5kmN3155E4350,-0.059044901008477924
5kmN3155E4355,0.008468826619763892
5kmN3155E4360,0.04035360988523229
5kmN3155E4365,0.03870293150671689
5kmN3155E4370,0.03034061134849353
5kmN3155E4375,0.03859365125219805
5kmN3155E4380,0.05706300011682264
5kmN3155E4385,0.0007675624341720866
5kmN3155E4390,-0.0006138829113320199
5kmN3155E4395,0.006757342675594247
5kmN3155E4400,0.010345630369707703
5kmN3155E4405,0.021658474089903623
5kmN3155E4410,0.022878047676149094
5kmN3155E4415,0.030281342823128887
5kmN3155E4420,0.03046269377507793
5kmN3155E4425,0.022899062991459496
5kmN3155E4430,0.035903556147438564
5kmN3155E4435,0.037629036552358275
5kmN3155E4475,0.10905774489788778
5kmN3155E4480,0.11406579374809178
5kmN3155E4485,0.14055369053230682
5kmN3155E4490,0.14603280084415293
5kmN3155E4495,0.15382491440268725
5kmN3155E4500,0.1723854776563727
5kmN3155E4505,0.16368423123447962
5kmN3155E4510,0.18836613760701998
5kmN3155E4515,0.19154755537072654
5kmN3155E4520,0.206943376579588
5kmN3155E4525,0.21597325879020518
5kmN3155E4530,0.23409527631297633
5kmN3155E4535,0.22216956464834703
5kmN3155E4540,0.3714090126409331
5kmN3155E4545,0.5421112132491361
5kmN3155E4550,0.5624010790775251
5kmN3155E4555,0.5625261647258704
5kmN3155E4560,0.5530455530275171
5kmN3155E4565,0.5543266650540505
5kmN3155E4570,0.5569997190650116
5kmN3155E4575,0.45178440238555767
5kmN3155E4580,0.29756312151233427
5kmN3155E4585,0.2957921271300947
5kmN3155E4590,0.2931980831780821
5kmN3155E4595,0.30249196721517096
5kmN3155E4600,0.2931827728978535
5kmN3155E4605,0.2840428293785614
5kmN3155E4610,0.28425473082759595
5kmN3155E4615,0.27775254751647943
5kmN3155E4620,0.24523452213201558
5kmN3155E4625,0.26243779107225185
5kmN3155E4635,0.2576445144483798
5kmN3155E4640,0.25651624764733466
5kmN3155E4645,0.25175446182631456
5kmN3155E4650,0.25807397125152276
5kmN3155E4655,0.25988735840792
5kmN3155E4660,0.25447471586501574
5kmN3155E4665,0.2728466639302423
5kmN3160E4055,-0.029614832303697436
5kmN3160E4060,-0.03789063788711061
5kmN3160E4065,-0.04522864123592385
5kmN3160E4070,-0.03467699506141875
5kmN3160E4075,-0.05267938682268192
5kmN3160E4080,-0.09183569581417828
5kmN3160E4085,-0.10698931524641836
5kmN3160E4090,-0.1163297056901848
5kmN3160E4095,-0.0937282506971987
5kmN3160E4100,-0.10924359995398814
5kmN3160E4105,-0.019354463016461376
5kmN3160E4115,-0.12152892482009114
5kmN3160E4120,-0.0696602901966007
5kmN3160E4125,-0.04234137593670606
5kmN3160E4130,-0.0728172667793211
5kmN3160E4135,-0.07407631940584353
5kmN3160E4140,-0.06512464449281075
5kmN3160E4145,-0.0702863915668549
5kmN3160E4150,-0.07012721461309143
5kmN3160E4155,-0.10277826774363025
5kmN3160E4160,-0.10199367520825614
5kmN3160E4165,-0.09408099948816079
5kmN3160E4170,-0.024621356006102768
5kmN3160E4175,-0.003127243685819625
5kmN3160E4180,0.011057210140947848
5kmN3160E4185,0.006669266433010357
5kmN3160E4190,0.008204889009498118
5kmN3160E4195,0.013341750553569898
5kmN3160E4200,0.012781846025477994
5kmN3160E4205,0.01364253770047913
5kmN3160E4210,0.02599077311987741
5kmN3160E4215,-0.14978658241789783
5kmN3160E4220,-0.16785851548930747
5kmN3160E4225,-0.15554133675024345
5kmN3160E4230,-0.1669794448462762
5kmN3160E4235,-0.16431415732738924
5kmN3160E4240,-0.14740883822816658
5kmN3160E4245,-0.11824493945524545
5kmN3160E4250,0.005578551520150632
5kmN3160E4255,0.03584229029848501
5kmN3160E4260,0.011547009955458043
5kmN3160E4265,0.006054595690220266
5kmN3160E4270,0.01926865565445296
5kmN3160E4275,0.1671278596328178
5kmN3160E4280,0.18283635646565577
5kmN3160E4285,0.19414518037652595
5kmN3160E4290,0.18652039357408084
5kmN3160E4295,0.12376781178639029
5kmN3160E4300,-0.0276090390342682
5kmN3160E4305,-0.041437365045884744
5kmN3160E4310,-0.07224997879346412
5kmN3160E4315,-0.07169082785617142
5kmN3160E4320,-0.0325195440985816
5kmN3160E4325,-0.0476223031111242
5kmN3160E4330,-0.057927130924008474
5kmN3160E4335,-0.052840525345383194
5kmN3160E4340,-0.044668799060808784
5kmN3160E4345,-0.04434118727457931
5kmN3160E4350,-0.03588360740137414
5kmN3160E4355,0.00378929247039006
5kmN3160E4360,0.014855285186002154
5kmN3160E4365,0.03903701451599817
5kmN3160E4370,0.06527560797106258
5kmN3160E4375,0.06713539667795865
5kmN3160E4380,0.0533637994157411
5kmN3160E4385,0.008811012296929377
5kmN3160E4390,0.0005235583995284454
5kmN3160E4395,0.02749466763358066
5kmN3160E4400,0.034933890562677816
5kmN3160E4405,0.01912671417276879
5kmN3160E4410,0.033923686722011515
5kmN3160E4415,0.03578092543739564
5kmN3160E4420,0.01796562096504828
5kmN3160E4425,0.03328647818094721
5kmN3160E4430,0.036039079570636234
5kmN3160E4475,0.15590764176088823
5kmN3160E4480,0.11022219155401147
5kmN3160E4485,0.14303315824052004
5kmN3160E4490,0.15680753924607305
5kmN3160E4495,0.16130561268072952
5kmN3160E4500,0.16492018848229595
5kmN3160E4505,0.19508629301196706
5kmN3160E4510,0.19332511130203206
5kmN3160E4515,0.20494003843654623
5kmN3160E4520,0.20961534587953773
5kmN3160E4525,0.18549392753414362
5kmN3160E4530,0.21743841846911216
5kmN3160E4535,0.2193423795187736
5kmN3160E4540,0.34959817715936753
5kmN3160E4545,0.5487685140502508
5kmN3160E4550,0.5619278007615285
5kmN3160E4555,0.5522148429042795
5kmN3160E4560,0.5713005435842831
5kmN3160E4565,0.575233777884925
5kmN3160E4570,0.5450857198911934
5kmN3160E4575,0.3743201642141304
5kmN3160E4580,0.2982706424324397
5kmN3160E4585,0.2987853946331217
5kmN3160E4590,0.2856917175026206
5kmN3160E4595,0.26802228626401636
5kmN3160E4600,0.2818587901121464
5kmN3160E4605,0.26685311348963237
5kmN3160E4610,0.2673539552736148
5kmN3160E4615,0.27569908967960016
5kmN3160E4620,0.27324316975758156
5kmN3160E4625,0.28991455744086375
5kmN3160E4630,0.28551761414004684
5kmN3160E4635,0.26299646218124306
5kmN3160E4640,0.25552739991997525
5kmN3160E4645,0.2774671666686336
5kmN3160E4650,0.2679879774614729
5kmN3160E4655,0.2660471649641039
5kmN3160E4660,0.25686309722733097
5kmN3160E4665,0.27124231413393435
5kmN3165E4050,-0.016146326741261707
5kmN3165E4055,-0.02528160915126021
5kmN3165E4060,-0.035762375979915495
5kmN3165E4065,-0.01976999802108531
5kmN3165E4070,-0.03267994109770961
5kmN3165E4075,-0.05282339219531895
5kmN3165E4080,-0.07639521394264759
5kmN3165E4085,-0.1167833245815969
5kmN3165E4090,-0.12453603973278338
5kmN3165E4095,-0.08162716114190038
5kmN3165E4100,-0.05677165092359299
5kmN3165E4105,-0.03609005561340595
5kmN3165E4110,-0.10719851896305482
5kmN3165E4115,-0.11696097919726367
5kmN3165E4120,-0.08840709219053045
5kmN3165E4125,-0.07276811878710188
5kmN3165E4130,-0.08704745993220919
5kmN3165E4135,-0.0839629872329849
5kmN3165E4140,-0.07184699556577068
5kmN3165E4145,-0.075249855770321
5kmN3165E4150,-0.07549559459547678
5kmN3165E4155,-0.09333900221121016
5kmN3165E4160,-0.09807393222387728
5kmN3165E4165,-0.10503304089857074
5kmN3165E4170,-0.12177062321278734
5kmN3165E4175,-0.026837705648348642
5kmN3165E4180,0.011250372493358807
5kmN3165E4185,0.009184227318090932
5kmN3165E4190,0.006203222095916505
5kmN3165E4195,0.00423932631783247
5kmN3165E4200,0.006170819607653533
5kmN3165E4205,-0.018469018942498194
5kmN3165E4210,-0.00013552509762193576
5kmN3165E4215,-0.02660257639757696
5kmN3165E4220,-0.13418150256627182
5kmN3165E4225,-0.17651204835892592
5kmN3165E4230,-0.1720046545248871
5kmN3165E4235,-0.17557600593671485
5kmN3165E4240,-0.16966423948360582
5kmN3165E4245,-0.15575267885189442
5kmN3165E4250,0.013251226375543323
5kmN3165E4255,0.032857670485262225
5kmN3165E4260,0.013637493393732047
5kmN3165E4265,0.015148586956645338
5kmN3165E4270,0.021528131441469534
5kmN3165E4275,0.11403628015016948
5kmN3165E4280,0.16610661407221655
5kmN3165E4285,0.18787993993045538
5kmN3165E4290,0.16880032231532932
5kmN3165E4295,0.16604381414041963
5kmN3165E4300,0.11720127129310598
5kmN3165E4305,0.10324142361516192
5kmN3165E4310,0.06130296983618572
5kmN3165E4315,0.053156677171681765
5kmN3165E4320,0.05933393074837179
5kmN3165E4325,0.05060076086562043
5kmN3165E4330,-0.04985846526761384
5kmN3165E4335,-0.04437998163360646
5kmN3165E4340,-0.030051299516003327
5kmN3165E4345,-0.02339718290708126
5kmN3165E4350,-0.01621423670993849
5kmN3165E4355,0.008100746537079762
5kmN3165E4360,0.009921197114406866
5kmN3165E4365,0.07372695753054226
5kmN3165E4370,0.08947898293705259
5kmN3165E4375,0.09288985779881753
5kmN3165E4380,0.12135206082101169
5kmN3165E4385,0.039735965184002464
5kmN3165E4390,0.11714425075493662
5kmN3165E4395,0.16632956596113402
5kmN3165E4400,0.18741810183846652
5kmN3165E4405,0.07457624066445534
5kmN3165E4410,0.023857486644164094
5kmN3165E4415,0.03502935414529462
5kmN3165E4420,0.01716603090424229
5kmN3165E4425,0.02594722108909453
5kmN3165E4430,0.04157129323156794
5kmN3165E4435,0.04536145781029921
5kmN3165E4470,0.2528853671206832
5kmN3165E4475,0.2432467573968642
5kmN3165E4480,0.2303968082079415
5kmN3165E4485,0.21617000247603113
5kmN3165E4490,0.17387092277825245
5kmN3165E4495,0.18122891259227875
5kmN3165E4500,0.16936112445794826
5kmN3165E4505,0.19034470212843935
5kmN3165E4510,0.1996886583717754
5kmN3165E4515,0.20356434498832454
5kmN3165E4520,0.2008802649224425
5kmN3165E4525,0.19203474043053154
5kmN3165E4530,0.20201054530303947
5kmN3165E4535,0.24834153607471166
5kmN3165E4540,0.5330233106735953
5kmN3165E4545,0.5413128099463221
5kmN3165E4550,0.5591113389256173
5kmN3165E4555,0.5662507786437252
5kmN3165E4560,0.5788156787694354
5kmN3165E4565,0.5783013049844561
5kmN3165E4570,0.5798452609488843
5kmN3165E4575,0.5600798977287867
5kmN3165E4585,0.4073671064859433
5kmN3165E4590,0.2935732738909544
5kmN3165E4595,0.27598572420543593
5kmN3165E4600,0.2744483588038803
5kmN3165E4605,0.27307555072813283
5kmN3165E4610,0.29160952957342534
5kmN3165E4615,0.3164902131536594
5kmN3165E4620,0.3053144826987246
5kmN3165E4625,0.31319649124731536
5kmN3165E4630,0.2896027785570335
5kmN3165E4635,0.27795723483897017
5kmN3165E4640,0.2715799379673258
5kmN3165E4645,0.2768262971484817
5kmN3165E4650,0.28418999564007347
5kmN3165E4655,0.2826111285609511
5kmN3170E4050,-0.027749712949847627
5kmN3170E4055,-0.026309873652949234
5kmN3170E4060,-0.025710880975986727
5kmN3170E4065,-0.024800492679364017
5kmN3170E4070,-0.035785477699680435
5kmN3170E4075,-0.04409440723847663
5kmN3170E4080,-0.0784714368741613
5kmN3170E4085,-0.10411602553821947
5kmN3170E4090,-0.08896574911446181
5kmN3170E4095,-0.058271622655163
5kmN3170E4100,-0.03932516326676533
5kmN3170E4105,-0.014144851143635062
5kmN3170E4110,-0.07308168203217957
5kmN3170E4115,-0.09352494634020142
5kmN3170E4120,-0.0804328362707406
5kmN3170E4125,-0.07210190346178169
5kmN3170E4130,-0.07379558327193014
5kmN3170E4135,-0.08039061393795532
5kmN3170E4140,-0.08057499545285063
5kmN3170E4145,-0.05854023844625378
5kmN3170E4150,-0.06178721127399878
5kmN3170E4155,-0.0841288943008302
5kmN3170E4160,-0.14815909387422282
5kmN3170E4165,-0.1629951589983444
5kmN3170E4170,-0.17472197285284718
5kmN3170E4175,-0.120981428330183
5kmN3170E4180,0.01262469966640839
5kmN3170E4185,0.011318098668787302
5kmN3170E4190,0.009293053600744838
5kmN3170E4195,-0.0062223945875868325
5kmN3170E4200,0.005831112181464981
5kmN3170E4205,-0.008117279250807241
5kmN3170E4210,-0.0038233106769984815
5kmN3170E4215,-0.011018980915047494
5kmN3170E4220,-0.13113999370394036
5kmN3170E4225,-0.19328868706972785
5kmN3170E4230,-0.18911967335542407
5kmN3170E4235,-0.17589796601181412
5kmN3170E4240,-0.16703662119660034
5kmN3170E4245,-0.16230162669026582
5kmN3170E4250,0.03875501180617108
5kmN3170E4255,0.029850266475891007
5kmN3170E4260,0.018989870995835878
5kmN3170E4265,0.017286013067328132
5kmN3170E4270,0.012457239408195875
5kmN3170E4275,0.025022814711535835
5kmN3170E4280,0.1447735493503789
5kmN3170E4285,0.17600111419237707
5kmN3170E4290,0.16088272671051945
5kmN3170E4295,0.15663354052405704
5kmN3170E4300,0.1707314268039597
5kmN3170E4305,0.1605159683419099
5kmN3170E4310,0.12779865532800433
5kmN3170E4315,0.11550265057842385
5kmN3170E4320,0.14367980833385458
5kmN3170E4325,0.1324092551097007
5kmN3170E4330,0.012333110818057658
5kmN3170E4335,-0.03554310923830506
5kmN3170E4340,-0.025842617289350667
5kmN3170E4345,0.009809913581505958
5kmN3170E4350,0.014119912183235828
5kmN3170E4355,0.056628179727503225
5kmN3170E4360,0.05266575315320504
5kmN3170E4365,0.17992903296007462
5kmN3170E4370,0.1988939242761767
5kmN3170E4375,0.20584141457147742
5kmN3170E4380,0.20591252229832313
5kmN3170E4385,0.20170351727273106
5kmN3170E4390,0.19849865737288575
5kmN3170E4395,0.1966928161034892
5kmN3170E4400,0.2017371957618772
5kmN3170E4405,0.17628234726010095
5kmN3170E4410,0.0760743576728522
5kmN3170E4415,0.025235968916385687
5kmN3170E4420,0.018686989384821162
5kmN3170E4425,0.023402731945918798
5kmN3170E4430,0.08284570537034985
5kmN3170E4435,0.1641737043501189
5kmN3170E4465,0.26069370842032924
5kmN3170E4470,0.25087920285941867
5kmN3170E4475,0.24416646714461332
5kmN3170E4480,0.2597233960412897
5kmN3170E4485,0.26454678821506594
5kmN3170E4490,0.31060548203962024
5kmN3170E4495,0.27772654336079305
5kmN3170E4500,0.1502568629344328
5kmN3170E4505,0.18936776586732884
5kmN3170E4510,0.201257103552207
5kmN3170E4515,0.20376487907587681
5kmN3170E4520,0.19662412180380123
5kmN3170E4525,0.20320573804318792
5kmN3170E4530,0.2867791820500632
5kmN3170E4535,0.4813947869763308
5kmN3170E4540,0.5597798607329578
5kmN3170E4545,0.5593806634597984
5kmN3170E4550,0.5636803007469497
5kmN3170E4555,0.5635826077790773
5kmN3170E4560,0.5654820522501903
5kmN3170E4565,0.5587301444510497
5kmN3170E4570,0.5734770577779357
5kmN3170E4575,0.5633763437353336
5kmN3170E4580,0.5567528868683009
5kmN3170E4585,0.5382930720899828
5kmN3170E4590,0.31598459140400775
5kmN3170E4595,0.2795918785503612
5kmN3170E4600,0.2933272855161137
5kmN3170E4605,0.2919883494516145
5kmN3170E4610,0.3059488106211128
5kmN3170E4615,0.3181030646976208
5kmN3170E4620,0.3215803500872858
5kmN3170E4625,0.3212830645210741
5kmN3170E4630,0.31975923625066494
5kmN3170E4635,0.307591391157053
5kmN3170E4640,0.31645832989639366
5kmN3170E4645,0.30199361571042665
5kmN3175E4050,-0.009137938672959589
5kmN3175E4055,-0.021446619310754755
5kmN3175E4060,-0.031128050058112533
5kmN3175E4065,-0.010897943502374718
5kmN3175E4070,-0.03899498451010852
5kmN3175E4075,-0.07164409237810132
5kmN3175E4080,-0.09195870114017285
5kmN3175E4085,-0.07485182464614992
5kmN3175E4090,-0.047463915798001466
5kmN3175E4095,-0.04434741447658708
5kmN3175E4100,-0.052097296270424975
5kmN3175E4105,-0.07454964954169552
5kmN3175E4110,-0.09890841260282418
5kmN3175E4115,-0.09068542030064458
5kmN3175E4120,-0.09448763134268301
5kmN3175E4125,-0.06646004066887484
5kmN3175E4130,-0.05520783256577716
5kmN3175E4135,-0.07900715696305469
5kmN3175E4140,-0.08871090888198868
5kmN3175E4145,-0.05051658638683054
5kmN3175E4150,-0.05472309621629751
5kmN3175E4155,-0.06868578382278745
5kmN3175E4160,-0.11131929664156376
5kmN3175E4165,-0.16022230506561236
5kmN3175E4170,-0.16254800883741116
5kmN3175E4175,-0.15105194423461393
5kmN3175E4180,-0.015526619527967023
5kmN3175E4185,0.01248719997871639
5kmN3175E4190,0.016015805440335262
5kmN3175E4195,-0.039379215042160326
5kmN3175E4200,-0.043516993060493475
5kmN3175E4205,0.0005835072661701801
5kmN3175E4210,-0.002375108876535914
5kmN3175E4215,-0.14316499641639524
5kmN3175E4220,-0.1863138892173729
5kmN3175E4225,-0.1976689178769948
5kmN3175E4230,-0.21345833161544248
5kmN3175E4235,-0.18905662217578162
5kmN3175E4240,-0.17888216085347086
5kmN3175E4245,-0.16523721244557005
5kmN3175E4250,0.012564614775459781
5kmN3175E4255,0.0310538984675805
5kmN3175E4260,0.0070726497821032575
5kmN3175E4265,0.011168654042445436
5kmN3175E4270,0.014896450413813045
5kmN3175E4275,0.024559267725224376
5kmN3175E4280,0.15159242390333838
5kmN3175E4285,0.1907361557763932
5kmN3175E4290,0.18255633168193336
5kmN3175E4295,0.18234056574276797
5kmN3175E4300,0.1745941276467025
5kmN3175E4305,0.16965208286196148
5kmN3175E4310,0.13471672304842414
5kmN3175E4315,0.10175430691638443
5kmN3175E4320,0.12108379258364277
5kmN3175E4325,0.13533705026537585
5kmN3175E4330,-0.017332990448077235
5kmN3175E4335,-0.029450701890033848
5kmN3175E4340,0.00881129484731652
5kmN3175E4345,0.02653135860917405
5kmN3175E4350,0.03774871270615271
5kmN3175E4355,0.19677690041356966
5kmN3175E4360,0.19364401022752603
5kmN3175E4365,0.21316833469592278
5kmN3175E4370,0.22293513552477862
5kmN3175E4375,0.20108615204108982
5kmN3175E4380,0.2024529421638953
5kmN3175E4385,0.19858491495267228
5kmN3175E4390,0.2040066638355026
5kmN3175E4395,0.20372696631795284
5kmN3175E4400,0.2015871694610083
5kmN3175E4405,0.20557744395373
5kmN3175E4410,0.20981488434190332
5kmN3175E4415,0.07824704334390253
5kmN3175E4420,0.04189174621601688
5kmN3175E4425,0.16191033057329485
5kmN3175E4430,0.19617648078743077
5kmN3175E4435,0.2458883555261977
5kmN3175E4440,0.2540142586885248
5kmN3175E4445,0.2528017281613081
5kmN3175E4450,0.21232442895436476
5kmN3175E4455,0.2381759444535526
5kmN3175E4460,0.24917740320189186
5kmN3175E4465,0.26321578259906286
5kmN3175E4470,0.2712906644845643
5kmN3175E4475,0.2627868634088564
5kmN3175E4480,0.25892621360584644
5kmN3175E4485,0.26287504165859465
5kmN3175E4490,0.23735043933600686
5kmN3175E4495,0.15803253820316604
5kmN3175E4500,0.14889090348256423
5kmN3175E4505,0.16078948049600478
5kmN3175E4510,0.15732955431307516
5kmN3175E4515,0.17306717718271958
5kmN3175E4520,0.13890364478001604
5kmN3175E4525,0.1667466966008238
5kmN3175E4535,0.4535836980334576
5kmN3175E4540,0.5411519810094659
5kmN3175E4545,0.5444202943839292
5kmN3175E4550,0.5473537978792442
5kmN3175E4555,0.5622585345272981
5kmN3175E4560,0.5604929507290248
5kmN3175E4565,0.5625682340362508
5kmN3175E4570,0.5686362358656918
5kmN3175E4575,0.5531587248324998
5kmN3175E4580,0.5668416363408417
5kmN3175E4585,0.5319671322310986
5kmN3175E4590,0.3178570352629331
5kmN3175E4595,0.29999364021437763
5kmN3175E4600,0.2705618220828525
5kmN3175E4605,0.3097268046051544
5kmN3175E4610,0.3126733942065259
5kmN3175E4615,0.3292062696853212
5kmN3175E4620,0.3054339178120162
5kmN3175E4625,0.3023869490684771
5kmN3175E4630,0.31982663644647646
5kmN3175E4635,0.31512405763175866
5kmN3175E4640,0.32046193322658983
5kmN3175E4645,0.31981127947166343
5kmN3175E4650,0.3227928200226598
5kmN3180E4045,0.004548106157778814
5kmN3180E4050,-0.02125992255431619
5kmN3180E4055,-0.025995371858322458
5kmN3180E4060,-0.01348749594886689
5kmN3180E4065,-0.008393430077591413
5kmN3180E4070,-0.06881123379582077
5kmN3180E4075,-0.08611784062512307
5kmN3180E4080,-0.07416610798460527
5kmN3180E4085,-0.024382246671597274
5kmN3180E4090,-0.015204976358277056
5kmN3180E4095,-0.018274150907617304
5kmN3180E4100,-0.030467566248309763
5kmN3180E4105,-0.05640332383048707
5kmN3180E4110,-0.0652692584946713
5kmN3180E4115,-0.06795047327075032
5kmN3180E4120,-0.07829829895029777
5kmN3180E4125,-0.08189694953096421
5kmN3180E4130,-0.0737700384720833
5kmN3180E4135,-0.10785794370509726
5kmN3180E4140,-0.10108701358674446
5kmN3180E4145,-0.08217798135038623
5kmN3180E4150,-0.11319614378495266
5kmN3180E4155,-0.11320434570085505
5kmN3180E4160,-0.12259078878442325
5kmN3180E4165,-0.09224902786452266
5kmN3180E4170,-0.09230538328585347
5kmN3180E4175,-0.053923757976265724
5kmN3180E4180,-0.04864829961052569
5kmN3180E4185,-0.05497491397515564
5kmN3180E4190,-0.050849625284468014
5kmN3180E4195,-0.06385579443073847
5kmN3180E4200,-0.052524845989545293
5kmN3180E4205,0.0033971587246019452
5kmN3180E4210,-0.1471973073335484
5kmN3180E4215,-0.1991413363827545
5kmN3180E4220,-0.19926985260998464
5kmN3180E4225,-0.2218803396040604
5kmN3180E4230,-0.21632230476873748
5kmN3180E4235,-0.19982837946846305
5kmN3180E4240,-0.17996517795809874
5kmN3180E4245,-0.16749424671152408
5kmN3180E4250,0.0028138802085772574
5kmN3180E4255,0.04764908584664179
5kmN3180E4260,0.025915427603502794
5kmN3180E4265,0.019627151608849314
5kmN3180E4270,0.027626658849564
5kmN3180E4275,0.0201724008035839
5kmN3180E4280,0.13716096311030707
5kmN3180E4285,0.17051057001312703
5kmN3180E4290,0.18855195376440992
5kmN3180E4295,0.17408220104228123
5kmN3180E4300,0.16942579604295288
5kmN3180E4305,0.16387784965440683
5kmN3180E4310,0.13705787562814203
5kmN3180E4315,0.12802433714735012
5kmN3180E4320,0.13516658108478402
5kmN3180E4325,0.1515611552381328
5kmN3180E4330,0.0055258424030338316
5kmN3180E4335,-0.018212583097737378
5kmN3180E4340,0.03087239070620068
5kmN3180E4345,0.0328598927431879
5kmN3180E4355,0.2114692694723566
5kmN3180E4360,0.22139120799292605
5kmN3180E4365,0.24050610525559046
5kmN3180E4370,0.22982229960621903
5kmN3180E4375,0.2046965751948372
5kmN3180E4380,0.19849780702588582
5kmN3180E4385,0.20316482465421382
5kmN3180E4390,0.1797453747945319
5kmN3180E4395,0.19277767799545653
5kmN3180E4400,0.18766789057599986
5kmN3180E4405,0.19486912522823474
5kmN3180E4410,0.1943959950586005
5kmN3180E4415,0.20459188933571704
5kmN3180E4420,0.21897050605633894
5kmN3180E4425,0.23801093467734202
5kmN3180E4430,0.24728909835374357
5kmN3180E4435,0.2521607817405722
5kmN3180E4440,0.2554405333014985
5kmN3180E4445,0.26877099328850274
5kmN3180E4450,0.24020396434555946
5kmN3180E4455,0.23777904816108064
5kmN3180E4460,0.259415214278934
5kmN3180E4465,0.2687417014658845
5kmN3180E4470,0.2737943158132753
5kmN3180E4475,0.27253044785443936
5kmN3180E4480,0.20268161618178926
5kmN3180E4485,0.07781663122556814
5kmN3180E4490,0.09282525821777687
5kmN3180E4495,0.14101660720733084
5kmN3180E4500,0.14854136473783042
5kmN3180E4505,0.1475748468702726
5kmN3180E4510,0.14687899140720068
5kmN3180E4515,0.1450733250059688
5kmN3180E4520,0.13743484057716043
5kmN3180E4525,0.15044154611232669
5kmN3180E4530,0.1624617125659813
5kmN3180E4535,0.2037750003593523
5kmN3180E4540,0.5125156032534163
5kmN3180E4545,0.5474164129543648
5kmN3180E4550,0.5619477141990352
5kmN3180E4555,0.5774899106618719
5kmN3180E4560,0.5695022325240089
5kmN3180E4565,0.5697417472054649
5kmN3180E4570,0.5722022185304619
5kmN3180E4575,0.5634347428444215
5kmN3180E4580,0.5521255282378776
5kmN3180E4585,0.33758587643989235
5kmN3180E4590,0.3090915831185909
5kmN3180E4595,0.30800666042932495
5kmN3180E4600,0.28029561365047573
5kmN3180E4605,0.2983673095440033
5kmN3180E4610,0.31917303928557167
5kmN3180E4615,0.3232426543717842
5kmN3180E4620,0.3208074153864591
5kmN3180E4625,0.32472060926044555
5kmN3180E4630,0.32717795274825323
5kmN3180E4635,0.3254882135035804
5kmN3180E4640,0.3001451549321321
5kmN3180E4645,0.320479237235414
5kmN3185E4040,0.01687398449529831
5kmN3185E4045,0.003994807427556812
5kmN3185E4050,-0.009548832430305298
5kmN3185E4055,-0.010918992095843016
5kmN3185E4060,-0.015773517258331815
5kmN3185E4065,-0.04872886494793305
5kmN3185E4070,-0.07937483148102825
5kmN3185E4075,-0.06555485265769045
5kmN3185E4080,-0.029453119246215187
5kmN3185E4085,-0.030863433099640236
5kmN3185E4090,-0.013519762489158066
5kmN3185E4095,-0.03733255176908884
5kmN3185E4100,-0.10704189936746164
5kmN3185E4105,-0.07925441458795879
5kmN3185E4110,-0.05598439350682327
5kmN3185E4115,-0.05454423247039297
5kmN3185E4120,-0.052021650526371144
5kmN3185E4125,-0.08610083439688254
5kmN3185E4130,-0.07134733888041064
5kmN3185E4135,-0.09206263083480751
5kmN3185E4140,-0.117387214610458
5kmN3185E4145,-0.11650056056352832
5kmN3185E4150,-0.11461094172664336
5kmN3185E4155,-0.12770393152365817
5kmN3185E4160,-0.07904507068913635
5kmN3185E4165,-0.035744073729957054
5kmN3185E4170,-0.04388382837472651
5kmN3185E4175,-0.05301392305951527
5kmN3185E4180,-0.05776614554509096
5kmN3185E4185,-0.062202188655398505
5kmN3185E4190,-0.05293960732517217
5kmN3185E4195,-0.05916735930101108
5kmN3185E4200,-0.004496770110578446
5kmN3185E4205,0.004854512675489031
5kmN3185E4210,-0.01760120366301679
5kmN3185E4215,-0.14516380156913752
5kmN3185E4220,-0.20112617632196228
5kmN3185E4225,-0.2003906985870073
5kmN3185E4230,-0.2090297368251519
5kmN3185E4235,-0.14789079913210018
5kmN3185E4240,-0.09910776359222631
5kmN3185E4245,-0.054684814544419647
5kmN3185E4250,0.05355944123939799
5kmN3185E4255,0.030839637271236342
5kmN3185E4260,0.01657001366958366
5kmN3185E4265,0.02493567140982722
5kmN3185E4270,0.030919112819836725
5kmN3185E4275,-0.0003168164436456178
5kmN3185E4280,0.0750799169993937
5kmN3185E4285,0.1573608063781456
5kmN3185E4290,0.17642015989784893
5kmN3185E4295,0.1714278698325617
5kmN3185E4300,0.15997676786945864
5kmN3185E4305,0.14467057770521408
5kmN3185E4310,0.12882788414294777
5kmN3185E4315,0.1387147429406822
5kmN3185E4320,0.1369448569719749
5kmN3185E4325,0.14775861187309008
5kmN3185E4330,0.07433552167161261
5kmN3185E4335,0.03270093807201496
5kmN3185E4340,0.18726553289778836
5kmN3185E4345,0.17213066608517974
5kmN3185E4350,0.20410195495731437
5kmN3185E4355,0.21867348703962292
5kmN3185E4365,0.24126765355313629
5kmN3185E4370,0.2147750735403713
5kmN3185E4375,0.21500268376733533
5kmN3185E4380,0.2155734757424208
5kmN3185E4385,0.18744068945639913
5kmN3185E4390,0.18598650005347928
5kmN3185E4395,0.17845754402303105
5kmN3185E4400,0.18005627861147988
5kmN3185E4405,0.20214595380791756
5kmN3185E4410,0.2123829330770748
5kmN3185E4415,0.22779743179040635
5kmN3185E4420,0.22624222333843402
5kmN3185E4425,0.24531579547680393
5kmN3185E4430,0.24168827871025356
5kmN3185E4435,0.24512474653172478
5kmN3185E4440,0.25021018619950486
5kmN3185E4445,0.269951912422023
5kmN3185E4450,0.24736099542405943
5kmN3185E4455,0.2540973353509385
5kmN3185E4460,0.2578539021706373
5kmN3185E4465,0.27595098006864793
5kmN3185E4470,0.2790771755095452
5kmN3185E4475,0.2800516963423878
5kmN3185E4480,0.1917097200325492
5kmN3185E4485,0.10133067780276372
5kmN3185E4490,0.10302804619606154
5kmN3185E4495,0.11146990506746335
5kmN3185E4500,0.13381976495752407
5kmN3185E4505,0.14250965986977215
5kmN3185E4510,0.1408811032457396
5kmN3185E4515,0.14341944839963133
5kmN3185E4520,0.13603137219931416
5kmN3185E4525,0.1487812304527255
5kmN3185E4530,0.16354066522436844
5kmN3185E4535,0.24192434154159476
5kmN3185E4540,0.5491613186695702
5kmN3185E4545,0.5537181506760596
5kmN3185E4550,0.5501632130919294
5kmN3185E4555,0.5703643341840756
5kmN3185E4560,0.5569012272935301
5kmN3185E4565,0.4127444487135481
5kmN3185E4570,0.34395076811625697
5kmN3185E4575,0.41192758029250376
5kmN3185E4580,0.3838013747233315
5kmN3185E4585,0.27112115729691644
5kmN3185E4590,0.3016896195794558
5kmN3185E4595,0.296977711291464
5kmN3185E4600,0.293246069840648
5kmN3185E4605,0.3119647336880801
5kmN3185E4610,0.32641820321463727
5kmN3185E4615,0.29296439821427744
5kmN3185E4620,0.2538509915250319
5kmN3185E4625,0.29150549706779705
5kmN3185E4630,0.3207374523813887
5kmN3185E4635,0.3150089429276927
5kmN3185E4640,0.3095151889736713
5kmN3185E4645,0.31849507916688785
5kmN3190E4040,0.007463028911782882
5kmN3190E4045,0.010995728983089842
5kmN3190E4050,-0.019250138815017304
5kmN3190E4055,-0.01293563961842148
5kmN3190E4060,-0.01962279499354358
5kmN3190E4065,-0.06851417584076996
5kmN3190E4070,-0.0510487550864783
5kmN3190E4075,-0.03245762835127769
5kmN3190E4080,-0.058495619981167646
5kmN3190E4085,-0.065786585718418
5kmN3190E4090,-0.07759755153893183
5kmN3190E4095,-0.10057857770497766
5kmN3190E4100,-0.10076456481746779
5kmN3190E4105,-0.11115087776419758
5kmN3190E4110,-0.0941181688059819
5kmN3190E4115,-0.10385245228771689
5kmN3190E4120,-0.07228990901837312
5kmN3190E4125,-0.079922985071949
5kmN3190E4130,-0.09827503205542945
5kmN3190E4135,-0.1002398970429244
5kmN3190E4140,-0.1069512157877439
5kmN3190E4145,-0.10797337088283442
5kmN3190E4150,-0.11828939648693186
5kmN3190E4155,-0.09537870115866656
5kmN3190E4160,-0.026558713826157626
5kmN3190E4165,-0.025110985111590295
5kmN3190E4170,-0.04042151136048891
5kmN3190E4175,-0.045428267341621587
5kmN3190E4180,-0.046060354835646716
5kmN3190E4185,-0.05258665661778111
5kmN3190E4190,-0.06814637602659662
5kmN3190E4195,-0.04005387920960063
5kmN3190E4200,-0.0025631160946685827
5kmN3190E4205,-0.0005396588834918892
5kmN3190E4210,0.005904142068247353
5kmN3190E4215,0.0021293064577075638
5kmN3190E4220,-0.13740424876333462
5kmN3190E4225,-0.20222961441534093
5kmN3190E4230,-0.17902325468988467
5kmN3190E4235,0.058745659619819035
5kmN3190E4240,0.11570376401330584
5kmN3190E4245,0.11657730354278051
5kmN3190E4250,0.04775403173288717
5kmN3190E4255,0.014757529687472293
5kmN3190E4260,0.01624979283297573
5kmN3190E4265,0.028313332132700764
5kmN3190E4270,0.0383077082961506
5kmN3190E4275,0.035507676237807206
5kmN3190E4280,0.059403494410864066
5kmN3190E4285,0.12580781384287587
5kmN3190E4290,0.13769810063019405
5kmN3190E4295,0.15527814813834068
5kmN3190E4300,0.16121596013871625
5kmN3190E4305,0.1540550015980679
5kmN3190E4310,0.14735144057414773
5kmN3190E4315,0.1488904092930286
5kmN3190E4320,0.14299720916586267
5kmN3190E4325,0.1474661977286868
5kmN3190E4330,0.15184386045403125
5kmN3190E4335,0.15890483051422372
5kmN3190E4340,0.19596151042583693
5kmN3190E4345,0.20060884382048877
5kmN3190E4350,0.18452495891201437
5kmN3190E4355,0.197339674711127
5kmN3190E4360,0.2325506242134313
5kmN3190E4365,0.23340034869433934
5kmN3190E4370,0.19098208315779086
5kmN3190E4375,0.17573383269356813
5kmN3190E4380,0.189552550117422
5kmN3190E4385,0.1910134336268704
5kmN3190E4390,0.19414236400206109
5kmN3190E4395,0.1883751710745355
5kmN3190E4400,0.19274752714497645
5kmN3190E4405,0.19953070280528995
5kmN3190E4410,0.21136549029053076
5kmN3190E4415,0.2326721275434942
5kmN3190E4420,0.25146542270811134
5kmN3190E4425,0.24918865079435049
5kmN3190E4430,0.24602979987654194
5kmN3190E4435,0.2569740342633994
5kmN3190E4440,0.25479399596921737
5kmN3190E4445,0.2800131737897674
5kmN3190E4450,0.2585052929735986
5kmN3190E4455,0.25948388122241195
5kmN3190E4460,0.2691050553514638
5kmN3190E4465,0.26905569875182755
5kmN3190E4470,0.2558507099908517
5kmN3190E4475,0.2591938718959908
5kmN3190E4480,0.12407558541516961
5kmN3190E4485,0.09389257307912802
5kmN3190E4490,0.11328668743830939
5kmN3190E4495,0.1087808895176613
5kmN3190E4500,0.11325321719314208
5kmN3190E4505,0.13088617699507227
5kmN3190E4510,0.13634459907618535
5kmN3190E4515,0.13859587291361763
5kmN3190E4520,0.1389602851736777
5kmN3190E4525,0.14505807948724136
5kmN3190E4530,0.15880018276569086
5kmN3190E4535,0.25287698764209404
5kmN3190E4540,0.5476784201870265
5kmN3190E4545,0.5550381186979912
5kmN3190E4550,0.5481600793026477
5kmN3190E4555,0.49388740037921325
5kmN3190E4560,0.3175960243093599
5kmN3190E4565,0.10989237711241362
5kmN3190E4570,0.11146117841466194
5kmN3190E4575,0.10184518981553431
5kmN3190E4580,0.06925790889098199
5kmN3190E4585,0.2668330519562221
5kmN3190E4590,0.29020897480300883
5kmN3190E4595,0.29447369924640104
5kmN3190E4600,0.2813844176319076
5kmN3190E4605,0.31705748953365226
5kmN3190E4610,0.3073969962633784
5kmN3190E4615,0.2579021479579752
5kmN3190E4620,0.2512739340943933
5kmN3190E4625,0.26212468157912155
5kmN3190E4630,0.2898969902080255
5kmN3190E4635,0.3141640135116032
5kmN3190E4640,0.3029332184213398
5kmN3195E4040,0.006179561082026358
5kmN3195E4045,-0.0034168855999038295
5kmN3195E4050,-0.02900910686399827
5kmN3195E4055,-0.057820809967968456
5kmN3195E4060,-0.07029380491237674
5kmN3195E4065,-0.03520123437455375
5kmN3195E4070,-0.0500694056349692
5kmN3195E4075,-0.10708446706364322
5kmN3195E4080,-0.10062430710746836
5kmN3195E4085,-0.1199033283693294
5kmN3195E4090,-0.1081294977749071
5kmN3195E4095,-0.09738601377057604
5kmN3195E4100,-0.11470364110707229
5kmN3195E4105,-0.11702389535219268
5kmN3195E4110,-0.1004270815321402
5kmN3195E4115,-0.09317732436530536
5kmN3195E4120,-0.08136321381401708
5kmN3195E4125,-0.08810508840529059
5kmN3195E4130,-0.09420544418579609
5kmN3195E4135,-0.09168350800205351
5kmN3195E4140,-0.1054428505031297
5kmN3195E4145,-0.12942081648943232
5kmN3195E4160,-0.01878021339866165
5kmN3195E4165,-0.0194679444288218
5kmN3195E4170,-0.03810561015191383
5kmN3195E4175,-0.0437618309094879
5kmN3195E4180,-0.032322823156519936
5kmN3195E4185,-0.04250849901886053
5kmN3195E4190,-0.04150980913043387
5kmN3195E4195,-0.002543202560086444
5kmN3195E4200,-0.005641829444061802
5kmN3195E4205,-0.005186089396293975
5kmN3195E4210,-0.006101626670729804
5kmN3195E4215,-0.0029554600656660768
5kmN3195E4220,0.008065872092473919
5kmN3195E4225,-0.03044578132147177
5kmN3195E4230,0.03990473981366435
5kmN3195E4240,0.1124446010889652
5kmN3195E4245,0.0895844122835685
5kmN3195E4250,0.08110471194464519
5kmN3195E4255,0.03479594139231168
5kmN3195E4260,0.060326360154837055
5kmN3195E4265,0.09532954110390135
5kmN3195E4270,0.088340270206274
5kmN3195E4275,0.13750580955624636
5kmN3195E4280,0.1270825634528318
5kmN3195E4285,0.12957022376837773
5kmN3195E4290,0.12214334780430292
5kmN3195E4295,0.13343019229537412
5kmN3195E4300,0.1419203324773884
5kmN3195E4305,0.1384072263871971
5kmN3195E4310,0.15155535373935186
5kmN3195E4315,0.1425433669720534
5kmN3195E4320,0.14682467140326055
5kmN3195E4325,0.1488468223228111
5kmN3195E4330,0.14313934886819202
5kmN3195E4335,0.178296852258142
5kmN3195E4340,0.1875955188195163
5kmN3195E4345,0.17357635616221423
5kmN3195E4350,0.1754686598085699
5kmN3195E4355,0.1793137641126642
5kmN3195E4360,0.18638133832031933
5kmN3195E4365,0.2069352587365313
5kmN3195E4370,0.2041438811542764
5kmN3195E4375,0.17836173700329916
5kmN3195E4380,0.17989539647540087
5kmN3195E4385,0.18914696725084512
5kmN3195E4390,0.19053520107762656
5kmN3195E4395,0.18466713670630286
5kmN3195E4400,0.1969783586120668
5kmN3195E4405,0.20748081801075002
5kmN3195E4410,0.23782858693614373
5kmN3195E4415,0.25373400689476333
5kmN3195E4420,0.2515041144006266
5kmN3195E4425,0.24092908543202973
5kmN3195E4430,0.24171092943618677
5kmN3195E4435,0.262711430551156
5kmN3195E4440,0.27387106974679476
5kmN3195E4445,0.29053250393030594
5kmN3195E4450,0.28650293452454667
5kmN3195E4455,0.2817745924858005
5kmN3195E4460,0.2601795502362434
5kmN3195E4465,0.2714341390091074
5kmN3195E4470,0.2536421695377382
5kmN3195E4475,0.2298167940790427
5kmN3195E4480,0.07629978252954017
5kmN3195E4485,0.09062510086470932
5kmN3195E4490,0.10813658894207356
5kmN3195E4495,0.1000416889714194
5kmN3195E4500,0.10798560561936987
5kmN3195E4505,0.1270868850541848
5kmN3195E4510,0.12946873786390822
5kmN3195E4515,0.14679835165655808
5kmN3195E4520,0.15710925455013197
5kmN3195E4525,0.14910483713465206
5kmN3195E4530,0.16195809607657796
5kmN3195E4535,0.36688967914904913
5kmN3195E4540,0.4181625673502119
5kmN3195E4545,0.17280989092379218
5kmN3195E4550,0.22619397401671382
5kmN3195E4555,0.1422525616324467
5kmN3195E4560,0.1499662320836762
5kmN3195E4565,0.10997443351632097
5kmN3195E4570,0.10047115402512935
5kmN3195E4575,0.09571412356875042
5kmN3195E4580,0.06626448594406137
5kmN3195E4585,0.22506542248036115
5kmN3195E4590,0.2834908519195406
5kmN3195E4595,0.2747339955268607
5kmN3195E4600,0.29704833708493433
5kmN3195E4605,0.31074503118035196
5kmN3195E4610,0.31526074346057037
5kmN3195E4615,0.26440347986900586
5kmN3195E4620,0.24600990354757551
5kmN3195E4625,0.2586353479434764
5kmN3195E4630,0.2880097544991042
5kmN3195E4635,0.30657681368034184
5kmN3195E4640,0.3178850346838886
5kmN3200E4045,-0.047096457936830594
5kmN3200E4050,-0.06807275557696069
5kmN3200E4055,-0.03473557336980604
5kmN3200E4060,-0.03717804068766012
5kmN3200E4065,-0.022260152473513706
5kmN3200E4070,-0.10554256207637233
5kmN3200E4075,-0.09296944932066867
5kmN3200E4080,-0.09083082920020444
5kmN3200E4085,-0.09175073364737171
5kmN3200E4090,-0.09216454954762196
5kmN3200E4095,-0.09714173670585066
5kmN3200E4100,-0.1072749111950255
5kmN3200E4105,-0.11054089708025105
5kmN3200E4110,-0.1082612638906347
5kmN3200E4115,-0.08814429904550487
5kmN3200E4120,-0.09278022793734446
5kmN3200E4125,-0.08936586467437978
5kmN3200E4130,-0.0890357810870653
5kmN3200E4135,-0.09505493707611608
5kmN3200E4140,-0.10754836764938273
5kmN3200E4145,-0.11267033168777976
5kmN3200E4170,-0.028736537219912567
5kmN3200E4175,-0.028878703029664637
5kmN3200E4180,-0.03759030823158696
5kmN3200E4185,-0.034771649212405525
5kmN3200E4190,-0.041564819905327594
5kmN3200E4195,0.0177486851696613
5kmN3200E4200,0.0070593630234317695
5kmN3200E4205,-0.0014314527035678426
5kmN3200E4210,-0.0024138704104842146
5kmN3200E4215,-0.006687417074791452
5kmN3200E4220,-0.021370725651728678
5kmN3200E4225,0.025648508697445338
5kmN3200E4230,0.07905942178518172
5kmN3200E4235,0.09248684042542588
5kmN3200E4240,0.08102064013262167
5kmN3200E4245,0.08073573924249072
5kmN3200E4250,0.07948619591940403
5kmN3200E4255,0.05916781706043034
5kmN3200E4260,0.08132896176944854
5kmN3200E4265,0.08277235797835564
5kmN3200E4270,0.17357069726499302
5kmN3200E4275,0.15783819849163072
5kmN3200E4280,0.12547405116589372
5kmN3200E4285,0.13640922885951606
5kmN3200E4290,0.1371552720387157
5kmN3200E4295,0.1272353716781049
5kmN3200E4300,0.1425114292801562
5kmN3200E4305,0.11629973580308067
5kmN3200E4310,0.08851707734321335
5kmN3200E4315,0.09068037147323771
5kmN3200E4320,0.12572957665465057
5kmN3200E4325,0.1337988404921942
5kmN3200E4330,0.15091168108585679
5kmN3200E4335,0.17169904322627427
5kmN3200E4340,0.17096303576991312
5kmN3200E4345,0.16243629299232615
5kmN3200E4350,0.16246089846759038
5kmN3200E4355,0.14515212981663078
5kmN3200E4360,0.1696692697177496
5kmN3200E4365,0.2103995750166182
5kmN3200E4370,0.19081901175073213
5kmN3200E4375,0.1932791081518932
5kmN3200E4380,0.19932518964950974
5kmN3200E4385,0.20665858150817962
5kmN3200E4390,0.20601087412092656
5kmN3200E4395,0.20304619672390145
5kmN3200E4400,0.1307377984330197
5kmN3200E4405,0.03769831278952518
5kmN3200E4410,0.06596940148247454
5kmN3200E4415,0.2369727819674664
5kmN3200E4420,0.26013983092404325
5kmN3200E4425,0.2499115828652796
5kmN3200E4430,0.2583923426633108
5kmN3200E4435,0.26393222925660476
5kmN3200E4440,0.26187872155917513
5kmN3200E4445,0.2765333699831355
5kmN3200E4450,0.2949980785894676
5kmN3200E4455,0.278571712824357
5kmN3200E4460,0.2688758270603564
5kmN3200E4465,0.2706021589209875
5kmN3200E4470,0.26197720150576115
5kmN3200E4475,0.2597622692790771
5kmN3200E4480,0.08930303024547959
5kmN3200E4485,0.06564482964254392
5kmN3200E4490,0.09993665635944982
5kmN3200E4495,0.09720661976362033
5kmN3200E4500,0.09489557955241079
5kmN3200E4505,0.11261987080755165
5kmN3200E4510,0.12877414205477272
5kmN3200E4515,0.14371819242796374
5kmN3200E4520,0.14638029584985263
5kmN3200E4525,0.13939789384015733
5kmN3200E4530,0.10265530751768265
5kmN3200E4535,0.1542951812374253
5kmN3200E4540,0.2062311597552859
5kmN3200E4545,0.12058590062597568
5kmN3200E4550,0.125252415817182
5kmN3200E4555,0.12619759009650244
5kmN3200E4560,0.13548140570496625
5kmN3200E4565,0.11030501454088576
5kmN3200E4570,0.09889500902737408
5kmN3200E4575,0.07301966516344338
5kmN3200E4580,0.06627796413970466
5kmN3200E4585,0.2507836701418395
5kmN3200E4590,0.28481621919895883
5kmN3200E4595,0.30362105136757717
5kmN3200E4600,0.27463409944397116
5kmN3200E4605,0.23132699502473947
5kmN3200E4610,0.3128019298238725
5kmN3200E4615,0.2994343380657997
5kmN3200E4620,0.2851562670727082
5kmN3200E4625,0.29916304928882276
5kmN3200E4630,0.28727968394485
5kmN3200E4635,0.2952643284055359
5kmN3205E4050,-0.04228824661551106
5kmN3205E4055,-0.018018918312833532
5kmN3205E4090,-0.08198597168017616
5kmN3205E4095,-0.08257663361926135
5kmN3205E4100,-0.10827092576234079
5kmN3205E4105,-0.11824528158093237
5kmN3205E4110,-0.10744898207551581
5kmN3205E4115,-0.10600644539596585
5kmN3205E4120,-0.1067760043542593
5kmN3205E4125,-0.10230616528668234
5kmN3205E4130,-0.0925415118047238
5kmN3205E4135,-0.09878205078888437
5kmN3205E4140,-0.10250490781097137
5kmN3205E4170,-0.022325558258103534
5kmN3205E4175,-0.028474326093490765
5kmN3205E4180,-0.05301299172404436
5kmN3205E4185,-0.04271454471017175
5kmN3205E4190,-0.005171540348208964
5kmN3205E4195,0.009498811436503163
5kmN3205E4200,0.012220842022850315
5kmN3205E4205,0.016029023454704305
5kmN3205E4210,0.0015544446334722906
5kmN3205E4215,-0.021426099735966875
5kmN3205E4220,-0.025893355229768822
5kmN3205E4225,0.019537791386804337
5kmN3205E4230,0.07889869833768631
5kmN3205E4235,0.06667105872923695
5kmN3205E4240,0.06885862354241828
5kmN3205E4245,0.07540296079168296
5kmN3205E4250,0.07474903439463343
5kmN3205E4255,0.0761196605237277
5kmN3205E4260,0.0794103805866872
5kmN3205E4265,0.17575939035673632
5kmN3205E4270,0.23339982007820426
5kmN3205E4275,0.210787071193887
5kmN3205E4280,0.15751663675297983
5kmN3205E4285,0.11443509989544814
5kmN3205E4290,0.12674054298694315
5kmN3205E4295,0.13331468628748167
5kmN3205E4300,0.11625731226601377
5kmN3205E4305,0.07357158182860474
5kmN3205E4310,0.08877994280724427
5kmN3205E4315,0.09080797552315761
5kmN3205E4320,0.08334950813474123
5kmN3205E4325,0.08776662619563935
5kmN3205E4330,0.08371746888230747
5kmN3205E4335,0.15818718518656355
5kmN3205E4340,0.17031202183515531
5kmN3205E4345,0.16572848589836214
5kmN3205E4350,0.16165051417864112
5kmN3205E4355,0.1256144918495698
5kmN3205E4360,0.17599239137635325
5kmN3205E4365,0.18994527126033345
5kmN3205E4370,0.2017038841733788
5kmN3205E4375,0.19925825021859056
5kmN3205E4380,0.20506727029741934
5kmN3205E4385,0.21462335935845966
5kmN3205E4390,0.21725279063911151
5kmN3205E4395,0.20511139105332576
5kmN3205E4400,0.05842403993615786
5kmN3205E4405,0.023544555925186228
5kmN3205E4410,0.05046296245815163
5kmN3205E4415,0.21325787934218865
5kmN3205E4420,0.19477610866555994
5kmN3205E4425,0.1382528042452773
5kmN3205E4430,0.2328992446431548
5kmN3205E4435,0.2617471772251616
5kmN3205E4440,0.2771092787402132
5kmN3205E4445,0.26602656982190576
5kmN3205E4450,0.27311993153194936
5kmN3205E4455,0.2720221705670175
5kmN3205E4460,0.25418583232197733
5kmN3205E4465,0.2702438876626806
5kmN3205E4470,0.27283849993405707
5kmN3205E4475,0.20922680816385675
5kmN3205E4480,0.09198378454483458
5kmN3205E4485,0.09484045512846562
5kmN3205E4490,0.09038721117602999
5kmN3205E4495,0.10046930106532248
5kmN3205E4500,0.10145635425164623
5kmN3205E4505,0.11369244037471737
5kmN3205E4510,0.1233889020891159
5kmN3205E4515,0.108004403535924
5kmN3205E4520,0.10222276922018814
5kmN3205E4525,0.09559377149633297
5kmN3205E4530,0.10647534709117767
5kmN3205E4535,0.10546486824759216
5kmN3205E4540,0.11711158020915247
5kmN3205E4545,0.110077960544742
5kmN3205E4550,0.11832272190103776
5kmN3205E4555,0.10878403879712695
5kmN3205E4560,0.12300433627970159
5kmN3205E4565,0.10159764317751319
5kmN3205E4570,0.08361149064645451
5kmN3205E4575,0.07942619429854586
5kmN3205E4580,0.09003823978112513
5kmN3205E4585,0.09582292622517774
5kmN3205E4590,0.14596044315462975
5kmN3205E4595,0.11879760805099077
5kmN3205E4600,0.09002125767814134
5kmN3205E4605,0.0824712235329893
5kmN3205E4615,0.31404630249977655
5kmN3205E4620,0.30863715562771443
5kmN3205E4625,0.3324141268217294
5kmN3205E4630,0.2921899140981639
5kmN3205E4635,0.3046350378545156
5kmN3205E4640,0.3095587255144672
5kmN3210E4100,-0.0889437217902764
5kmN3210E4105,-0.1212683714400529
5kmN3210E4110,-0.10303649945271262
5kmN3210E4115,-0.09591466207336145
5kmN3210E4120,-0.10102695385380363
5kmN3210E4125,-0.0927897362100137
5kmN3210E4130,-0.09477165465568162
5kmN3210E4135,-0.10048292771582158
5kmN3210E4140,-0.1177105089677742
5kmN3210E4145,-0.09735777558955314
5kmN3210E4165,-0.026064932356051007
5kmN3210E4170,-0.022451851229230962
5kmN3210E4175,-0.03171722085229617
5kmN3210E4180,-0.03403348940324938
5kmN3210E4185,-0.03881392410576148
5kmN3210E4190,0.025922005737341047
5kmN3210E4195,0.03415859610508676
5kmN3210E4200,0.029439143270465984
5kmN3210E4205,0.023231193270350448
5kmN3210E4210,0.0036854426280716057
5kmN3210E4215,-0.015395570968730815
5kmN3210E4220,-0.029775881234880064
5kmN3210E4225,-0.008455057192398807
5kmN3210E4230,0.05870850570472852
5kmN3210E4235,0.05444800054916771
5kmN3210E4240,0.056303124274289074
5kmN3210E4245,0.06160119527717128
5kmN3210E4250,0.07397804214724674
5kmN3210E4255,0.07307914310235358
5kmN3210E4260,0.08243212423564178
5kmN3210E4265,0.24798329227387755
5kmN3210E4270,0.26091587740763333
5kmN3210E4275,0.24489696552691204
5kmN3210E4280,0.22571756855761282
5kmN3210E4285,0.18011481471568813
5kmN3210E4290,0.18298409700971552
5kmN3210E4295,0.14910542944396277
5kmN3210E4300,0.08348222811204564
5kmN3210E4305,0.08681623387160425
5kmN3210E4310,0.0983949306377947
5kmN3210E4315,0.07791679211880453
5kmN3210E4320,0.0780029618692425
5kmN3210E4325,0.07724165099307245
5kmN3210E4330,0.07285358329622188
5kmN3210E4335,0.08291289570498994
5kmN3210E4340,0.1946710431235455
5kmN3210E4345,0.19991631003252702
5kmN3210E4350,0.14008079618972386
5kmN3210E4355,0.055186085186559486
5kmN3210E4360,0.09803713137473169
5kmN3210E4365,0.2009085069157711
5kmN3210E4370,0.20565225893531935
5kmN3210E4375,0.19940143317811931
5kmN3210E4380,0.19689808821280008
5kmN3210E4385,0.2011072696941525
5kmN3210E4390,0.21451976414995433
5kmN3210E4395,0.07933676051024274
5kmN3210E4400,0.033961111034157554
5kmN3210E4405,0.018480334499730966
5kmN3210E4410,0.038927372219981216
5kmN3210E4415,0.06472774467069264
5kmN3210E4420,0.04289283570551472
5kmN3210E4425,0.03709021871373219
5kmN3210E4430,0.18216815906925488
5kmN3210E4435,0.25351945917068763
5kmN3210E4440,0.26515268171909057
5kmN3210E4445,0.2814243238251948
5kmN3210E4450,0.16559613315385235
5kmN3210E4455,0.25221863436590464
5kmN3210E4460,0.2738563146726165
5kmN3210E4465,0.26247553071128593
5kmN3210E4470,0.28016506839230537
5kmN3210E4475,0.2365077127272509
5kmN3210E4480,0.11042442602416302
5kmN3210E4485,0.08662563957706626
5kmN3210E4490,0.07436209482459916
5kmN3210E4495,0.0009547991823949387
5kmN3210E4500,0.059070467650309544
5kmN3210E4505,0.0517924113587539
5kmN3210E4510,0.016273197083064073
5kmN3210E4515,0.04904809193940152
5kmN3210E4520,0.06735790289049198
5kmN3210E4525,0.07686819006554979
5kmN3210E4530,0.09046207550437668
5kmN3210E4535,0.09550070498398067
5kmN3210E4540,0.11039371021770916
5kmN3210E4545,0.119158878643507
5kmN3210E4550,0.12843551705973238
5kmN3210E4555,0.11700470866772467
5kmN3210E4560,0.11473610346803309
5kmN3210E4565,0.10293327170240518
5kmN3210E4570,0.10172095074612092
5kmN3210E4575,0.09614554930062613
5kmN3210E4580,0.09243153396346743
5kmN3210E4585,0.08299778841528349
5kmN3210E4590,0.07593417668659369
5kmN3210E4595,0.07976231915130966
5kmN3210E4600,0.07658530852324757
5kmN3210E4605,0.07884321578127823
5kmN3210E4610,0.08830422854199355
5kmN3210E4615,0.1273957162856782
5kmN3210E4625,0.31747173058203226
5kmN3210E4630,0.3152631543647487
5kmN3210E4635,0.31936202849421597
5kmN3210E4640,0.3101744516890491
5kmN3210E4645,0.3204274939815433
5kmN3215E4095,-0.07266493324850215
5kmN3215E4100,-0.10922931440340242
5kmN3215E4105,-0.09809329173469736
5kmN3215E4110,-0.10188292286344183
5kmN3215E4115,-0.0912265924949201
5kmN3215E4120,-0.1118954091944276
5kmN3215E4125,-0.10694207251728303
5kmN3215E4130,-0.10303366057896385
5kmN3215E4135,-0.09075689276928131
5kmN3215E4140,-0.08912772276530215
5kmN3215E4145,-0.08643870088955596
5kmN3215E4165,-0.02352868171484962
5kmN3215E4170,-0.033751729805749975
5kmN3215E4175,-0.02775344162722576
5kmN3215E4180,-0.034659064540783685
5kmN3215E4185,-0.050015099870344554
5kmN3215E4190,0.01408359571270315
5kmN3215E4195,0.029467998984106514
5kmN3215E4200,0.03237440514388665
5kmN3215E4205,0.0177604171864377
5kmN3215E4210,0.016707616686427507
5kmN3215E4215,-0.011623743307262985
5kmN3215E4220,-0.024216158198367477
5kmN3215E4225,-0.027820354452553875
5kmN3215E4230,0.054922886477309474
5kmN3215E4235,0.05557376283172172
5kmN3215E4240,0.07110942331938852
5kmN3215E4245,0.08095084528451962
5kmN3215E4250,0.08092173298107092
5kmN3215E4255,0.08059202651004
5kmN3215E4260,0.08830136787100401
5kmN3215E4265,0.2483833973390533
5kmN3215E4270,0.23159538546492886
5kmN3215E4275,0.2096040675757478
5kmN3215E4280,0.23591061313088496
5kmN3215E4285,0.239801067013463
5kmN3215E4290,0.2393211480671697
5kmN3215E4295,0.1576837747775916
5kmN3215E4300,0.0655698566536731
5kmN3215E4305,0.0700479224848854
5kmN3215E4310,0.08344806990802439
5kmN3215E4315,0.09253986941610454
5kmN3215E4320,0.08169689580549633
5kmN3215E4325,0.07985278822105085
5kmN3215E4330,0.07353501231490295
5kmN3215E4335,0.0467652839164685
5kmN3215E4340,0.10916357295327356
5kmN3215E4345,0.2858064844943169
5kmN3215E4350,0.18230986837383084
5kmN3215E4355,0.06562804663036059
5kmN3215E4360,0.05975686924486645
5kmN3215E4365,0.0794405979449882
5kmN3215E4370,0.09252399976571801
5kmN3215E4375,0.1884983270594029
5kmN3215E4380,0.21398330203812288
5kmN3215E4390,0.04461845173148926
5kmN3215E4395,0.028737787734067544
5kmN3215E4400,0.03653183617189104
5kmN3215E4405,0.041345572159773636
5kmN3215E4410,0.0389218350762387
5kmN3215E4415,0.03177898862175954
5kmN3215E4420,0.03668376031629805
5kmN3215E4425,0.019629464178246403
5kmN3215E4430,0.008638754024073603
5kmN3215E4435,0.06883496621194413
5kmN3215E4440,0.22332084623388737
5kmN3215E4445,0.15032217665628334
5kmN3215E4450,0.07333089274270954
5kmN3215E4455,0.09288838273151523
5kmN3215E4460,0.24103221840812483
5kmN3215E4465,0.2773344501622206
5kmN3215E4470,0.27691067457995344
5kmN3215E4475,0.2802526204099278
5kmN3215E4480,0.1781262826650648
5kmN3215E4485,-0.016907170515552405
5kmN3215E4490,-0.03497464494553393
5kmN3215E4495,-0.04556332829251325
5kmN3215E4500,-0.03635382255895514
5kmN3215E4505,-0.03716692118385251
5kmN3215E4510,-0.030111667713824175
5kmN3215E4515,-0.009468662509134307
5kmN3215E4520,0.040101116565846306
5kmN3215E4525,0.08692082644723492
5kmN3215E4530,0.08743918567667719
5kmN3215E4535,0.08565389063261597
5kmN3215E4545,0.10810219094456358
5kmN3215E4550,0.12339629308263528
5kmN3215E4555,0.1312723776094965
5kmN3215E4560,0.14262137625737203
5kmN3215E4565,0.14523144682511835
5kmN3215E4570,0.09376847673389133
5kmN3215E4575,0.08191906485890721
5kmN3215E4580,0.10530150562165841
5kmN3215E4585,0.09407245833306294
5kmN3215E4590,0.0905149933268834
5kmN3215E4595,0.08115163663208613
5kmN3215E4600,0.08476508566562396
5kmN3215E4605,0.07652932069031626
5kmN3215E4610,0.09282693558977456
5kmN3215E4615,0.0971959033538729
5kmN3215E4620,0.2524834657226688
5kmN3215E4630,0.3146855570335282
5kmN3215E4635,0.3174662105722349
5kmN3215E4640,0.32322313954919624
5kmN3215E4645,0.31758056486193176
5kmN3220E4090,-0.07223939316113606
5kmN3220E4095,-0.07735505131270107
5kmN3220E4100,-0.08963780602142801
5kmN3220E4105,-0.0994167553111307
5kmN3220E4110,-0.10903190421967987
5kmN3220E4115,-0.11338747139080524
5kmN3220E4120,-0.10133103195168516
5kmN3220E4125,-0.10462630252950064
5kmN3220E4130,-0.10369250134214233
5kmN3220E4135,-0.07276444029128809
5kmN3220E4140,-0.07275714513393111
5kmN3220E4145,-0.0927844945503607
5kmN3220E4150,-0.08099755067412828
5kmN3220E4155,-0.10560586663019683
5kmN3220E4160,-0.1036734193159215
5kmN3220E4165,-0.05401579310013341
5kmN3220E4170,-0.04841389431105128
5kmN3220E4175,-0.0541168820240534
5kmN3220E4180,-0.04673034909510526
5kmN3220E4185,-0.034925286476531536
5kmN3220E4190,-0.03031340550140532
5kmN3220E4195,-0.012428448595233066
5kmN3220E4200,0.03628259472780973
5kmN3220E4205,0.032253523357117286
5kmN3220E4210,0.008371206012548149
5kmN3220E4215,-0.013180483020165057
5kmN3220E4220,-0.019157687496802245
5kmN3220E4225,-0.0389072108017291
5kmN3220E4230,-0.009162960685514532
5kmN3220E4235,0.049762374972869394
5kmN3220E4240,0.026712229018866773
5kmN3220E4245,0.06973999726516916
5kmN3220E4250,0.07672984360446389
5kmN3220E4255,0.07029280837019397
5kmN3220E4260,0.1630326984186103
5kmN3220E4265,0.2478330733613725
5kmN3220E4270,0.23506546124919642
5kmN3220E4275,0.22117374055147832
5kmN3220E4280,0.23040164138689018
5kmN3220E4285,0.23389453059743948
5kmN3220E4290,0.24652671156816436
5kmN3220E4295,0.16031606809208726
5kmN3220E4300,0.0632131475495345
5kmN3220E4305,0.07651015029854952
5kmN3220E4310,0.08984909149868198
5kmN3220E4315,0.0804050665275099
5kmN3220E4320,0.07403743639318727
5kmN3220E4325,0.07726878713961888
5kmN3220E4330,0.06280587602067
5kmN3220E4335,0.11061845609192017
5kmN3220E4340,0.23760620050824
5kmN3220E4345,0.26790780982545914
5kmN3220E4350,0.1056240857839304
5kmN3220E4355,0.06813700863634947
5kmN3220E4360,0.06311503370904764
5kmN3220E4365,0.059798238715782215
5kmN3220E4370,0.06086054349800796
5kmN3220E4375,0.108936494025134
5kmN3220E4380,0.21008014578400674
5kmN3220E4385,0.13583781501129066
5kmN3220E4390,0.030711198113717808
5kmN3220E4395,0.03249049800418258
5kmN3220E4400,0.04197847915213593
5kmN3220E4405,0.04486410381986239
5kmN3220E4410,0.041694597567254466
5kmN3220E4415,0.04281624840629983
5kmN3220E4420,0.03262624213447918
5kmN3220E4425,-0.0011431757837446765
5kmN3220E4430,0.009806989341611949
5kmN3220E4435,0.02054578675470431
5kmN3220E4440,0.0640434485056226
5kmN3220E4445,0.05956959894077407
5kmN3220E4450,0.05995886302173803
5kmN3220E4455,0.06871943756608867
5kmN3220E4460,0.08694811791751633
5kmN3220E4465,0.09571844039899624
5kmN3220E4470,0.1903784400326911
5kmN3220E4475,0.1979968416358453
5kmN3220E4480,-0.03669687682497741
5kmN3220E4485,-0.04319032116536414
5kmN3220E4490,-0.044516931770065604
5kmN3220E4495,-0.050295428477703075
5kmN3220E4500,-0.03725579329187345
5kmN3220E4505,-0.048260566068449084
5kmN3220E4510,-0.0345368961296636
5kmN3220E4515,-0.022851994837577383
5kmN3220E4520,0.002403611354216295
5kmN3220E4525,0.08736075366708401
5kmN3220E4530,0.08447918392367443
5kmN3220E4535,0.08064336865233213
5kmN3220E4540,0.11019128471115469
5kmN3220E4545,0.11657043684772816
5kmN3220E4550,0.12782542766680383
5kmN3220E4555,0.1277375599013329
5kmN3220E4560,0.11744270293713044
5kmN3220E4565,0.13024985461721011
5kmN3220E4570,0.08976253064711515
5kmN3220E4575,0.07279864006277598
5kmN3220E4580,0.08182717766775854
5kmN3220E4585,0.09566946037114099
5kmN3220E4590,0.09113529565962486
5kmN3220E4595,0.08141137677820093
5kmN3220E4600,0.09145527211784243
5kmN3220E4605,0.07735964751898922
5kmN3220E4610,0.12718617183761066
5kmN3220E4615,0.09595580295086759
5kmN3220E4620,0.10897360363745118
5kmN3220E4625,0.24929025498467772
5kmN3220E4630,0.1957303412831834
5kmN3220E4635,0.2687171029338216
5kmN3220E4640,0.2060910139351913
5kmN3220E4645,0.16540236586461016
5kmN3225E4095,-0.07385907100326647
5kmN3225E4100,-0.07587894526681946
5kmN3225E4105,-0.09493849014941186
5kmN3225E4110,-0.10342116271121171
5kmN3225E4115,-0.10070547086629444
5kmN3225E4120,-0.11079642690525626
5kmN3225E4125,-0.09042812978380468
5kmN3225E4130,-0.08235811608686686
5kmN3225E4135,-0.07513354948193224
5kmN3225E4140,-0.08496907082696636
5kmN3225E4145,-0.08180963343892755
5kmN3225E4150,-0.10664988083189286
5kmN3225E4155,-0.08953849296479682
5kmN3225E4160,-0.11964311977000813
5kmN3225E4165,-0.10878487178559204
5kmN3225E4170,-0.0951765332085161
5kmN3225E4175,-0.09080553155947813
5kmN3225E4180,-0.08240056628886827
5kmN3225E4185,-0.020873186165196955
5kmN3225E4190,-0.018114977864899018
5kmN3225E4195,-0.010272082123835957
5kmN3225E4200,-0.015378311322424343
5kmN3225E4205,-0.026782262515020583
5kmN3225E4210,-0.03327762734835715
5kmN3225E4215,-0.024664480857368998
5kmN3225E4220,-0.027290257829766518
5kmN3225E4225,-0.03228238920833659
5kmN3225E4230,-0.024892581257111857
5kmN3225E4235,-0.02329032582874241
5kmN3225E4240,-0.03820345201763131
5kmN3225E4245,0.052950157678812115
5kmN3225E4250,0.11177987864754929
5kmN3225E4255,0.20781242257771942
5kmN3225E4260,0.25496792668179413
5kmN3225E4265,0.23002301953133258
5kmN3225E4270,0.23280314576352928
5kmN3225E4275,0.2537780853032802
5kmN3225E4280,0.24127475241444918
5kmN3225E4285,0.1914247278104544
5kmN3225E4290,0.15885523608624091
5kmN3225E4295,0.07080707175044482
5kmN3225E4300,0.06361309889692207
5kmN3225E4305,0.06151806509463237
5kmN3225E4310,0.07889061229580951
5kmN3225E4315,0.07576784583423973
5kmN3225E4320,0.05711795896196842
5kmN3225E4325,0.0658437491973678
5kmN3225E4330,0.06446684461535451
5kmN3225E4335,0.16289423839483408
5kmN3225E4340,0.2698652638486253
5kmN3225E4345,0.27551980150275424
5kmN3225E4350,0.17382573993355366
5kmN3225E4355,0.05741808659457581
5kmN3225E4360,0.05335048747451443
5kmN3225E4365,0.059540192782287726
5kmN3225E4370,0.06154494148334827
5kmN3225E4375,0.08198277934803411
5kmN3225E4380,0.1966864253282276
5kmN3225E4385,0.20952464542009408
5kmN3225E4390,0.14251303821065653
5kmN3225E4395,0.04203127190242384
5kmN3225E4400,0.0452616180727653
5kmN3225E4405,0.041050581268630926
5kmN3225E4410,0.035331853727540774
5kmN3225E4415,0.03471366043604851
5kmN3225E4420,0.031130210929302793
5kmN3225E4425,0.0040795094114010055
5kmN3225E4430,0.018694176549570007
5kmN3225E4435,0.02910463984799183
5kmN3225E4440,0.046185844430251866
5kmN3225E4445,0.0594504023194149
5kmN3225E4450,0.06238885724021126
5kmN3225E4455,0.07825151293795152
5kmN3225E4460,0.08353247138600084
5kmN3225E4465,0.07963723981138138
5kmN3225E4475,-0.04285857382837166
5kmN3225E4480,-0.05508767162102535
5kmN3225E4485,-0.047399865535584396
5kmN3225E4490,-0.04609519654069849
5kmN3225E4495,-0.059608305676802364
5kmN3225E4500,-0.04593865303792111
5kmN3225E4505,-0.03567077655685885
5kmN3225E4510,-0.023818650201889002
5kmN3225E4515,-0.012021115600075849
5kmN3225E4520,0.01111574344922045
5kmN3225E4525,0.07617144124872688
5kmN3225E4530,0.08979700395321594
5kmN3225E4535,0.08410671218309018
5kmN3225E4540,0.11366816109924865
5kmN3225E4545,0.10797883377337925
5kmN3225E4550,0.11569087483699869
5kmN3225E4555,0.11222880774779104
5kmN3225E4560,0.10685876139488576
5kmN3225E4565,0.07779580586912005
5kmN3225E4570,0.0703289000293924
5kmN3225E4575,0.08237469044344492
5kmN3225E4580,0.08489824594273748
5kmN3225E4585,0.09167114980388019
5kmN3225E4590,0.09569273561866298
5kmN3225E4595,0.09293854009662356
5kmN3225E4600,0.12841079228407326
5kmN3225E4605,0.13588698930523396
5kmN3225E4610,0.15600548891220373
5kmN3225E4615,0.14232767265013035
5kmN3225E4620,0.15996048444967836
5kmN3225E4625,0.18002690771975355
5kmN3225E4630,0.17150654255029912
5kmN3225E4635,0.170682198259757
5kmN3225E4640,0.18415317496539424
5kmN3225E4645,0.16468556364146258
5kmN3230E4105,-0.08118370462864521
5kmN3230E4110,-0.09012464556666014
5kmN3230E4115,-0.10951765604882269
5kmN3230E4120,-0.0954520759926496
5kmN3230E4125,-0.060310101400152666
5kmN3230E4130,-0.07394499426070439
5kmN3230E4135,-0.07853564959394399
5kmN3230E4140,-0.07148122322355094
5kmN3230E4145,-0.07012427935471074
5kmN3230E4150,-0.10394877470586517
5kmN3230E4155,-0.093826216898933
5kmN3230E4160,-0.09114429121227124
5kmN3230E4165,-0.09843050914258233
5kmN3230E4170,-0.10964991414339709
5kmN3230E4175,-0.08407053916175583
5kmN3230E4180,-0.03173951534309902
5kmN3230E4185,-0.018334882379229644
5kmN3230E4190,-0.011993742596381363
5kmN3230E4195,-0.016265423789657285
5kmN3230E4200,-0.029010904729400377
5kmN3230E4205,-0.044300389149697694
5kmN3230E4210,-0.04441807792800406
5kmN3230E4215,-0.04046919548489014
5kmN3230E4220,-0.025121315412236556
5kmN3230E4225,-0.03533814606853736
5kmN3230E4230,-0.04370366465085712
5kmN3230E4235,-0.03400471546866335
5kmN3230E4240,-0.03269734454074158
5kmN3230E4245,-0.01976245308488822
5kmN3230E4250,0.019386820840698205
5kmN3230E4255,0.21141440036587683
5kmN3230E4260,0.23820859518074872
5kmN3230E4265,0.25289121945345505
5kmN3230E4270,0.2584849057191512
5kmN3230E4275,0.2672360583959927
5kmN3230E4280,0.23656260771556226
5kmN3230E4285,0.16229883293244401
5kmN3230E4290,0.06463933367712599
5kmN3230E4295,0.06760951782342622
5kmN3230E4300,0.05960059610783741
5kmN3230E4305,0.04507039452176359
5kmN3230E4310,0.05955229263427536
5kmN3230E4315,0.055917016970991884
5kmN3230E4320,0.056186271473599
5kmN3230E4325,0.06711653403360757
5kmN3230E4330,0.07264849899448822
5kmN3230E4335,0.06436247767484238
5kmN3230E4340,0.04572553018431824
5kmN3230E4345,0.18047216399434157
5kmN3230E4350,0.24378860017181828
5kmN3230E4355,0.15942786277954463
5kmN3230E4360,0.05257470117240293
5kmN3230E4365,0.06788418225500276
5kmN3230E4370,0.10801678237687107
5kmN3230E4375,0.18741740908597693
5kmN3230E4380,0.21978488761229265
5kmN3230E4385,0.22409740556537322
5kmN3230E4390,0.05488640277806511
5kmN3230E4395,0.04247881196084702
5kmN3230E4400,0.04999154676810802
5kmN3230E4405,0.03340263715008074
5kmN3230E4410,0.030950758127688438
5kmN3230E4415,0.03498875758486775
5kmN3230E4420,0.02892903002993419
5kmN3230E4425,0.021689545201886484
5kmN3230E4430,-0.0011924584030496566
5kmN3230E4435,0.02166812066311563
5kmN3230E4440,0.043936686405678826
5kmN3230E4445,0.06272852977503252
5kmN3230E4450,0.0785347130427535
5kmN3230E4455,0.08534818234705488
5kmN3230E4460,0.09347714453629824
5kmN3230E4465,0.08471630966307908
5kmN3230E4470,0.05729995895622314
5kmN3230E4475,-0.05345988398370133
5kmN3230E4480,-0.04990569195943245
5kmN3230E4485,-0.05124673604215324
5kmN3230E4490,-0.04711403803275099
5kmN3230E4495,-0.04910335401024091
5kmN3230E4500,-0.030694743643025713
5kmN3230E4505,-0.04139719945096387
5kmN3230E4510,-0.02793307428818581
5kmN3230E4515,-0.003280589759505903
5kmN3230E4520,-0.00026140564390897403
5kmN3230E4525,0.0518082943369364
5kmN3230E4530,0.11368493061361523
5kmN3230E4535,0.1003049356342553
5kmN3230E4540,0.12819826241545118
5kmN3230E4545,0.13282969853436988
5kmN3230E4550,0.10259323277453308
5kmN3230E4555,0.11094201402940518
5kmN3230E4560,0.10977868704021648
5kmN3230E4565,0.05350690958738441
5kmN3230E4570,0.06635614312111371
5kmN3230E4575,0.0759808401156159
5kmN3230E4580,0.10177564528423205
5kmN3230E4585,0.1423130219327669
5kmN3230E4590,0.11109383929458189
5kmN3230E4595,0.15987374959499917
5kmN3230E4600,0.14590641344898192
5kmN3230E4605,0.15474137358625945
5kmN3230E4610,0.15748720254619925
5kmN3230E4615,0.15786939240515852
5kmN3230E4620,0.16573060769590087
5kmN3230E4625,0.17868231023038195
5kmN3230E4630,0.17761022186107034
5kmN3230E4635,0.17262569630113178
5kmN3230E4640,0.1850731723987365
5kmN3235E4110,-0.09902224021458644
5kmN3235E4115,-0.11167240821702809
5kmN3235E4120,-0.09481622493486574
5kmN3235E4125,-0.07902692532849709
5kmN3235E4130,-0.0774603184443432
5kmN3235E4135,-0.0868170079991542
5kmN3235E4140,-0.0904664078446149
5kmN3235E4145,-0.09216983448911553
5kmN3235E4150,-0.08337908263873706
5kmN3235E4155,-0.08221739771452546
5kmN3235E4160,-0.0970680358162076
5kmN3235E4165,-0.0950177231401616
5kmN3235E4170,-0.0876959331974792
5kmN3235E4175,-0.07110193414570803
5kmN3235E4180,-0.007521645954223666
5kmN3235E4185,-0.008339175920051456
5kmN3235E4190,-0.009447156216918495
5kmN3235E4195,-0.02201019780368696
5kmN3235E4200,-0.024663741429221286
5kmN3235E4205,-0.030036378367567285
5kmN3235E4210,-0.04225596514335478
5kmN3235E4215,-0.01613137911002771
5kmN3235E4220,-0.002981490583048807
5kmN3235E4225,-0.016450123980982168
5kmN3235E4230,-0.021680271999157896
5kmN3235E4235,-0.014337886897423269
5kmN3235E4240,-0.02766562012460344
5kmN3235E4245,-0.036677084882554334
5kmN3235E4250,0.027927864163595384
5kmN3235E4255,0.18710753016347514
5kmN3235E4260,0.25744445380275055
5kmN3235E4265,0.2690611576834709
5kmN3235E4270,0.2658118392397022
5kmN3235E4275,0.2571120032657279
5kmN3235E4280,0.2503247110674464
5kmN3235E4285,0.1355945556198836
5kmN3235E4290,0.09102300685887671
5kmN3235E4295,0.06373935531894304
5kmN3235E4300,0.05488698883119142
5kmN3235E4305,0.05767533689997595
5kmN3235E4310,0.05035188107437899
5kmN3235E4315,0.051474168656887365
5kmN3235E4320,0.03145220996921849
5kmN3235E4325,0.02439446506167281
5kmN3235E4330,0.038366424781634656
5kmN3235E4335,0.024470103885265493
5kmN3235E4340,0.03756669352155473
5kmN3235E4345,0.04092123615622778
5kmN3235E4350,0.1903992500012411
5kmN3235E4355,0.21668582496829172
5kmN3235E4360,0.1351573977545078
5kmN3235E4365,0.0626267742030231
5kmN3235E4370,0.1747524073451936
5kmN3235E4375,0.21946379569681368
5kmN3235E4380,0.21961022836449196
5kmN3235E4385,0.20849658213053374
5kmN3235E4390,0.175591185779016
5kmN3235E4395,0.048253134700021905
5kmN3235E4400,0.04772227096240089
5kmN3235E4405,0.04747710665760385
5kmN3235E4410,0.04151126552223172
5kmN3235E4415,0.04473395835947802
5kmN3235E4420,0.0342094960287207
5kmN3235E4425,0.033352121509425126
5kmN3235E4430,0.027506105694078298
5kmN3235E4435,0.04295279613994263
5kmN3235E4440,0.04391575095811784
5kmN3235E4445,0.05658047357601104
5kmN3235E4450,0.07322506674669271
5kmN3235E4455,0.08601097738128971
5kmN3235E4460,0.08907969326877663
5kmN3235E4465,0.09649268502800606
5kmN3235E4470,0.10939741580994689
5kmN3235E4475,-0.0003780246859623193
5kmN3235E4480,-0.03899497692880094
5kmN3235E4485,-0.04212525377843457
5kmN3235E4490,-0.03850431809268662
5kmN3235E4495,-0.026644583937264932
5kmN3235E4505,-0.012840741345434559
5kmN3235E4510,-0.007156702427564943
5kmN3235E4515,-0.019466924567957733
5kmN3235E4520,0.004776253677500564
5kmN3235E4525,0.006935735895949535
5kmN3235E4530,0.05847665913986566
5kmN3235E4535,0.11637697105278605
5kmN3235E4540,0.11174220965650694
5kmN3235E4545,0.12290562937719424
5kmN3235E4550,0.12420500842119153
5kmN3235E4555,0.1258385820615262
5kmN3235E4560,0.11904604295721066
5kmN3235E4565,0.065973415836029
5kmN3235E4570,0.053774652201301065
5kmN3235E4575,0.06860447471086206
5kmN3235E4580,0.08296918411631016
5kmN3235E4585,0.13668444358184328
5kmN3235E4590,0.13794119500275082
5kmN3235E4595,0.1539989128841548
5kmN3235E4600,0.15124390541044785
5kmN3235E4605,0.1502067517804005
5kmN3235E4610,0.1373505702134088
5kmN3235E4615,0.1684600539593244
5kmN3235E4620,0.16714092759157584
5kmN3235E4625,0.17437832530654107
5kmN3235E4630,0.17680615573444436
5kmN3235E4635,0.15421252998697338
5kmN3235E4640,0.16608081526363744
5kmN3240E4115,0.07031607843478696
5kmN3240E4120,0.04267703270158077
5kmN3240E4125,-0.007068919760517461
5kmN3240E4130,-0.007782845834715391
5kmN3240E4135,-0.04841625494240648
5kmN3240E4140,-0.09005242527438989
5kmN3240E4145,-0.09478474735930714
5kmN3240E4150,-0.08434630029473444
5kmN3240E4155,-0.10553100617379746
5kmN3240E4160,-0.10110386560060652
5kmN3240E4165,-0.1029591002966801
5kmN3240E4170,-0.08659569857829713
5kmN3240E4175,-0.10202718278929962
5kmN3240E4180,-0.008889341041547483
5kmN3240E4185,0.005730680972060059
5kmN3240E4190,0.0059592965403076625
5kmN3240E4195,-0.01646520050724748
5kmN3240E4200,-0.022195343175132165
5kmN3240E4205,-0.017106591700206064
5kmN3240E4210,-0.031441076578350935
5kmN3240E4215,0.014799088822462836
5kmN3240E4220,0.01963366353507745
5kmN3240E4225,0.017023107854722275
5kmN3240E4230,0.0061255532172693195
5kmN3240E4235,0.0060902859321557146
5kmN3240E4240,-0.0116160531555215
5kmN3240E4245,-0.02807025988375983
5kmN3240E4250,0.16608032907642784
5kmN3240E4255,0.2530972693710336
5kmN3240E4260,0.25876278970769184
5kmN3240E4265,0.2702744574074845
5kmN3240E4270,0.2630057153987657
5kmN3240E4275,0.24371933799185197
5kmN3240E4280,0.13931675650099795
5kmN3240E4285,0.07483951061808877
5kmN3240E4290,0.05941591059727935
5kmN3240E4295,0.05708150442747678
5kmN3240E4300,0.04961525627906638
5kmN3240E4305,0.058602871083276165
5kmN3240E4310,0.05307026398381942
5kmN3240E4315,0.04341636269809124
5kmN3240E4320,0.05943920299716271
5kmN3240E4325,0.03100343359037333
5kmN3240E4330,0.022889119794550217
5kmN3240E4335,0.03436157825037489
5kmN3240E4340,0.03544075803380681
5kmN3240E4345,0.0470600411455705
5kmN3240E4350,0.2020736844543353
5kmN3240E4355,0.21307861982836354
5kmN3240E4360,0.18960748579077205
5kmN3240E4365,0.1016559887011409
5kmN3240E4370,0.1996871158225237
5kmN3240E4375,0.2275161188525821
5kmN3240E4380,0.22316480613449774
5kmN3240E4385,0.2257524267132996
5kmN3240E4390,0.08081750123766313
5kmN3240E4395,0.05245007766113363
5kmN3240E4400,0.06525184594138156
5kmN3240E4405,0.06805700354627553
5kmN3240E4410,0.06269761812293978
5kmN3240E4415,0.03194076940391766
5kmN3240E4420,0.047244376236339036
5kmN3240E4425,0.06502558469696362
5kmN3240E4430,0.06946609610793053
5kmN3240E4435,0.06884961470251999
5kmN3240E4440,0.051293761908145274
5kmN3240E4445,0.04596716599735384
5kmN3240E4450,0.08131159106043373
5kmN3240E4455,0.08252263757200295
5kmN3240E4460,0.09434668201133473
5kmN3240E4465,0.10393593455821615
5kmN3240E4470,0.10096884341504347
5kmN3240E4475,-0.04627287669493624
5kmN3240E4480,-0.03333897983973083
5kmN3240E4485,-0.032528581093143494
5kmN3240E4490,-0.029694604615620512
5kmN3240E4495,-0.03490180497576767
5kmN3240E4500,-0.015289966935082944
5kmN3240E4505,-0.013791504666597176
5kmN3240E4510,-0.012650927720088245
5kmN3240E4515,0.004220464915892119
5kmN3240E4520,-0.0062816834474904715
5kmN3240E4525,0.0018196589018178444
5kmN3240E4530,0.0328085039025004
5kmN3240E4535,0.11797466980461174
5kmN3240E4540,0.12965617057268214
5kmN3240E4545,0.13218233966849546
5kmN3240E4550,0.12263892340297389
5kmN3240E4555,0.11052541998995469
5kmN3240E4560,0.08548420288238479
5kmN3240E4565,0.06002599822453725
5kmN3240E4570,0.05268847934292242
5kmN3240E4575,0.05315866153421622
5kmN3240E4580,0.08171804557427886
5kmN3240E4585,0.1452156519760039
5kmN3240E4590,0.12561849740694525
5kmN3240E4595,0.14045296179976602
5kmN3240E4600,0.14969955898426612
5kmN3240E4605,0.1566913643817347
5kmN3240E4610,0.15713564242084405
5kmN3240E4615,0.16256455172333079
5kmN3240E4620,0.1627805700051183
5kmN3240E4625,0.1784761075736152
5kmN3240E4630,0.17454127785072698
5kmN3240E4635,0.1673266997392076
5kmN3240E4640,0.17474558732184725
5kmN3245E4115,0.08188736277701489
5kmN3245E4120,0.059042242472547884
5kmN3245E4125,0.06446712073686758
5kmN3245E4130,0.05845099831933517
5kmN3245E4135,0.015017291304484787
5kmN3245E4140,-0.035515818096483825
5kmN3245E4145,-0.10025680069049742
5kmN3245E4150,-0.10294694403567001
5kmN3245E4155,-0.11370035261658107
5kmN3245E4160,-0.08792705688048907
5kmN3245E4165,-0.08522005931875665
5kmN3245E4170,-0.08506768264565867
5kmN3245E4175,-0.09125916154097055
5kmN3245E4180,-0.04430939753773888
5kmN3245E4185,-0.0062045130504869705
5kmN3245E4190,-0.015331700172837193
5kmN3245E4195,-0.016165002727110522
5kmN3245E4200,-0.02324902718360411
5kmN3245E4205,-0.03875841711294503
5kmN3245E4210,-0.05299408327798055
5kmN3245E4215,-0.003858540713133851
5kmN3245E4220,0.01688639692523236
5kmN3245E4225,0.005915293416590639
5kmN3245E4230,0.017951318082470025
5kmN3245E4235,0.0023800880583573214
5kmN3245E4240,-0.008985669816757413
5kmN3245E4245,-0.02011268461757043
5kmN3245E4250,0.055106927951492524
5kmN3245E4255,0.21929546933611327
5kmN3245E4260,0.2534022909681366
5kmN3245E4265,0.249997416574882
5kmN3245E4270,0.24959210605675092
5kmN3245E4275,0.24048606815170837
5kmN3245E4280,0.09275664016368879
5kmN3245E4285,0.06057457340910166
5kmN3245E4290,0.04890114025655973
5kmN3245E4315,0.04396772464720167
5kmN3245E4320,0.06427007995628364
5kmN3245E4325,0.052816383086835006
5kmN3245E4330,0.03165935605998027
5kmN3245E4335,0.021176868098830404
5kmN3245E4340,0.04837255580482175
5kmN3245E4345,0.034646344626889314
5kmN3245E4350,0.03420693983930856
5kmN3245E4355,0.11759181218640813
5kmN3245E4360,0.17237317818182413
5kmN3245E4365,0.20356981800127483
5kmN3245E4370,0.25306778896966237
5kmN3245E4375,0.3559624242426095
5kmN3245E4380,0.24222403486613026
5kmN3245E4385,0.2057880558548168
5kmN3245E4390,0.07253618466386752
5kmN3245E4395,0.051865576717333384
5kmN3245E4400,0.06033879283518029
5kmN3245E4405,0.06462670091114442
5kmN3245E4410,0.058943606191315334
5kmN3245E4415,0.05903836540566504
5kmN3245E4420,0.07148316036139835
5kmN3245E4425,0.08300906554165144
5kmN3245E4430,0.07417331467777066
5kmN3245E4435,0.07406948417341758
5kmN3245E4440,0.05950783697465756
5kmN3245E4445,0.06507184715061454
5kmN3245E4450,0.09346844763641238
5kmN3245E4455,0.1080863818701327
5kmN3245E4460,0.12109978374761521
5kmN3245E4465,0.12691104386247187
5kmN3245E4475,0.025063086814203717
5kmN3245E4480,-0.014962368029245665
5kmN3245E4485,-0.052202857127321645
5kmN3245E4490,-0.019521344298124244
5kmN3245E4495,-0.03146963591061025
5kmN3245E4500,-0.023455102759185054
5kmN3245E4505,-0.02881015987355262
5kmN3245E4510,-0.013334534057074188
5kmN3245E4515,-0.003933370527540281
5kmN3245E4520,-0.02203341070095094
5kmN3245E4525,-0.009116421577449796
5kmN3245E4530,0.010949677499513422
5kmN3245E4535,0.09055024226384406
5kmN3245E4540,0.09789707685899518
5kmN3245E4545,0.13206101454203556
5kmN3245E4560,0.0645413992442882
5kmN3245E4565,0.049974009867570446
5kmN3245E4570,0.049946506241660416
5kmN3245E4575,0.061428313556685266
5kmN3245E4580,0.07769171535601255
5kmN3245E4585,0.1348474228678614
5kmN3245E4590,0.13111753129643816
5kmN3245E4595,0.12475216121509192
5kmN3245E4600,0.15678628106221298
5kmN3245E4605,0.15636788220993064
5kmN3245E4610,0.16522456200624008
5kmN3245E4615,0.1681083543918141
5kmN3245E4620,0.15940020737498561
5kmN3245E4625,0.1484955311883715
5kmN3245E4630,0.1609653148909505
5kmN3245E4635,0.16539496695351869
5kmN3245E4640,0.165799757682573
5kmN3250E4120,0.07883380091302986
5kmN3250E4125,0.07193264061914223
5kmN3250E4130,0.030346105114371857
5kmN3250E4135,-0.010004844088149556
5kmN3250E4140,0.0009786903728730423
5kmN3250E4145,-0.04492070802678233
5kmN3250E4150,-0.06568301119082776
5kmN3250E4155,-0.09464507928617116
5kmN3250E4160,-0.08766486927014744
5kmN3250E4165,-0.09382487418369834
5kmN3250E4170,-0.05680185803261184
5kmN3250E4175,-0.06134006089666838
5kmN3250E4180,-0.03411025283187524
5kmN3250E4185,-0.020391046733075013
5kmN3250E4190,-0.0027436678968960626
5kmN3250E4195,-0.023467576549494884
5kmN3250E4200,-0.03301484902998025
5kmN3250E4205,-0.04402937341679847
5kmN3250E4210,-0.019640171300714604
5kmN3250E4215,0.017419340598140376
5kmN3250E4220,0.01574425029490445
5kmN3250E4225,0.004537234160164105
5kmN3250E4230,0.023194401850152202
5kmN3250E4235,0.020646373861064993
5kmN3250E4240,0.011779298143362316
5kmN3250E4245,0.000874327839011757
5kmN3250E4250,-0.019264211909286677
5kmN3250E4255,0.02310171256977145
5kmN3250E4260,0.2569277335721169
5kmN3250E4265,0.2591770371010359
5kmN3250E4270,0.2476865732989288
5kmN3250E4275,0.1963360425673124
5kmN3250E4280,0.1079514330552021
5kmN3250E4285,0.045388060086730464
5kmN3250E4290,0.039266776414812854
5kmN3250E4315,0.04739347414854517
5kmN3250E4320,0.0577610347208205
5kmN3250E4325,0.06612955136543303
5kmN3250E4330,0.047481322962667716
5kmN3250E4335,0.04129876806612798
5kmN3250E4340,0.05130899858143345
5kmN3250E4345,0.002342650893945475
5kmN3250E4350,-0.054544194872573226
5kmN3250E4355,-0.063848967164499
5kmN3250E4360,0.013513298551831587
5kmN3250E4365,0.2551622259974178
5kmN3250E4370,0.4342264613776092
5kmN3250E4375,0.4491075424507233
5kmN3250E4380,0.24581859207755946
5kmN3250E4385,0.22075385302855544
5kmN3250E4390,0.1459241470180701
5kmN3250E4395,0.04853125733268282
5kmN3250E4400,0.06575910426435772
5kmN3250E4405,0.054459237057042253
5kmN3250E4410,0.07059306859896941
5kmN3250E4415,0.07775536233584734
5kmN3250E4420,0.07278214604532479
5kmN3250E4430,0.09190671382889737
5kmN3250E4435,0.10125698305329761
5kmN3250E4440,0.09398742593704296
5kmN3250E4445,0.006310682495001774
5kmN3250E4450,0.059637475973997045
5kmN3250E4455,0.09115086112245158
5kmN3250E4460,0.10942833591570994
5kmN3250E4465,0.12310813404046345
5kmN3250E4470,0.13066033912850727
5kmN3250E4475,0.047970720118513055
5kmN3250E4480,-0.039768158917474095
5kmN3250E4485,-0.12158638021953361
5kmN3250E4490,-0.08198010922365173
5kmN3250E4495,-0.04144710053371109
5kmN3250E4500,-0.007393710929421038
5kmN3250E4505,-0.013439900195609311
5kmN3250E4510,-0.011306978908252496
5kmN3250E4515,-0.012873824615141194
5kmN3250E4520,-0.025341412364139226
5kmN3250E4525,-0.009121873219511856
5kmN3250E4530,0.017791578405011776
5kmN3250E4535,0.031384831417878845
5kmN3250E4540,0.05594138754789618
5kmN3250E4560,0.0511636292393125
5kmN3250E4570,0.04324410644304377
5kmN3250E4575,0.09084388590032016
5kmN3250E4580,0.12626970302496965
5kmN3250E4585,0.14849094875843227
5kmN3250E4590,0.14734567679691846
5kmN3250E4595,0.14518340093164933
5kmN3250E4600,0.15087883040653283
5kmN3250E4605,0.16555820967356588
5kmN3250E4610,0.1673363971945892
5kmN3250E4615,0.1651765763777135
5kmN3250E4620,0.1478064380031115
5kmN3250E4625,0.14199219040023947
5kmN3250E4630,0.1514980895897574
5kmN3255E4115,0.07794663260560528
5kmN3255E4120,0.06236479274485776
5kmN3255E4125,0.06599484656502938
5kmN3255E4130,0.03600271848068268
5kmN3255E4135,-0.007131688744542869
5kmN3255E4140,-0.004525073011226066
5kmN3255E4145,-0.00872553332843401
5kmN3255E4150,-0.0143440045639259
5kmN3255E4155,-0.0638941629691826
5kmN3255E4160,-0.08123960005874692
5kmN3255E4165,-0.028161831569731732
5kmN3255E4170,-0.012997188282784178
5kmN3255E4175,-0.004971439549028012
5kmN3255E4180,-0.03152824807007887
5kmN3255E4185,-0.03596514814996432
5kmN3255E4190,-0.022159006823032346
5kmN3255E4195,-0.025831629381041554
5kmN3255E4200,-0.03518249901985848
5kmN3255E4205,0.004149181261070722
5kmN3255E4210,0.03222166163607704
5kmN3255E4215,0.021166317597038464
5kmN3255E4220,0.021576440591396517
5kmN3255E4225,0.008519585509888683
5kmN3255E4230,0.03675858078401789
5kmN3255E4235,0.07052756904181617
5kmN3255E4240,0.06721299202946923
5kmN3255E4245,0.05614181614993807
5kmN3255E4250,-0.007305640435286309
5kmN3255E4255,-0.0032469255634182126
5kmN3255E4260,0.08458170835033696
5kmN3255E4265,0.1644734956364236
5kmN3255E4270,0.23395791679498462
5kmN3255E4275,0.1423035941881784
5kmN3255E4280,0.055202906567460075
5kmN3255E4285,0.06529223369702697
5kmN3255E4310,0.04924118702604047
5kmN3255E4315,0.07016033016030249
5kmN3255E4320,0.06748650399153222
5kmN3255E4325,0.09053065877531294
5kmN3255E4330,0.08711103564153769
5kmN3255E4335,0.06702029310291108
5kmN3255E4340,0.0349032557325582
5kmN3255E4345,-0.048135968351528696
5kmN3255E4350,-0.039131197594865
5kmN3255E4355,-0.0513938778129418
5kmN3255E4360,-0.05799087162292632
5kmN3255E4365,0.3889059677181256
5kmN3255E4370,0.4226984922008825
5kmN3255E4375,0.4380941863634366
5kmN3255E4380,0.2886072156988635
5kmN3255E4385,0.13294941683605155
5kmN3255E4390,0.05248378203866311
5kmN3255E4395,0.04126544686736744
5kmN3255E4400,0.03286632926642863
5kmN3255E4405,0.04503719850794019
5kmN3255E4410,0.041908972540513845
5kmN3255E4415,0.020804456065929622
5kmN3255E4420,-0.03772357616970412
5kmN3255E4430,0.10430250506724964
5kmN3255E4435,0.08157766270597888
5kmN3255E4440,0.02744169276851538
5kmN3255E4445,-0.007841718731480207
5kmN3255E4450,-0.001331578230415742
5kmN3255E4455,0.09312357197286775
5kmN3255E4460,0.11002025484611355
5kmN3255E4465,0.09884505665307536
5kmN3255E4470,0.12804262128878874
5kmN3255E4475,0.030462450716550016
5kmN3255E4480,-0.05905240619000479
5kmN3255E4485,-0.12589062677614316
5kmN3255E4490,-0.09868662912957304
5kmN3255E4495,-0.07865028405633234
5kmN3255E4500,-0.019855394395037917
5kmN3255E4505,-0.004879795548048682
5kmN3255E4510,0.000509747281495665
5kmN3255E4515,-0.021369417924882672
5kmN3255E4520,-0.010443940287670178
5kmN3255E4525,-0.004899901718347505
5kmN3255E4530,0.013604470083102033
5kmN3255E4535,-0.000842823792292946
5kmN3255E4540,0.0018274980761490145
5kmN3255E4555,0.042919954610343924
5kmN3255E4575,0.13464202009475895
5kmN3255E4580,0.15271413906721715
5kmN3255E4585,0.14805371320338034
5kmN3255E4590,0.1503835309164776
5kmN3255E4595,0.12403855651471535
5kmN3255E4600,0.15505402861828138
5kmN3255E4605,0.15008133129382795
5kmN3255E4610,0.16070855093225245
5kmN3255E4615,0.156899389104867
5kmN3255E4620,0.15574005721776124
5kmN3255E4625,0.13736819402789952
5kmN3255E4630,0.14533276111999954
5kmN3260E4105,0.10047273960203942
5kmN3260E4110,0.0894030211055521
5kmN3260E4115,0.07784096639371241
5kmN3260E4120,0.0487263806160132
5kmN3260E4125,0.06996617233492017
5kmN3260E4130,0.044156007091599836
5kmN3260E4135,0.00673198225163521
5kmN3260E4140,-0.007251360768124354
5kmN3260E4145,-0.013800246999408655
5kmN3260E4150,-0.015895347495232498
5kmN3260E4155,-0.05247705720691276
5kmN3260E4160,-0.04967075213487368
5kmN3260E4165,-0.015757914697198283
5kmN3260E4170,-0.016914223095662928
5kmN3260E4175,-0.013076140156133897
5kmN3260E4180,-0.011095980453123322
5kmN3260E4185,-0.04980408975866077
5kmN3260E4190,-0.15494060289623623
5kmN3260E4195,-0.10541963482449335
5kmN3260E4200,-0.029814006688837047
5kmN3260E4205,0.043794460524524736
5kmN3260E4210,0.04479710798196013
5kmN3260E4215,0.02940755357013325
5kmN3260E4220,0.010643869256527771
5kmN3260E4225,0.016195534216023155
5kmN3260E4230,0.03890212884968963
5kmN3260E4235,0.07171896506867587
5kmN3260E4240,0.06618839589009362
5kmN3260E4245,0.06368353084155975
5kmN3260E4250,0.03328631925928971
5kmN3260E4255,0.00014944892496698836
5kmN3260E4260,0.04213450198026847
5kmN3260E4265,0.058323179162427574
5kmN3260E4270,0.07709988990605171
5kmN3260E4275,0.08681143186446841
5kmN3260E4280,0.08564124640975837
5kmN3260E4285,0.08168409825207754
5kmN3260E4290,0.07136414966692722
5kmN3260E4295,0.06555786606646935
5kmN3260E4300,0.05118305596494066
5kmN3260E4305,0.06436588059824727
5kmN3260E4310,0.07124670795636406
5kmN3260E4315,0.07998787732323634
5kmN3260E4320,0.0765448899561951
5kmN3260E4325,0.07928717406070915
5kmN3260E4330,0.07748883181253222
5kmN3260E4335,0.08149476696894176
5kmN3260E4340,-0.04326200499057778
5kmN3260E4345,-0.056265415088820214
5kmN3260E4350,-0.03399133454433212
5kmN3260E4355,-0.05548241222013717
5kmN3260E4360,-0.04210594090448694
5kmN3260E4365,0.035777451619772666
5kmN3260E4370,0.23214012540271028
5kmN3260E4375,0.3232559634645073
5kmN3260E4380,0.12494496784699011
5kmN3260E4385,0.04658103218802767
5kmN3260E4390,0.032165899875141735
5kmN3260E4395,-0.06464647297479531
5kmN3260E4400,-0.06990749115618344
5kmN3260E4405,-0.05445072525005856
5kmN3260E4410,-0.047331329547748324
5kmN3260E4415,-0.029307568246515814
5kmN3260E4420,-0.03272841567027063
5kmN3260E4425,-0.014153552625620125
5kmN3260E4435,0.017601194774869433
5kmN3260E4440,-0.011823564144116894
5kmN3260E4445,-0.006239315147232416
5kmN3260E4450,-0.0063167894293257865
5kmN3260E4455,0.0776071976248659
5kmN3260E4460,0.1243106886178505
5kmN3260E4465,0.1231328601569891
5kmN3260E4470,0.13603588152145807
5kmN3260E4475,0.06973783437230713
5kmN3260E4480,-0.08910822385381795
5kmN3260E4485,-0.08421583008678957
5kmN3260E4490,-0.07598573541851616
5kmN3260E4495,-0.06505045573255525
5kmN3260E4500,-0.025605473408855106
5kmN3260E4505,-0.001454328704546315
5kmN3260E4510,0.012506951449639092
5kmN3260E4515,-0.004484349129581455
5kmN3260E4520,-0.010157313375026622
5kmN3260E4525,-0.025948134492166236
5kmN3260E4535,-0.04403549402551096
5kmN3260E4575,0.11345532859361923
5kmN3260E4580,0.12861598628685544
5kmN3260E4585,0.14311263615944847
5kmN3260E4590,0.14849813616211122
5kmN3260E4595,0.13328081819416376
5kmN3260E4600,0.14503654865003368
5kmN3260E4605,0.14807831097768037
5kmN3260E4610,0.117867633792611
5kmN3260E4615,0.019435120071055634
5kmN3260E4620,0.05184958451995664
5kmN3260E4625,0.08596539366742134
5kmN3260E4630,0.14728873479974203
5kmN3265E4095,0.0918480602539288
5kmN3265E4100,0.08675960273021824
5kmN3265E4105,0.07797305842714053
5kmN3265E4110,0.0769919769301255
5kmN3265E4115,0.07496166210436181
5kmN3265E4120,0.06569324326554793
5kmN3265E4125,0.053690023391061825
5kmN3265E4130,0.045962920517922445
5kmN3265E4135,-0.0032598239246048044
5kmN3265E4140,-0.004924017020141586
5kmN3265E4145,-0.003525264935534983
5kmN3265E4150,-0.014445772618971703
5kmN3265E4155,-0.00609577705308692
5kmN3265E4160,-0.009331681160434535
5kmN3265E4165,0.004072779046589925
5kmN3265E4170,-0.010994746843363656
5kmN3265E4175,-0.0070343873653035405
5kmN3265E4180,-0.033897709840948254
5kmN3265E4185,-0.08447427118112852
5kmN3265E4190,-0.18784716471346766
5kmN3265E4195,-0.20745125514335855
5kmN3265E4200,-0.16576681861756662
5kmN3265E4205,0.013310954944358966
5kmN3265E4210,0.06736713375386705
5kmN3265E4215,0.053568518733594694
5kmN3265E4220,0.04704882829516782
5kmN3265E4225,0.02818221950740002
5kmN3265E4230,0.04340186339232238
5kmN3265E4235,0.07748405242926443
5kmN3265E4240,0.08420908665962351
5kmN3265E4245,0.05307266609841971
5kmN3265E4250,0.057251232871754876
5kmN3265E4255,0.021362844491846222
5kmN3265E4260,0.04386429081784743
5kmN3265E4265,0.06741723834954139
5kmN3265E4270,0.10095052190050693
5kmN3265E4275,0.08709343036727002
5kmN3265E4280,0.07956505821009383
5kmN3265E4285,0.08154132421854876
5kmN3265E4290,0.09264988598877957
5kmN3265E4295,0.08588557407026617
5kmN3265E4300,0.07405400165196277
5kmN3265E4305,0.08300185836055066
5kmN3265E4310,0.0788157418319467
5kmN3265E4315,0.0914702760149145
5kmN3265E4320,0.08481990269173736
5kmN3265E4325,0.06607302292348322
5kmN3265E4330,0.03604237330634458
5kmN3265E4335,0.03287591066007506
5kmN3265E4340,-0.0430652374126953
5kmN3265E4345,-0.04668393637430224
5kmN3265E4350,-0.04353510195222232
5kmN3265E4355,-0.04689986621417658
5kmN3265E4360,-0.04572395702299992
5kmN3265E4365,-0.04645746783640625
5kmN3265E4370,-0.046024514489241664
5kmN3265E4375,-0.04271363891053448
5kmN3265E4380,-0.03806409043943865
5kmN3265E4385,-0.03286520164873963
5kmN3265E4390,-0.03657732679877168
5kmN3265E4395,-0.06765910082449278
5kmN3265E4400,-0.07497210095560736
5kmN3265E4405,-0.05932627551291103
5kmN3265E4410,-0.04255137989122715
5kmN3265E4415,-0.04802244402397915
5kmN3265E4420,-0.026177863535677304
5kmN3265E4435,-0.003889043665088354
5kmN3265E4440,-0.006622976075077558
5kmN3265E4445,-0.002366683904021283
5kmN3265E4450,0.005810320662597235
5kmN3265E4455,0.11122441882212342
5kmN3265E4460,0.1250272018829739
5kmN3265E4465,0.09115534224592359
5kmN3265E4470,0.09294965104423297
5kmN3265E4475,-0.021901638194124218
5kmN3265E4480,-0.0797654883304641
5kmN3265E4485,-0.011618367910543326
5kmN3265E4490,0.01847925059416239
5kmN3265E4495,0.003530287664760323
5kmN3265E4500,0.005438915785179688
5kmN3265E4505,-0.025566283187717198
5kmN3265E4510,-0.0789178450282132
5kmN3265E4515,-0.06344713118315493
5kmN3265E4520,-0.017156484914044007
5kmN3265E4525,-0.051813186787236704
5kmN3265E4575,-0.0256348141542751
5kmN3265E4580,0.015581829848621553
5kmN3265E4585,0.12413278925476817
5kmN3265E4590,0.09034194523649425
5kmN3265E4595,0.1159363973033718
5kmN3265E4600,0.12644372232042161
5kmN3265E4605,0.14810123738425468
5kmN3265E4610,0.023763642514532335
5kmN3265E4615,-0.038280901146582225
5kmN3265E4620,-0.033834061459337095
5kmN3265E4625,-0.037102595584429354
5kmN3265E4630,-0.03575715734757423
5kmN3270E4095,0.07936826377970699
5kmN3270E4100,0.07692507389367476
5kmN3270E4105,0.0860209659696684
5kmN3270E4110,0.08218041245001165
5kmN3270E4115,0.06474109412743279
5kmN3270E4120,0.07624295713997684
5kmN3270E4125,0.04761594972368882
5kmN3270E4130,0.046689056685055186
5kmN3270E4135,-0.005407167210788044
5kmN3270E4140,-0.014832674933968643
5kmN3270E4145,-0.005521374503476173
5kmN3270E4150,-0.011205335381053588
5kmN3270E4155,-0.010230965324020014
5kmN3270E4160,-0.014240171690257764
5kmN3270E4165,0.0016857780963698832
5kmN3270E4170,-0.0039573462828730865
5kmN3270E4175,-0.023086728308824966
5kmN3270E4180,-0.02779521425022191
5kmN3270E4185,-0.09955853327924366
5kmN3270E4190,-0.1894037096071168
5kmN3270E4195,-0.19247654162351735
5kmN3270E4200,-0.19924149221829163
5kmN3270E4205,-0.08826143790915997
5kmN3270E4210,0.04677236731435097
5kmN3270E4215,0.05901203844145275
5kmN3270E4220,0.05435190861670802
5kmN3270E4225,0.0485233060636619
5kmN3270E4230,0.051303132421375186
5kmN3270E4235,0.04863872767033045
5kmN3270E4240,0.053607058777016325
5kmN3270E4245,0.07170463744794187
5kmN3270E4250,0.05646199123415979
5kmN3270E4255,0.04959878702630016
5kmN3270E4260,0.045881521338833164
5kmN3270E4265,0.06120083545411148
5kmN3270E4270,0.08173968138064314
5kmN3270E4275,0.0861549660664731
5kmN3270E4280,0.0903667437707818
5kmN3270E4285,0.08667515777087406
5kmN3270E4290,0.08372625975453607
5kmN3270E4295,0.08637711414964591
5kmN3270E4300,0.07034928551640157
5kmN3270E4305,0.07285748224319502
5kmN3270E4310,0.08640655594213512
5kmN3270E4315,0.10958263926369732
5kmN3270E4320,0.042192020599151614
5kmN3270E4325,0.030957372259246163
5kmN3270E4330,0.036078873723617455
5kmN3270E4335,0.04320473073748082
5kmN3270E4340,0.03462297988069085
5kmN3270E4345,-0.007743602906557678
5kmN3270E4350,-0.04625501352063538
5kmN3270E4355,-0.03257385425144449
5kmN3270E4360,-0.029675476734557837
5kmN3270E4365,-0.04975242286881748
5kmN3270E4370,-0.029586864381232758
5kmN3270E4375,-0.02160697218742197
5kmN3270E4380,-0.04282652465235978
5kmN3270E4385,-0.08171975040998636
5kmN3270E4390,-0.06896584517800275
5kmN3270E4395,-0.06737903492764485
5kmN3270E4400,-0.060177682424832124
5kmN3270E4405,-0.05086773919906473
5kmN3270E4410,-0.03862652085073737
5kmN3270E4415,-0.03547355570392918
5kmN3270E4420,-0.030736311911339853
5kmN3270E4425,-0.02328547187423413
5kmN3270E4430,-0.01214132089111164
5kmN3270E4435,-0.014691976798220097
5kmN3270E4440,-0.007226870458944101
5kmN3270E4445,-0.007112998465685472
5kmN3270E4450,-0.009023752234080251
5kmN3270E4455,0.028054437707750512
5kmN3270E4460,0.04700753471639785
5kmN3270E4465,-0.020789911372306402
5kmN3270E4470,-0.08341204967799959
5kmN3270E4475,-0.09996915224346026
5kmN3270E4480,-0.09635525093285924
5kmN3270E4485,0.0028981408229143413
5kmN3270E4490,-0.020229151971708603
5kmN3270E4495,-0.021738526913513745
5kmN3270E4500,-0.0031164719136412278
5kmN3270E4505,-0.04891885708989374
5kmN3270E4510,-0.06351572325939342
5kmN3270E4515,-0.08860689962266893
5kmN3270E4520,-0.08254372273403376
5kmN3270E4525,-0.09910485492495708
5kmN3270E4570,-0.03988369085315524
5kmN3270E4575,-0.10084385454557848
5kmN3270E4580,-0.08439643261609547
5kmN3270E4585,-0.055230593559610575
5kmN3270E4590,-0.04275533502718548
5kmN3270E4595,-0.026460768446617156
5kmN3270E4600,-0.051384174564381546
5kmN3270E4605,0.06077140780502066
5kmN3270E4610,-0.039501449947333234
5kmN3270E4615,-0.04836728352082387
5kmN3270E4620,-0.04858356379883977
5kmN3270E4625,-0.05293031501168255
5kmN3270E4630,-0.04746063341306844
5kmN3275E4095,0.09617482233105648
5kmN3275E4100,0.08321171284196921
5kmN3275E4105,0.08269503264167025
5kmN3275E4110,0.06945536154188656
5kmN3275E4115,0.07607808899606361
5kmN3275E4120,0.0671686619134548
5kmN3275E4125,0.029618235087713746
5kmN3275E4130,-0.010246588219603697
5kmN3275E4135,-0.030406473272943546
5kmN3275E4140,-0.008917032464563684
5kmN3275E4145,-0.012643563577366373
5kmN3275E4150,-0.014983455069802892
5kmN3275E4155,-0.01973181640191274
5kmN3275E4160,-0.008388338818395125
5kmN3275E4165,0.005688686596840076
5kmN3275E4170,-0.010972764124386747
5kmN3275E4175,-0.02230550689609273
5kmN3275E4180,-0.028414986980572488
5kmN3275E4185,-0.06381834738003181
5kmN3275E4190,-0.20455065589636734
5kmN3275E4195,-0.2184566031382702
5kmN3275E4200,-0.2024391168849639
5kmN3275E4205,-0.019333285205877904
5kmN3275E4210,0.04521326742194559
5kmN3275E4215,0.055162367828477166
5kmN3275E4220,0.05584167495776843
5kmN3275E4225,0.052414920607860904
5kmN3275E4230,0.04894394647137967
5kmN3275E4235,0.04001607923410622
5kmN3275E4240,0.039517156421377264
5kmN3275E4245,0.07371911183496399
5kmN3275E4250,0.07169150767147803
5kmN3275E4255,0.05751038700968647
5kmN3275E4260,0.05202841426173627
5kmN3275E4265,0.05456697797108079
5kmN3275E4270,0.06514273137786153
5kmN3275E4275,0.08818590583065411
5kmN3275E4280,0.09222779455431662
5kmN3275E4285,0.07904021330435951
5kmN3275E4290,0.08071244502161531
5kmN3275E4295,0.04537118606834356
5kmN3275E4300,0.058309063591227006
5kmN3275E4305,0.05718615443454467
5kmN3275E4315,0.044659280126875256
5kmN3275E4320,0.02360193643506253
5kmN3275E4325,0.03233881840902891
5kmN3275E4330,0.043228011422321466
5kmN3275E4335,0.04079449617013009
5kmN3275E4340,0.04923900035920187
5kmN3275E4345,0.017825870144802303
5kmN3275E4350,-0.04233023761850152
5kmN3275E4355,-0.04470032663104534
5kmN3275E4360,-0.03951954120703005
5kmN3275E4365,-0.03359612377336468
5kmN3275E4370,-0.03832873088678723
5kmN3275E4375,-0.031529407017689304
5kmN3275E4380,-0.04812265318069209
5kmN3275E4385,-0.06878275475980228
5kmN3275E4390,-0.07662838270240746
5kmN3275E4395,-0.06582024975836964
5kmN3275E4400,-0.05653425773714049
5kmN3275E4405,-0.047909537038443584
5kmN3275E4410,-0.023993949599795728
5kmN3275E4415,-0.02065339481836992
5kmN3275E4420,-0.013906257808598887
5kmN3275E4425,-0.0015079059736603506
5kmN3275E4430,-0.013484835258687267
5kmN3275E4435,-0.003085422134078142
5kmN3275E4440,-0.00027922312084971423
5kmN3275E4445,-0.018294610413689516
5kmN3275E4450,0.006474019199899095
5kmN3275E4455,0.010442155347979543
5kmN3275E4460,0.03133318190250878
5kmN3275E4465,-0.0020484203232741804
5kmN3275E4470,-0.0837092431209856
5kmN3275E4475,-0.10196444387347908
5kmN3275E4480,-0.08694844943949259
5kmN3275E4485,-0.06414314409865779
5kmN3275E4490,-0.05306253208035561
5kmN3275E4495,-0.06448607003173318
5kmN3275E4500,-0.0666072766951113
5kmN3275E4505,-0.06484249000953612
5kmN3275E4510,-0.06729911885163581
5kmN3275E4515,-0.07951583131121276
5kmN3275E4520,-0.0910822484103081
5kmN3275E4570,-0.0977744080561479
5kmN3275E4575,-0.08809382166264196
5kmN3275E4580,-0.07757415914811511
5kmN3275E4585,-0.06674593107194432
5kmN3275E4590,-0.051935105840828055
5kmN3275E4595,-0.04914874222430432
5kmN3275E4600,-0.053725637325335585
5kmN3275E4605,-0.05328268734530667
5kmN3275E4610,-0.04453456228253516
5kmN3275E4615,-0.06500258069279274
5kmN3275E4620,-0.06466166912032029
5kmN3275E4625,-0.05942933059854133
5kmN3275E4630,-0.052364941113595465
5kmN3275E4635,-0.044499836932944625
5kmN3280E4095,0.08677715681495868
5kmN3280E4100,0.07356669343637365
5kmN3280E4105,0.06334452690966894
5kmN3280E4110,0.07622478315356576
5kmN3280E4115,0.054182837981546744
5kmN3280E4120,0.018421515962656287
5kmN3280E4125,0.003947593927398657
5kmN3280E4130,-0.001204179534333022
5kmN3280E4135,-0.00986488039150682
5kmN3280E4140,-0.008993497504383302
5kmN3280E4145,-0.007884931367501596
5kmN3280E4150,-0.0156197966654755
5kmN3280E4155,-0.013128134056041657
5kmN3280E4160,-0.0032733383849700703
5kmN3280E4165,-0.0003276289950401856
5kmN3280E4170,0.0019199511213854326
5kmN3280E4175,-0.01124534053938342
5kmN3280E4180,-0.02608689247958712
5kmN3280E4185,-0.03825289792842562
5kmN3280E4190,-0.1907093035022686
5kmN3280E4195,-0.21057391164951295
5kmN3280E4200,-0.20155959197844237
5kmN3280E4205,0.024373703622337484
5kmN3280E4210,0.0507452902924887
5kmN3280E4215,0.04859395468872546
5kmN3280E4220,0.05706119422613126
5kmN3280E4225,0.0582706698462796
5kmN3280E4230,0.04888789675408267
5kmN3280E4235,0.04267881406270946
5kmN3280E4240,0.04230099558760608
5kmN3280E4245,0.05042579069439124
5kmN3280E4250,0.05777088918335216
5kmN3280E4255,0.07692030902807828
5kmN3280E4260,0.057845073622736
5kmN3280E4265,0.04271193322949263
5kmN3280E4270,0.06953442262766502
5kmN3280E4275,0.06420378867074522
5kmN3280E4280,0.07432687660212661
5kmN3280E4285,0.05167120404123682
5kmN3280E4290,0.0658711861193994
5kmN3280E4295,-0.0024859244904107958
5kmN3280E4300,0.008207256757636339
5kmN3280E4305,0.029260038193559323
5kmN3280E4310,0.030686671195787996
5kmN3280E4315,0.03369284467011818
5kmN3280E4320,0.03567590351054001
5kmN3280E4325,0.02513528241091212
5kmN3280E4330,0.05138094778049074
5kmN3280E4335,0.04096784007826665
5kmN3280E4340,0.04405913606910222
5kmN3280E4345,0.0072699977059190735
5kmN3280E4350,-0.04229801828744423
5kmN3280E4355,-0.03367874714924035
5kmN3280E4360,-0.027941466700244277
5kmN3280E4365,-0.030633618697287146
5kmN3280E4370,-0.03098852297190058
5kmN3280E4375,-0.02627957644802431
5kmN3280E4380,-0.056323671741428105
5kmN3280E4385,-0.0744316894557171
5kmN3280E4390,-0.0636185563198618
5kmN3280E4395,-0.06665435625025196
5kmN3280E4400,-0.04198524286914307
5kmN3280E4405,-0.04536388545084835
5kmN3280E4410,-0.02652420016902346
5kmN3280E4415,-0.021284017835878855
5kmN3280E4420,-0.032810610336260426
5kmN3280E4425,-0.025466958990958966
5kmN3280E4430,-0.011502486300403847
5kmN3280E4435,-0.011475598942541354
5kmN3280E4440,-0.00731453315363384
5kmN3280E4445,-0.0029889626619524767
5kmN3280E4450,0.007850157314788997
5kmN3280E4455,0.012680803558285603
5kmN3280E4460,0.026244407390231594
5kmN3280E4465,0.023355554323255978
5kmN3280E4475,-0.08526520432332652
5kmN3280E4480,-0.07074999747682204
5kmN3280E4485,-0.0701095596325057
5kmN3280E4490,-0.06806140346529083
5kmN3280E4495,-0.06830644622951648
5kmN3280E4500,-0.06973088259910787
5kmN3280E4505,-0.052339341412653895
5kmN3280E4510,-0.0645384777331075
5kmN3280E4515,-0.07800562228766095
5kmN3280E4520,-0.08219882388555122
5kmN3280E4525,-0.08182405674876991
5kmN3280E4530,-0.0851116745892822
5kmN3280E4570,-0.0955368784017051
5kmN3280E4575,-0.07941491828733338
5kmN3280E4580,-0.0966361148186724
5kmN3280E4585,-0.07665175561230303
5kmN3280E4590,-0.06665029882425533
5kmN3280E4595,-0.07543705104186732
5kmN3280E4600,-0.058051231319617425
5kmN3280E4605,-0.06176335294176111
5kmN3280E4610,-0.060884242199937155
5kmN3280E4615,-0.06394879860229696
5kmN3280E4620,-0.06936264701035877
5kmN3280E4625,-0.06663252433417194
5kmN3280E4630,-0.05353203249148236
5kmN3285E4095,0.07227976605975595
5kmN3285E4100,0.061951545163333926
5kmN3285E4105,0.06853838258373024
5kmN3285E4110,0.07264009453404732
5kmN3285E4115,0.07052469059039837
5kmN3285E4120,0.004813542862026732
5kmN3285E4125,-0.009667007067949013
5kmN3285E4130,-0.012268709140424217
5kmN3285E4135,-0.022649679269290235
5kmN3285E4140,-0.004387340976130805
5kmN3285E4145,-0.008227825838794195
5kmN3285E4150,-0.014740444721209278
5kmN3285E4155,-0.027043950994501242
5kmN3285E4160,-0.008013437297526599
5kmN3285E4165,-0.03083967320892006
5kmN3285E4170,-0.017302868568232377
5kmN3285E4175,-0.018038464040669888
5kmN3285E4180,-0.06457671962351313
5kmN3285E4185,-0.11194987255712197
5kmN3285E4190,-0.2146735332442492
5kmN3285E4195,-0.2080244439368083
5kmN3285E4200,-0.2173660779863102
5kmN3285E4205,-0.07169064425071386
5kmN3285E4210,0.05537441545528382
5kmN3285E4215,0.044340642989043444
5kmN3285E4220,0.04512560703089208
5kmN3285E4225,0.053747992906729825
5kmN3285E4230,0.05069145474257525
5kmN3285E4235,0.04564071900733879
5kmN3285E4240,0.027425452993859956
5kmN3285E4245,0.035299048011513956
5kmN3285E4250,0.041006540275636605
5kmN3285E4255,0.06948253604169569
5kmN3285E4260,0.06776182955709048
5kmN3285E4265,0.04961590272988131
5kmN3285E4270,0.06242361251561207
5kmN3285E4275,0.0679458039618458
5kmN3285E4280,0.07097718017287358
5kmN3285E4285,0.022456427923896405
5kmN3285E4290,-0.0014888230006284142
5kmN3285E4295,-0.007830479820470027
5kmN3285E4300,0.01866972737543704
5kmN3285E4305,0.031645957972383065
5kmN3285E4310,0.041764134292284705
5kmN3285E4315,0.04332339211840913
5kmN3285E4320,0.052362943474558554
5kmN3285E4325,0.045844936614207965
5kmN3285E4330,0.04692715137730136
5kmN3285E4335,0.04502004399531123
5kmN3285E4340,0.0484317274186834
5kmN3285E4345,-0.007084540475530865
5kmN3285E4350,-0.0378154726015989
5kmN3285E4355,-0.0338529686078643
5kmN3285E4360,-0.027960242315321626
5kmN3285E4365,-0.03411536267483162
5kmN3285E4370,-0.020594711360279516
5kmN3285E4375,-0.042772836371691936
5kmN3285E4380,-0.07995051763037431
5kmN3285E4385,-0.07098838308813604
5kmN3285E4390,-0.0645619162436405
5kmN3285E4395,-0.06079326607763014
5kmN3285E4400,-0.04048923810171334
5kmN3285E4405,-0.0324584962250436
5kmN3285E4410,-0.020314728905123758
5kmN3285E4415,-0.010188661737276838
5kmN3285E4420,-0.009143686786545202
5kmN3285E4425,-0.0175647834425946
5kmN3285E4430,-0.009740531690486609
5kmN3285E4435,0.005648240850671504
5kmN3285E4440,0.007907650845506042
5kmN3285E4445,0.01542431277954548
5kmN3285E4450,0.005945590399811351
5kmN3285E4455,0.02628232471688452
5kmN3285E4460,0.027568177270320016
5kmN3285E4465,0.05124168354388403
5kmN3285E4470,-0.0182519571536105
5kmN3285E4475,-0.06399824164633394
5kmN3285E4480,-0.08117551695676584
5kmN3285E4485,-0.06094136153656127
5kmN3285E4490,-0.05792567585917191
5kmN3285E4495,-0.06353216808869683
5kmN3285E4500,-0.06976957782923265
5kmN3285E4505,-0.06402780056292628
5kmN3285E4510,-0.0597519044209745
5kmN3285E4515,-0.06491675802032243
5kmN3285E4520,-0.07405510139103955
5kmN3285E4525,-0.0791737685527879
5kmN3285E4530,-0.0121955148109128
5kmN3285E4570,-0.11283322732271894
5kmN3285E4575,-0.09875876513250725
5kmN3285E4580,-0.0700663880349282
5kmN3285E4585,-0.05782946185337834
5kmN3285E4590,-0.07167445510046261
5kmN3285E4595,-0.0707732422343722
5kmN3285E4600,-0.07196823707981836
5kmN3285E4605,-0.09201212243112694
5kmN3285E4610,-0.07824012666084634
5kmN3285E4615,-0.0769853946633473
5kmN3285E4620,-0.06951015237306374
5kmN3285E4625,-0.06301670196902559
5kmN3285E4630,-0.06360012936877818
5kmN3290E4120,-0.007613821165683987
5kmN3290E4125,-0.00906220393755941
5kmN3290E4130,-0.014929995290532377
5kmN3290E4135,-0.023571280087574975
5kmN3290E4140,-0.005889328752050449
5kmN3290E4145,-0.005991321933147581
5kmN3290E4150,-0.016020928517336414
5kmN3290E4155,-0.013983487226811225
5kmN3290E4160,-0.054374877420889034
5kmN3290E4165,-0.10205318648548906
5kmN3290E4170,-0.09111956376929709
5kmN3290E4175,-0.08733924573856294
5kmN3290E4180,-0.12083303379156779
5kmN3290E4185,-0.11836111650839035
5kmN3290E4190,-0.20091732669594375
5kmN3290E4195,-0.2120052462804286
5kmN3290E4200,-0.22184475790148883
5kmN3290E4205,-0.20192037385963046
5kmN3290E4210,-0.15994849210731105
5kmN3290E4215,-0.03173457346636416
5kmN3290E4220,0.03912121621213338
5kmN3290E4225,0.048845834341169736
5kmN3290E4230,0.05474018785144119
5kmN3290E4235,0.04929156765158882
5kmN3290E4240,0.035096236887926735
5kmN3290E4245,0.04283084169326501
5kmN3290E4250,0.03945881958531555
5kmN3290E4255,0.057968398423155876
5kmN3290E4260,0.06387901790717176
5kmN3290E4265,0.05040854823136759
5kmN3290E4270,0.053948623084561165
5kmN3290E4275,0.033365857417479716
5kmN3290E4280,0.017999616594164936
5kmN3290E4285,0.008822888309331811
5kmN3290E4290,0.002207501084585617
5kmN3290E4295,-0.012770570726269304
5kmN3290E4300,0.005808998179276381
5kmN3290E4305,0.024132239745307427
5kmN3290E4310,0.03906967481154561
5kmN3290E4315,0.04934930260962228
5kmN3290E4320,0.06419094403469294
5kmN3290E4325,0.06786918058205721
5kmN3290E4330,0.05377991669706472
5kmN3290E4335,0.04957235215415606
5kmN3290E4340,0.06075134960778478
5kmN3290E4345,0.000718967487307598
5kmN3290E4350,-0.034962253016374234
5kmN3290E4355,-0.040083637102303726
5kmN3290E4360,-0.03839250230699298
5kmN3290E4365,-0.04122771939251424
5kmN3290E4370,-0.04183831245316849
5kmN3290E4375,-0.08314548684677292
5kmN3290E4380,-0.06507490554844442
5kmN3290E4385,-0.05662924693596472
5kmN3290E4390,-0.048965327237498024
5kmN3290E4395,-0.04724113512568684
5kmN3290E4400,-0.03580837104798462
5kmN3290E4405,-0.03651417858186978
5kmN3290E4410,-0.013048948424775553
5kmN3290E4415,-0.0017061574863866946
5kmN3290E4420,-0.004147612742747997
5kmN3290E4425,-0.012431596849532878
5kmN3290E4430,-0.002781405334550957
5kmN3290E4435,0.004331453354292636
5kmN3290E4440,0.00778585196651882
5kmN3290E4445,0.016108582571744967
5kmN3290E4450,0.01805631005614894
5kmN3290E4455,0.020852648101581606
5kmN3290E4460,0.03279175267176415
5kmN3290E4465,0.05603085682841036
5kmN3290E4470,-0.06424647650042759
5kmN3290E4475,-0.07290404856647886
5kmN3290E4480,-0.06252970178658962
5kmN3290E4485,-0.0494464096593647
5kmN3290E4490,-0.06886734961073931
5kmN3290E4495,-0.06901202944945495
5kmN3290E4500,-0.06581392042178524
5kmN3290E4505,-0.023036934957984423
5kmN3290E4510,-0.02115982697367247
5kmN3290E4515,-0.05786674878973763
5kmN3290E4520,-0.043115491469744915
5kmN3290E4525,-7.645161920077914e-05
5kmN3290E4530,-0.01982576756888249
5kmN3290E4535,-0.029220618081772343
5kmN3290E4570,-0.10425596327468661
5kmN3290E4575,-0.09568529211373089
5kmN3290E4580,-0.07618173876362866
5kmN3290E4585,-0.06526887904046608
5kmN3290E4590,-0.07380769545727695
5kmN3290E4595,-0.07993453375290549
5kmN3290E4600,-0.08117375075462963
5kmN3290E4605,-0.08196395201779372
5kmN3290E4610,-0.08445559415993303
5kmN3290E4615,-0.07574991364118328
5kmN3290E4620,-0.05999945939489315
5kmN3295E4120,-0.007552050952887357
5kmN3295E4125,-0.0050254449325026485
5kmN3295E4130,-0.01375237948629629
5kmN3295E4135,-0.018846664106345667
5kmN3295E4140,-0.007668549876908959
5kmN3295E4145,-0.012525315787732055
5kmN3295E4150,-0.006057261622638199
5kmN3295E4155,-0.006779528552946945
5kmN3295E4160,-0.01953855329064355
5kmN3295E4165,-0.06829702372972282
5kmN3295E4170,-0.08714891814737397
5kmN3295E4175,-0.102646488802564
5kmN3295E4180,-0.11419930362641428
5kmN3295E4185,-0.1114832435126695
5kmN3295E4190,-0.13909130307997364
5kmN3295E4195,-0.1577696706236396
5kmN3295E4200,-0.20507930638142463
5kmN3295E4205,-0.20511290784842
5kmN3295E4210,-0.2053652369088021
5kmN3295E4215,-0.05530538706319016
5kmN3295E4220,0.04321492395397647
5kmN3295E4225,0.0329445260669341
5kmN3295E4230,0.05123510670263076
5kmN3295E4235,0.036472755715238225
5kmN3295E4240,0.03624414059430214
5kmN3295E4245,0.03629872760274733
5kmN3295E4250,0.02893461502756084
5kmN3295E4255,0.05635177486737952
5kmN3295E4260,0.05590445820773415
5kmN3295E4265,0.0472604690824453
5kmN3295E4270,0.0617841210006313
5kmN3295E4275,0.03246215695156246
5kmN3295E4280,0.011826204044907807
5kmN3295E4285,0.018307337201991403
5kmN3295E4290,0.007041447162533021
5kmN3295E4295,-0.0017173288055711833
5kmN3295E4300,0.00217234408889444
5kmN3295E4310,0.04555367114046249
5kmN3295E4315,0.03674176586078898
5kmN3295E4320,0.05286755640850038
5kmN3295E4325,0.05289328861633008
5kmN3295E4330,0.061142093224192395
5kmN3295E4340,0.05933256400676973
5kmN3295E4345,0.03987979443996659
5kmN3295E4350,-0.027099035719621828
5kmN3295E4355,-0.03450964969539638
5kmN3295E4360,0.03488612702693333
5kmN3295E4365,0.04538272353262662
5kmN3295E4370,-0.03524870267140323
5kmN3295E4375,-0.07082546268813517
5kmN3295E4380,-0.06686857223527709
5kmN3295E4385,-0.05433531182730156
5kmN3295E4390,-0.062456089874998066
5kmN3295E4395,-0.039318271077208755
5kmN3295E4400,-0.0333140681673566
5kmN3295E4405,-0.03233195911153708
5kmN3295E4410,-0.01280542759115344
5kmN3295E4415,0.0052976755199689585
5kmN3295E4420,0.005460923531978801
5kmN3295E4425,-0.0012242967461034704
5kmN3295E4430,0.005096332428873751
5kmN3295E4435,0.0022591300694840832
5kmN3295E4440,0.01975050271147505
5kmN3295E4445,0.026002078409487872
5kmN3295E4450,0.027082401356742447
5kmN3295E4455,0.029363274244989745
5kmN3295E4460,0.044038136141735684
5kmN3295E4465,0.04745584521539248
5kmN3295E4470,-0.0663356554615061
5kmN3295E4475,-0.06551133531422693
5kmN3295E4480,-0.032245939218215336
5kmN3295E4485,-0.014620735977818267
5kmN3295E4490,-0.022803416780497354
5kmN3295E4495,-0.06307714060343289
5kmN3295E4500,-0.047796260790926304
5kmN3295E4505,0.0013284535435292288
5kmN3295E4510,-0.014787991774531384
5kmN3295E4515,0.007718083285401356
5kmN3295E4520,0.006284271596080804
5kmN3295E4525,-0.009889216589484606
5kmN3295E4565,-0.10343272541139031
5kmN3295E4570,-0.09906879731439011
5kmN3295E4575,-0.09319595153566418
5kmN3295E4580,-0.08372589923783219
5kmN3295E4585,-0.07226879268613301
5kmN3295E4590,-0.07140798926917008
5kmN3295E4595,-0.08648401812478768
5kmN3295E4600,-0.09572896585680396
5kmN3295E4605,-0.08990143546567203
5kmN3295E4610,-0.0829479318341585
5kmN3295E4615,-0.07023140319797089
5kmN3300E4120,0.00016515225876403972
5kmN3300E4125,-0.016752711927132707
5kmN3300E4130,-0.013024215858977867
5kmN3300E4135,-0.0164575771838609
5kmN3300E4140,-0.0003055296753757264
5kmN3300E4145,-0.00012451796384158054
5kmN3300E4150,0.0032419865054267583
5kmN3300E4155,-0.0109531955462156
5kmN3300E4160,0.003984496839716606
5kmN3300E4165,-0.06917185158377592
5kmN3300E4170,-0.08279046358067171
5kmN3300E4175,-0.09519838957151555
5kmN3300E4180,-0.10372009800280413
5kmN3300E4185,-0.12290575298568895
5kmN3300E4190,-0.12690989659903468
5kmN3300E4195,-0.12656783643588576
5kmN3300E4200,-0.17553998939961474
5kmN3300E4205,-0.20872839249115943
5kmN3300E4210,-0.1658548538637758
5kmN3300E4215,0.003274942939558656
5kmN3300E4220,0.06805797548189157
5kmN3300E4225,0.05346068136393478
5kmN3300E4230,0.05266806858268469
5kmN3300E4235,0.04798527239213651
5kmN3300E4240,0.031586600944724874
5kmN3300E4245,0.034141385508255906
5kmN3300E4250,0.028094576877769173
5kmN3300E4255,0.04971168927530978
5kmN3300E4260,0.05282810332560006
5kmN3300E4265,0.059753768248626715
5kmN3300E4270,0.08143486275196327
5kmN3300E4275,0.060617856982111806
5kmN3300E4280,0.007111342760910133
5kmN3300E4285,0.0108422197829533
5kmN3300E4290,0.010458017174124368
5kmN3300E4295,0.008922534750992694
5kmN3300E4300,0.010050941920176582
5kmN3300E4310,0.042552669019983225
5kmN3300E4315,0.047460558503064465
5kmN3300E4320,0.05241600066716989
5kmN3300E4325,0.04726746249343444
5kmN3300E4330,0.05797544456403225
5kmN3300E4335,0.06651120457822579
5kmN3300E4340,0.06512865432997161
5kmN3300E4345,0.09616448566286678
5kmN3300E4350,0.08297497879562393
5kmN3300E4355,0.03376113234339312
5kmN3300E4360,0.08376872193530382
5kmN3300E4365,0.09219001535547466
5kmN3300E4370,0.024688525102446457
5kmN3300E4375,-0.06958404459660295
5kmN3300E4380,-0.06423461336091141
5kmN3300E4385,-0.05517472176393845
5kmN3300E4390,-0.04796890674309051
5kmN3300E4395,-0.05063452425962878
5kmN3300E4400,-0.03008774462239383
5kmN3300E4405,-0.01833233031994541
5kmN3300E4410,-0.0022443316483449216
5kmN3300E4415,-0.002308723390501033
5kmN3300E4420,0.003165280205368881
5kmN3300E4425,0.005762519608073835
5kmN3300E4430,0.012421565827296033
5kmN3300E4435,0.024085923551416477
5kmN3300E4440,0.02658169990273629
5kmN3300E4445,0.027884754526253275
5kmN3300E4450,0.022693955627027695
5kmN3300E4455,0.03588110422086832
5kmN3300E4460,0.04337234022504477
5kmN3300E4465,0.05717151253215125
5kmN3300E4470,0.027555981685129904
5kmN3300E4475,-0.007877257208625144
5kmN3300E4480,-0.009911849093794
5kmN3300E4485,0.003472954815268381
5kmN3300E4490,0.003875848526756265
5kmN3300E4495,-0.018146861167262107
5kmN3300E4500,0.00012287828266605016
5kmN3300E4505,-0.012345794658839948
5kmN3300E4510,0.006563957639499962
5kmN3300E4515,0.008239932627117197
5kmN3300E4520,0.01977648479487948
5kmN3300E4525,0.009271153784592256
5kmN3300E4530,0.007481536603720196
5kmN3300E4565,-0.10152219893873482
5kmN3300E4570,-0.09530388908649501
5kmN3300E4575,-0.09429894257300664
5kmN3300E4580,-0.09282649431829909
5kmN3300E4585,-0.08061828445590802
5kmN3300E4590,-0.0785257330399583
5kmN3300E4595,-0.09083267802372758
5kmN3300E4600,-0.1000797086307989
5kmN3300E4605,-0.08391334977571824
5kmN3300E4610,-0.07515689060974923
5kmN3305E4120,0.002291276656475466
5kmN3305E4125,-0.023980865424803544
5kmN3305E4130,-0.007602961983613626
5kmN3305E4135,-0.00045290295372291123
5kmN3305E4140,-0.01387263188644805
5kmN3305E4150,-0.017280598057492796
5kmN3305E4155,-0.0006468345149491239
5kmN3305E4160,-0.02588157877020658
5kmN3305E4165,-0.03128120719216812
5kmN3305E4170,-0.07931658571692687
5kmN3305E4175,-0.0917416255494714
5kmN3305E4180,-0.11627446074203573
5kmN3305E4185,-0.12741465928470858
5kmN3305E4190,-0.12264278533623191
5kmN3305E4195,-0.12772009208305768
5kmN3305E4200,-0.08443560669768019
5kmN3305E4205,-0.12541611333909058
5kmN3305E4210,0.04394592283491511
5kmN3305E4215,0.0873427385345299
5kmN3305E4220,0.08694166529541147
5kmN3305E4225,0.0817447400680344
5kmN3305E4230,0.04517927503512609
5kmN3305E4235,0.03542810555754555
5kmN3305E4240,0.03830178357666736
5kmN3305E4245,0.03659232420707337
5kmN3305E4250,0.026469167116835834
5kmN3305E4255,0.021543259531644765
5kmN3305E4260,0.05591252976385569
5kmN3305E4265,0.06954378121549892
5kmN3305E4270,0.08128187147882149
5kmN3305E4275,0.08983795106503994
5kmN3305E4280,0.031270829247399545
5kmN3305E4285,0.01763701882339408
5kmN3305E4290,0.0009530163845026807
5kmN3305E4295,0.004649942023037923
5kmN3305E4300,0.010386901009480198
5kmN3305E4305,0.026442885292803864
5kmN3305E4310,0.045469478999436264
5kmN3305E4315,0.05517214985665331
5kmN3305E4320,0.041839841013079526
5kmN3305E4325,0.052244285202432295
5kmN3305E4330,0.05574416808961086
5kmN3305E4335,0.06808759051942909
5kmN3305E4340,0.0995590923011534
5kmN3305E4345,0.1024942506311296
5kmN3305E4350,0.0999081188375241
5kmN3305E4355,0.0978539544383939
5kmN3305E4360,0.08942340297602869
5kmN3305E4365,0.09870652112718475
5kmN3305E4370,0.09681751004420136
5kmN3305E4375,0.06941581087858295
5kmN3305E4380,0.05249654273607529
5kmN3305E4385,-0.021298344349200304
5kmN3305E4390,-0.03996795479024351
5kmN3305E4395,-0.049460953767169524
5kmN3305E4400,-0.013640940199513563
5kmN3305E4405,0.021753166066704743
5kmN3305E4410,0.007529366108660729
5kmN3305E4415,0.002566245384942989
5kmN3305E4420,0.008354134450659023
5kmN3305E4425,0.03129809808796574
5kmN3305E4430,0.02518135711042535
5kmN3305E4435,0.025784360689131258
5kmN3305E4440,0.02683447527067695
5kmN3305E4445,0.03326782023446262
5kmN3305E4450,0.04055334088273277
5kmN3305E4455,0.04406520121397506
5kmN3305E4460,0.03539510359170395
5kmN3305E4465,0.03960247395136174
5kmN3305E4470,0.020065887446687303
5kmN3305E4475,0.006637296992605901
5kmN3305E4480,0.010353544331848652
5kmN3305E4485,-0.0026838895735766255
5kmN3305E4490,-0.0019380889766550946
5kmN3305E4495,-0.0036643262637843788
5kmN3305E4500,-0.002895952662198442
5kmN3305E4505,-0.008696720868662078
5kmN3305E4510,-0.017186454355250236
5kmN3305E4515,-0.01253228253343075
5kmN3305E4520,0.004698431678393955
5kmN3305E4525,0.0075115893798797795
5kmN3305E4530,0.00994405805755949
5kmN3305E4535,0.009064843130300038
5kmN3305E4540,0.0022869793610442724
5kmN3305E4545,-0.004294706847911556
5kmN3305E4550,0.0014465891993573066
5kmN3305E4560,-0.10203150384833881
5kmN3305E4565,-0.10939344396661138
5kmN3305E4570,-0.118190965215974
5kmN3305E4575,-0.10711119863948904
5kmN3305E4580,-0.09417392570005506
5kmN3305E4585,-0.07743669250247082
5kmN3305E4590,-0.09500215063457912
5kmN3305E4595,-0.09183480633958657
5kmN3305E4600,-0.08651705372889845
5kmN3305E4605,-0.07603650593701172
5kmN3310E4125,-0.006934468477130501
5kmN3310E4130,-0.02357608355510571
5kmN3310E4135,-0.006580785296958519
5kmN3310E4140,-0.023053772201301947
5kmN3310E4145,-0.015811299410124574
5kmN3310E4150,-0.003167641519108283
5kmN3310E4155,0.0008894775753360007
5kmN3310E4160,-0.011225639289105305
5kmN3310E4165,-0.018740585155357536
5kmN3310E4170,-0.03835001520242132
5kmN3310E4175,-0.09500361488170392
5kmN3310E4180,-0.09560108250590632
5kmN3310E4185,-0.11320379964141047
5kmN3310E4190,-0.1153797633641731
5kmN3310E4195,0.0008599151629402613
5kmN3310E4200,0.10584901628923932
5kmN3310E4205,0.10587336972258504
5kmN3310E4210,0.0923543975961712
5kmN3310E4215,0.08668933436502468
5kmN3310E4220,0.09265026198113407
5kmN3310E4225,0.08211464793280104
5kmN3310E4230,0.058560328100790315
5kmN3310E4235,0.04469563685382022
5kmN3310E4240,0.019493920811949672
5kmN3310E4245,0.04521732193953831
5kmN3310E4250,0.066551957908135
5kmN3310E4255,0.05042307332499002
5kmN3310E4260,0.07295063222766063
5kmN3310E4265,0.0662369815839392
5kmN3310E4270,0.07494770969674602
5kmN3310E4275,0.08928819897842932
5kmN3310E4280,0.0776484957872246
5kmN3310E4285,0.02444190303514926
5kmN3310E4290,0.027995074450146318
5kmN3310E4295,0.0046505712111795106
5kmN3310E4300,0.026411036935389043
5kmN3310E4305,0.027696677065200792
5kmN3310E4310,0.021528491821343587
5kmN3310E4315,0.025578983013736623
5kmN3310E4320,0.02722992336978347
5kmN3310E4325,0.03702981845899733
5kmN3310E4330,0.03785717333082056
5kmN3310E4340,0.0959889237854824
5kmN3310E4345,0.10663641018109399
5kmN3310E4350,0.09651922523285816
5kmN3310E4355,0.09019662634191294
5kmN3310E4360,0.08548814643254676
5kmN3310E4365,0.09400435144947195
5kmN3310E4370,0.09896238025779441
5kmN3310E4375,0.07424579283651395
5kmN3310E4380,0.06825971131336261
5kmN3310E4385,0.06360219414928009
5kmN3310E4390,0.041865440294487466
5kmN3310E4395,0.07239804653907178
5kmN3310E4400,0.08910020070536057
5kmN3310E4405,0.11116688002382041
5kmN3310E4410,0.11687223766700622
5kmN3310E4415,0.05581884164907658
5kmN3310E4420,0.015567735213739775
5kmN3310E4425,0.03792313160309313
5kmN3310E4430,0.03293478688545992
5kmN3310E4435,0.026616135754930492
5kmN3310E4440,0.052337323391689394
5kmN3310E4445,0.10367852190291094
5kmN3310E4450,0.14100087021984864
5kmN3310E4455,0.14302381782643087
5kmN3310E4460,0.13993564021392607
5kmN3310E4465,0.09015746057505541
5kmN3310E4470,0.030274101237772133
5kmN3310E4475,0.004532351205150775
5kmN3310E4480,-0.0061214073651201795
5kmN3310E4485,-0.010221870380255405
5kmN3310E4490,-0.0033798327187055666
5kmN3310E4495,-0.006809252758164797
5kmN3310E4500,-0.020889385703814878
5kmN3310E4505,-0.04199139738857005
5kmN3310E4510,-0.046346277080158926
5kmN3310E4515,-0.011191109469594673
5kmN3310E4520,-0.005573028525982626
5kmN3310E4525,0.0022151160409115134
5kmN3310E4530,0.003426035082004175
5kmN3310E4535,-0.014271411810018064
5kmN3310E4540,-0.0020082548828158076
5kmN3310E4545,-0.01253129169315853
5kmN3310E4550,-0.009094041876161363
5kmN3310E4560,-0.08194265228935121
5kmN3310E4565,-0.10310874895525052
5kmN3310E4570,-0.12057630608342912
5kmN3310E4575,-0.11813985884804762
5kmN3310E4580,-0.08850328167395327
5kmN3310E4585,-0.07908061003520639
5kmN3310E4590,-0.09546558556803725
5kmN3310E4595,-0.09620909431168911
5kmN3310E4600,-0.07898738842487685
5kmN3315E4130,-0.021147075136639215
5kmN3315E4135,-0.007889600656750123
5kmN3315E4140,-0.011320567732770681
5kmN3315E4145,-0.02029880601982803
5kmN3315E4150,-0.014939584912105175
5kmN3315E4155,-0.014327760932420774
5kmN3315E4160,-0.020403784836916794
5kmN3315E4165,-0.024058840981484336
5kmN3315E4170,-0.07804145042964403
5kmN3315E4175,-0.0977871358146365
5kmN3315E4180,-0.10029219301498604
5kmN3315E4185,-0.12155715970863851
5kmN3315E4190,-0.10641061028560594
5kmN3315E4195,0.10665130238021969
5kmN3315E4200,0.1031348500950246
5kmN3315E4205,0.10767143988667405
5kmN3315E4210,0.09241015825280802
5kmN3315E4215,0.08855448877055067
5kmN3315E4220,0.09093731252533305
5kmN3315E4225,0.09033101378497854
5kmN3315E4230,0.05752187893308719
5kmN3315E4235,0.03715144894483913
5kmN3315E4240,0.028050297412037184
5kmN3315E4245,0.05451688518269393
5kmN3315E4250,0.0800327517756409
5kmN3315E4255,0.07715148982426995
5kmN3315E4260,0.08241560855415248
5kmN3315E4265,0.07810483461566509
5kmN3315E4270,0.08600135547152105
5kmN3315E4275,0.08646601055540126
5kmN3315E4280,0.08790217112313004
5kmN3315E4285,0.04241096780151443
5kmN3315E4290,0.0281692410361023
5kmN3315E4295,0.03136654067582767
5kmN3315E4300,0.02234081724575926
5kmN3315E4305,0.02329657867372109
5kmN3315E4310,0.01948477058862036
5kmN3315E4315,0.03718563546747716
5kmN3315E4320,0.03204625600292016
5kmN3315E4325,0.024166018552638946
5kmN3315E4330,0.032637282600434914
5kmN3315E4335,0.08727933624970485
5kmN3315E4340,0.10208411443944293
5kmN3315E4345,0.10116944558275481
5kmN3315E4350,0.10733089642311766
5kmN3315E4355,0.08185182262120522
5kmN3315E4360,0.08917782995896611
5kmN3315E4365,0.09630264700945196
5kmN3315E4370,0.10428121354964848
5kmN3315E4375,0.09675356117460415
5kmN3315E4380,0.07490075725134687
5kmN3315E4385,0.0872657990563595
5kmN3315E4390,0.09491854047935627
5kmN3315E4395,0.08892982298735069
5kmN3315E4400,0.09804700830293606
5kmN3315E4405,0.10760396273665168
5kmN3315E4410,0.12437857918884276
5kmN3315E4415,0.13403090288653097
5kmN3315E4420,0.053215550264916645
5kmN3315E4425,0.03200884771920842
5kmN3315E4430,0.038318958075233
5kmN3315E4435,0.04522118969538924
5kmN3315E4440,0.08863315480299272
5kmN3315E4445,0.1651920301142497
5kmN3315E4450,0.15325629757385956
5kmN3315E4455,0.16709989710613288
5kmN3315E4460,0.16830904188226758
5kmN3315E4465,0.16022981281287113
5kmN3315E4470,0.13162979109826056
5kmN3315E4475,0.010405709971735289
5kmN3315E4480,-0.018660086708586376
5kmN3315E4485,-0.0196716447973993
5kmN3315E4490,-0.0071811074990056345
5kmN3315E4495,-0.0047294874162070455
5kmN3315E4500,-0.019623030270470188
5kmN3315E4505,-0.040231255782873454
5kmN3315E4510,-0.05488094921196707
5kmN3315E4515,-0.018911841276524344
5kmN3315E4520,-0.029723578469730227
5kmN3315E4525,-0.005250698350638516
5kmN3315E4530,-0.009873351941405983
5kmN3315E4535,-0.018951449034217138
5kmN3315E4540,-0.005691810616498538
5kmN3315E4545,-0.0068280199591144175
5kmN3315E4550,-0.04550215918739042
5kmN3315E4555,-0.08634158225211164
5kmN3315E4560,-0.0852313432586202
5kmN3315E4565,-0.10601341938575426
5kmN3315E4570,-0.10647124085393905
5kmN3315E4575,-0.10268568013657231
5kmN3315E4580,-0.08449902318687819
5kmN3315E4585,-0.10537670591374887
5kmN3315E4590,-0.0970110471683932
5kmN3315E4595,-0.07752709686325276
5kmN3315E4600,-0.0830296793751068
5kmN3320E4130,-0.01851698619026354
5kmN3320E4135,-0.016637916119070256
5kmN3320E4140,-0.020382045304561835
5kmN3320E4145,-0.023639003720650087
5kmN3320E4150,-0.02309236743594617
5kmN3320E4155,0.0006911548168106185
5kmN3320E4160,-0.013158193806645818
5kmN3320E4165,-0.05694859696900764
5kmN3320E4170,-0.11536831782231566
5kmN3320E4175,-0.10168439376548322
5kmN3320E4180,-0.123698591326939
5kmN3320E4185,-0.1194910650087655
5kmN3320E4190,-0.0883062045360048
5kmN3320E4195,0.10913002926000892
5kmN3320E4200,0.10943870390366439
5kmN3320E4205,0.1072706013421384
5kmN3320E4210,0.10593879287485758
5kmN3320E4215,0.10191640900908927
5kmN3320E4220,0.09664243373169762
5kmN3320E4225,0.021278561621004333
5kmN3320E4230,0.009922606450411986
5kmN3320E4235,0.020101448233915575
5kmN3320E4245,0.03196550842799989
5kmN3320E4250,0.07497185561781755
5kmN3320E4255,0.07510236433035161
5kmN3320E4260,0.08447364770222382
5kmN3320E4265,0.09035002397275388
5kmN3320E4270,0.08752931041473505
5kmN3320E4275,0.04993937123015524
5kmN3320E4280,0.05405607217928532
5kmN3320E4285,0.04387551565400799
5kmN3320E4290,0.044777914235825556
5kmN3320E4295,0.040926323027929756
5kmN3320E4300,0.029248032345913333
5kmN3320E4305,0.03162458575032501
5kmN3320E4310,0.0222424756605184
5kmN3320E4315,0.02288506078792457
5kmN3320E4320,0.03908869613780219
5kmN3320E4325,0.035376967756706956
5kmN3320E4330,0.05886557411251331
5kmN3320E4335,0.10326454022114517
5kmN3320E4340,0.10914934335482901
5kmN3320E4345,0.08999680818546207
5kmN3320E4350,0.0994293911178113
5kmN3320E4355,0.09995009712525765
5kmN3320E4360,0.10188200841678996
5kmN3320E4365,0.11207149278975304
5kmN3320E4370,0.11231005589522047
5kmN3320E4375,0.11518672441656441
5kmN3320E4380,0.0823998462189387
5kmN3320E4385,0.08035544920055276
5kmN3320E4390,0.0950390412103474
5kmN3320E4395,0.0980037242090776
5kmN3320E4400,0.09915148155923265
5kmN3320E4405,0.12109940393338042
5kmN3320E4410,0.13383642930078338
5kmN3320E4415,0.15015376834570437
5kmN3320E4420,0.12431370226055244
5kmN3320E4425,0.05291794319453624
5kmN3320E4430,0.09058738361420349
5kmN3320E4435,0.12796741294516512
5kmN3320E4440,0.1708481046885177
5kmN3320E4445,0.1651325774174518
5kmN3320E4450,0.1665968817992179
5kmN3320E4455,0.16286873960198717
5kmN3320E4460,0.16289108840798716
5kmN3320E4465,0.15990469503085908
5kmN3320E4470,0.15642163507708445
5kmN3320E4475,0.09945978729456134
5kmN3320E4480,-0.000988847112061264
5kmN3320E4485,-0.001910470147743648
5kmN3320E4490,0.0003807258078724618
5kmN3320E4495,-0.00029051377896088804
5kmN3320E4500,-0.010543778726001651
5kmN3320E4505,-0.018210573082492965
5kmN3320E4510,-0.030109075027353716
5kmN3320E4515,-0.04579183782803198
5kmN3320E4520,-0.051304886316231424
5kmN3320E4525,-0.02043630196170859
5kmN3320E4530,-0.00762359819598768
5kmN3320E4535,-0.012520728952103655
5kmN3320E4540,-0.013023268854044368
5kmN3320E4545,-0.0107574573861009
5kmN3320E4550,-0.03809705415158049
5kmN3320E4555,-0.06680446705653859
5kmN3320E4560,-0.07170482665526151
5kmN3320E4565,-0.075227228184649
5kmN3320E4570,-0.10073910691231258
5kmN3320E4575,-0.08880320685551474
5kmN3320E4580,-0.08952836248139895
5kmN3320E4585,-0.10308018721049184
5kmN3320E4590,-0.07541789151760103
5kmN3320E4595,-0.08061608362273259
5kmN3325E4130,-0.002361671860347775
5kmN3325E4135,-0.0013614313527086086
5kmN3325E4140,-0.008993930335147199
5kmN3325E4145,-0.016624468173635054
5kmN3325E4150,-0.013318995773242498
5kmN3325E4155,0.012552521594009658
5kmN3325E4160,-0.025018477424363084
5kmN3325E4165,-0.08915072969649576
5kmN3325E4170,-0.10250940089252203
5kmN3325E4175,-0.11224754152540728
5kmN3325E4180,-0.09813857287898797
5kmN3325E4185,-0.10090960014690414
5kmN3325E4190,0.034157761224673344
5kmN3325E4195,0.11246459112911594
5kmN3325E4200,0.09476384285342426
5kmN3325E4205,0.0975598961918065
5kmN3325E4210,0.09600627004667117
5kmN3325E4215,0.09402080564456766
5kmN3325E4220,0.07936740022573324
5kmN3325E4225,-0.040977711443230036
5kmN3325E4255,0.07517403180561488
5kmN3325E4260,0.09864689889506445
5kmN3325E4265,0.06473993758712049
5kmN3325E4270,0.033363766026653974
5kmN3325E4275,0.041782229506195645
5kmN3325E4280,0.04861540965563094
5kmN3325E4285,0.04760991371681028
5kmN3325E4290,0.0515848862304773
5kmN3325E4295,0.04205516857133307
5kmN3325E4300,0.0313146885842126
5kmN3325E4305,0.028510937665420732
5kmN3325E4310,0.03645846075355591
5kmN3325E4315,0.02983374327260324
5kmN3325E4320,0.022722139251220685
5kmN3325E4335,0.09436722169096584
5kmN3325E4340,0.10435750519008874
5kmN3325E4345,0.11180708000943124
5kmN3325E4350,0.10400158112396707
5kmN3325E4355,0.09951584314237866
5kmN3325E4360,0.10372727948019961
5kmN3325E4365,0.10890136148621837
5kmN3325E4370,0.1128973369582621
5kmN3325E4375,0.10595614267821774
5kmN3325E4380,0.08454482326368573
5kmN3325E4385,0.08930070098660675
5kmN3325E4390,0.10001228043202531
5kmN3325E4395,0.1005366571823541
5kmN3325E4400,0.11475647576021786
5kmN3325E4405,0.13508419545498263
5kmN3325E4410,0.13553481329268108
5kmN3325E4415,0.15470483662268514
5kmN3325E4420,0.14920843853167437
5kmN3325E4425,0.1325785326717655
5kmN3325E4430,0.14606808270556987
5kmN3325E4435,0.16024669992477913
5kmN3325E4440,0.16844581860706304
5kmN3325E4445,0.1747831775271399
5kmN3325E4450,0.16962969102924536
5kmN3325E4455,0.14992933227992306
5kmN3325E4460,0.14729330941976543
5kmN3325E4465,0.1596584554521157
5kmN3325E4470,0.15683603582149747
5kmN3325E4475,0.07690406705467978
5kmN3325E4480,0.048879883560807136
5kmN3325E4485,-0.020177942490326173
5kmN3325E4490,-0.004014469485044192
5kmN3325E4495,-0.016897654887305935
5kmN3325E4500,-0.00723284222537629
5kmN3325E4505,-0.025202379194070923
5kmN3325E4510,-0.0333215577572486
5kmN3325E4515,-0.024600845598324317
5kmN3325E4520,-0.01562941564816611
5kmN3325E4525,-0.013098142753353803
5kmN3325E4530,-0.02437416320181307
5kmN3325E4535,-0.021435251231629537
5kmN3325E4540,-0.021329930424439758
5kmN3325E4545,-0.009179737751827732
5kmN3325E4550,0.004194892125462368
5kmN3325E4555,-0.024065062422498618
5kmN3325E4560,-0.046009703712545424
5kmN3325E4565,-0.04068947054711669
5kmN3325E4570,-0.0879673775106179
5kmN3325E4575,-0.06391938074661568
5kmN3325E4580,-0.021211477724545236
5kmN3325E4585,-0.02821611927122536
5kmN3325E4590,-0.028590346480127038
5kmN3325E4595,-0.009943069821020556
5kmN3325E4600,-0.011530658059490606
5kmN3330E4130,-0.006186658568554632
5kmN3330E4135,-0.0071605635767671705
5kmN3330E4140,-0.007251074544521591
5kmN3330E4145,-0.011855290582133193
5kmN3330E4150,0.028346317180558356
5kmN3330E4155,0.07326841048535015
5kmN3330E4160,-0.0413918501095506
5kmN3330E4165,-0.09040721992172451
5kmN3330E4170,-0.08752576453124428
5kmN3330E4175,-0.09377669942786387
5kmN3330E4180,-0.07031297181734819
5kmN3330E4185,-0.0068696353253464015
5kmN3330E4190,0.07078266854921583
5kmN3330E4195,0.10570594219204826
5kmN3330E4200,0.028706822821303657
5kmN3330E4205,0.08886431379791737
5kmN3330E4210,0.09542869047809593
5kmN3330E4215,0.0898955358887969
5kmN3330E4220,0.0945088755802907
5kmN3330E4225,0.07884732406973471
5kmN3330E4255,0.10038060858341208
5kmN3330E4260,0.09192198716151057
5kmN3330E4265,0.040570140602570026
5kmN3330E4270,0.04050047546572627
5kmN3330E4275,0.040304052669149215
5kmN3330E4280,0.03375166286434633
5kmN3330E4285,0.05223959815019913
5kmN3330E4290,0.05256850112986783
5kmN3330E4295,0.045958295458845
5kmN3330E4300,0.04053520502120339
5kmN3330E4305,0.02725314396961126
5kmN3330E4310,0.038528773404818806
5kmN3330E4315,0.04580206486601485
5kmN3330E4320,0.036797944170607055
5kmN3330E4325,-0.03622038931813454
5kmN3330E4330,-0.1261891202880882
5kmN3330E4335,-0.08853618279866515
5kmN3330E4340,-0.004347995820363493
5kmN3330E4345,0.08824720386772072
5kmN3330E4350,0.11140522078086201
5kmN3330E4355,0.1065629718481404
5kmN3330E4360,0.10880178269188617
5kmN3330E4365,0.11597868328377631
5kmN3330E4370,0.10569463354351238
5kmN3330E4375,0.09563767064524248
5kmN3330E4380,0.09349485653068601
5kmN3330E4385,0.09658917137175732
5kmN3330E4390,0.09993741292802111
5kmN3330E4395,0.09944105266548509
5kmN3330E4400,0.1276739459820188
5kmN3330E4405,0.11904207949550255
5kmN3330E4410,0.11787565890178686
5kmN3330E4415,0.12780535589408193
5kmN3330E4420,0.1299715776408341
5kmN3330E4425,0.14320585423747717
5kmN3330E4430,0.15496534414525498
5kmN3330E4435,0.1471065463656573
5kmN3330E4440,0.14578426130450117
5kmN3330E4445,0.1387241702365164
5kmN3330E4450,0.15453511666602038
5kmN3330E4455,0.15701966783892612
5kmN3330E4460,0.15334094219300937
5kmN3330E4465,0.15006464359440636
5kmN3330E4470,0.1458419079436059
5kmN3330E4475,0.016731424205701395
5kmN3330E4480,-0.005302467001160438
5kmN3330E4485,-0.021877457717717375
5kmN3330E4490,-0.013396650158803314
5kmN3330E4500,-0.008563451747881035
5kmN3330E4505,-0.01948788560104925
5kmN3330E4510,-0.026704398618912495
5kmN3330E4515,-0.020249492773332434
5kmN3330E4520,-0.02425023020454964
5kmN3330E4525,-0.007249021575707559
5kmN3330E4530,-0.012375108322147665
5kmN3330E4535,-0.030980983309121246
5kmN3330E4540,-0.025768896990440604
5kmN3330E4545,-0.007766333324295882
5kmN3330E4550,-0.0064008565784903215
5kmN3330E4555,-0.018263691466186005
5kmN3330E4560,0.0009195689586802835
5kmN3330E4565,-0.010333167477518113
5kmN3330E4570,-0.05153877487165248
5kmN3330E4575,-0.05921841334415712
5kmN3330E4580,-0.04149414273374896
5kmN3330E4585,-0.03537872669003683
5kmN3330E4590,-0.0330370554490802
5kmN3330E4595,-0.020945606995897093
5kmN3330E4600,-0.018462987212192083
5kmN3330E4605,-0.004699056915294597
5kmN3335E4130,0.02777547595844776
5kmN3335E4135,0.03413527632121072
5kmN3335E4140,0.03638850253069076
5kmN3335E4145,0.06173997054046332
5kmN3335E4150,0.06889500873813986
5kmN3335E4155,0.061355987250117705
5kmN3335E4160,-0.009562190743246157
5kmN3335E4165,-0.08529612000165959
5kmN3335E4170,-0.09140731142461433
5kmN3335E4175,-0.05085032872390077
5kmN3335E4180,0.012688825114328228
5kmN3335E4185,0.011663853784936562
5kmN3335E4190,0.015122291939460464
5kmN3335E4195,-0.02483820280470589
5kmN3335E4200,-0.054082326653080715
5kmN3335E4205,0.052649877708571435
5kmN3335E4210,0.12276457502152355
5kmN3335E4215,0.14915617714507712
5kmN3335E4220,0.16383798935759736
5kmN3335E4225,0.15108817549656656
5kmN3335E4255,0.07293328333601429
5kmN3335E4260,0.09746160842349016
5kmN3335E4265,0.05954785736825524
5kmN3335E4270,0.03955519885417447
5kmN3335E4275,0.04528377914841991
5kmN3335E4280,0.05334290241071138
5kmN3335E4285,0.04695920866833819
5kmN3335E4290,0.05177167201213517
5kmN3335E4295,0.051574343364487296
5kmN3335E4300,0.04924289756066841
5kmN3335E4305,0.04766396720485511
5kmN3335E4310,0.05307800435206039
5kmN3335E4315,0.05463502384047847
5kmN3335E4320,0.052526000992453914
5kmN3335E4325,-0.04477025734559559
5kmN3335E4330,-0.12323078331230353
5kmN3335E4335,-0.12786538294102145
5kmN3335E4340,-0.12360137833632434
5kmN3335E4345,-0.036981118982560846
5kmN3335E4350,0.11477916485444345
5kmN3335E4355,0.11317542615324733
5kmN3335E4360,0.10191841791085299
5kmN3335E4365,0.023726759703180722
5kmN3335E4370,-0.06310453564197571
5kmN3335E4375,0.006292622056528807
5kmN3335E4380,0.07424568398434656
5kmN3335E4385,0.09674715241169535
5kmN3335E4390,0.04258520742641969
5kmN3335E4395,0.09873136941131022
5kmN3335E4400,0.03308936302020793
5kmN3335E4405,-0.03902561359355289
5kmN3335E4410,-0.025448891883467495
5kmN3335E4415,0.06470145057779564
5kmN3335E4420,0.028325092849718736
5kmN3335E4425,0.13442656860843472
5kmN3335E4430,0.14832900355796974
5kmN3335E4435,0.14451297030044846
5kmN3335E4440,0.13948335961020097
5kmN3335E4445,0.14493699136842503
5kmN3335E4450,0.14865363351127686
5kmN3335E4455,0.1480345273826234
5kmN3335E4460,0.1406028291347975
5kmN3335E4465,0.14481396972970106
5kmN3335E4470,0.1341275084335104
5kmN3335E4475,0.004975155670971787
5kmN3335E4480,-0.00993593357806527
5kmN3335E4485,-0.023073193164170502
5kmN3335E4490,-0.02368291009642387
5kmN3335E4495,-0.02586797010078895
5kmN3335E4505,-0.026882266032941304
5kmN3335E4510,-0.0417964830289852
5kmN3335E4515,-0.03674241046426496
5kmN3335E4520,-0.028530812961530927
5kmN3335E4525,-0.011306430019048908
5kmN3335E4530,-0.013216711933366931
5kmN3335E4535,-0.012987410908737007
5kmN3335E4540,-0.022344956565894802
5kmN3335E4545,-0.0339944171871811
5kmN3335E4550,-0.03611505346060073
5kmN3335E4555,-0.023904478271678742
5kmN3335E4560,-0.014250645167507292
5kmN3335E4565,-0.021199858072803557
5kmN3335E4570,-0.02105357561325627
5kmN3335E4575,-0.011343745194449806
5kmN3335E4580,-0.02485841754172613
5kmN3335E4585,-0.021322638973548136
5kmN3335E4590,-0.021954910343144562
5kmN3335E4595,-0.02509325376714122
5kmN3335E4600,-0.03548931090383867
5kmN3335E4605,-0.020803401552530687
5kmN3335E4610,-0.014625099967952804
5kmN3340E4130,0.05375763735695255
5kmN3340E4135,0.06467566751484127
5kmN3340E4140,0.06052551036175241
5kmN3340E4145,0.07418378284079546
5kmN3340E4150,0.065112567664035
5kmN3340E4155,0.0692202267675105
5kmN3340E4160,0.03466651950576155
5kmN3340E4165,-0.04159468539588346
5kmN3340E4170,-0.04435745470011937
5kmN3340E4175,0.0029115716188780616
5kmN3340E4180,0.031113616191200455
5kmN3340E4185,0.0038354618773365212
5kmN3340E4190,0.015389083060779352
5kmN3340E4195,-0.00922480243698165
5kmN3340E4200,-0.04647219514833678
5kmN3340E4205,0.08771353635527451
5kmN3340E4210,0.17230764712726782
5kmN3340E4215,0.17488199201035043
5kmN3340E4240,0.06187132661257971
5kmN3340E4245,0.05000890275185427
5kmN3340E4250,0.046880174128396734
5kmN3340E4255,0.05558267734721534
5kmN3340E4260,0.05556300662648972
5kmN3340E4265,0.05692576210194222
5kmN3340E4270,0.04641273401766749
5kmN3340E4275,0.049924009687619064
5kmN3340E4280,0.05054278917869043
5kmN3340E4285,0.04292136494644516
5kmN3340E4290,0.0514272005131271
5kmN3340E4295,0.05902717070122793
5kmN3340E4300,0.0558373355291949
5kmN3340E4305,0.0489343330918679
5kmN3340E4310,0.05075842763902122
5kmN3340E4315,0.051487675363272034
5kmN3340E4320,0.056969052162297334
5kmN3340E4325,0.043328795605238696
5kmN3340E4330,-0.0022005861774955504
5kmN3340E4335,-0.09529858352502577
5kmN3340E4340,-0.12361134730182405
5kmN3340E4345,-0.12578583121304399
5kmN3340E4350,-0.03872500806419282
5kmN3340E4355,-0.03392460582357043
5kmN3340E4360,-0.032819837121048356
5kmN3340E4365,-0.09922495691081695
5kmN3340E4370,-0.09670165969357947
5kmN3340E4375,-0.07904006098238542
5kmN3340E4380,0.06841785445283549
5kmN3340E4385,0.010251002454014668
5kmN3340E4390,-0.06827286683028502
5kmN3340E4395,-0.05820268257418143
5kmN3340E4400,-0.05630959298028043
5kmN3340E4405,-0.053602714014555575
5kmN3340E4410,-0.026151663718743723
5kmN3340E4415,-0.02449534252601998
5kmN3340E4420,-0.014974467068844255
5kmN3340E4425,0.11566911669664015
5kmN3340E4430,0.133736090326667
5kmN3340E4435,0.1323626056816809
5kmN3340E4440,0.1385074408531639
5kmN3340E4445,0.14573556385888758
5kmN3340E4450,0.13608360242729767
5kmN3340E4455,0.14025733617698322
5kmN3340E4460,0.1418428840706546
5kmN3340E4465,0.1269054516901772
5kmN3340E4470,0.14294548230748505
5kmN3340E4475,0.024372185576637007
5kmN3340E4480,-0.01620709580627161
5kmN3340E4485,-0.03240124417558188
5kmN3340E4490,-0.023834322301493405
5kmN3340E4495,-0.02130690190920026
5kmN3340E4500,-0.026038286666168198
5kmN3340E4505,-0.0454854291695187
5kmN3340E4510,-0.04198570361099918
5kmN3340E4515,-0.020900142236476016
5kmN3340E4520,-0.030121788383966286
5kmN3340E4525,-0.003364299930144532
5kmN3340E4530,-0.005799768429000152
5kmN3340E4535,-0.007165016674521629
5kmN3340E4540,-0.0130142824327808
5kmN3340E4545,-0.015962492912906523
5kmN3340E4550,-0.015162883989635612
5kmN3340E4555,-0.03203506400268086
5kmN3340E4560,-0.02062226661630584
5kmN3340E4565,-0.007733466848155568
5kmN3340E4570,-0.01563911587105693
5kmN3340E4575,-0.02272274355778159
5kmN3340E4580,-0.024900757409236918
5kmN3340E4585,-0.026976385746872333
5kmN3340E4590,-0.01582608573140376
5kmN3340E4595,-0.0274042986876043
5kmN3340E4600,-0.01925497046160829
5kmN3340E4605,-0.021328318702861893
5kmN3340E4610,-0.01212793401009915
5kmN3345E4130,0.05683712092109844
5kmN3345E4135,0.051275834546534615
5kmN3345E4140,0.08276874103233606
5kmN3345E4145,0.06945788115215651
5kmN3345E4150,0.05860032942755217
5kmN3345E4155,0.08123862020728428
5kmN3345E4160,0.07778853852146761
5kmN3345E4165,0.06344794282503297
5kmN3345E4170,0.03042861707243244
5kmN3345E4175,0.028139967667147603
5kmN3345E4180,0.026065260076305607
5kmN3345E4185,0.007515730332447512
5kmN3345E4190,0.018801296928236233
5kmN3345E4195,0.0037388254697778844
5kmN3345E4200,-0.00015688883704556567
5kmN3345E4205,0.10733646967208138
5kmN3345E4210,0.1887852448967619
5kmN3345E4215,0.1562897443018984
5kmN3345E4230,0.058864905348185725
5kmN3345E4235,0.04956898200902765
5kmN3345E4240,0.049085642491754844
5kmN3345E4245,0.056652650666891013
5kmN3345E4250,0.060792489079727785
5kmN3345E4255,0.057486437345916686
5kmN3345E4260,0.05562090081386528
5kmN3345E4265,0.05848055274984976
5kmN3345E4270,0.06038982152237271
5kmN3345E4275,0.04464377698483046
5kmN3345E4280,0.05394274631183177
5kmN3345E4285,0.05648924152862189
5kmN3345E4290,0.0567621128531941
5kmN3345E4295,0.04772782834197181
5kmN3345E4300,0.045401913401472455
5kmN3345E4305,0.051745356886614524
5kmN3345E4310,0.05694730621346025
5kmN3345E4315,0.04699149347090542
5kmN3345E4320,0.06776441778391892
5kmN3345E4325,0.06494343444360656
5kmN3345E4330,0.05494547617717685
5kmN3345E4335,-0.08861170095242826
5kmN3345E4340,-0.12164200821353671
5kmN3345E4345,-0.13196447289378682
5kmN3345E4350,-0.13353626360348514
5kmN3345E4355,-0.11868247597803383
5kmN3345E4360,-0.10840764528040142
5kmN3345E4365,-0.09996765918154682
5kmN3345E4370,-0.10028721264567986
5kmN3345E4375,-0.051929424321730755
5kmN3345E4380,-0.023334130153344734
5kmN3345E4385,-0.07653986754185677
5kmN3345E4390,-0.07436041751840072
5kmN3345E4395,-0.062441396311182173
5kmN3345E4400,-0.04731869907282299
5kmN3345E4405,-0.04247170175386655
5kmN3345E4410,-0.0447170198995433
5kmN3345E4415,-0.038916484620923786
5kmN3345E4420,-0.036766123454203214
5kmN3345E4425,0.04541688360035806
5kmN3345E4430,0.11294431928809734
5kmN3345E4435,0.06697813298983785
5kmN3345E4440,0.09712605032687843
5kmN3345E4445,0.13736396275146
5kmN3345E4450,0.13823451961678201
5kmN3345E4455,0.1301622604428192
5kmN3345E4460,0.13459018206451023
5kmN3345E4465,0.13606844812025953
5kmN3345E4470,0.12884703606944348
5kmN3345E4475,0.014654762731720283
5kmN3345E4480,-0.019327133035998534
5kmN3345E4485,-0.03327295788660062
5kmN3345E4490,-0.02201862311343311
5kmN3345E4495,-0.038779315461704045
5kmN3345E4500,-0.008749982930172928
5kmN3345E4525,-0.01927688311288961
5kmN3345E4530,-0.03228473229964396
5kmN3345E4535,-0.02547669461750246
5kmN3345E4540,-0.031177948248135468
5kmN3345E4545,-0.008317782799876161
5kmN3345E4550,-0.009967207274152123
5kmN3345E4555,-0.019015302937266276
5kmN3345E4560,-0.019757942915042626
5kmN3345E4565,-0.01869937649326392
5kmN3345E4570,-0.022671257490211594
5kmN3345E4575,-0.044172391925273446
5kmN3345E4580,-0.021321773249155518
5kmN3345E4585,-0.033624495376912034
5kmN3345E4590,-0.0237852614783427
5kmN3345E4595,-0.008150039400604658
5kmN3345E4600,-0.009757956483594676
5kmN3345E4605,-0.021586440708329158
5kmN3345E4610,-0.016016306576252304
5kmN3350E4135,0.06378814748859435
5kmN3350E4140,0.09073646363213811
5kmN3350E4145,0.060155271123998655
5kmN3350E4150,0.06163208652165292
5kmN3350E4155,0.06881872831609792
5kmN3350E4160,0.07806546501017486
5kmN3350E4165,0.07263180936959024
5kmN3350E4170,0.059414433050453186
5kmN3350E4175,0.0395136172029395
5kmN3350E4180,0.01281276993228836
5kmN3350E4185,0.026304962081836747
5kmN3350E4190,0.01763608722071247
5kmN3350E4195,0.004458771187947241
5kmN3350E4200,0.011152685585679445
5kmN3350E4205,0.1663145564718016
5kmN3350E4210,0.19493356750599572
5kmN3350E4215,0.17167795053261936
5kmN3350E4220,0.0538095010233281
5kmN3350E4225,0.06730673077501698
5kmN3350E4230,0.0661426763834394
5kmN3350E4235,0.06521015203634328
5kmN3350E4240,0.05978791714641907
5kmN3350E4245,0.06743434373627383
5kmN3350E4250,0.06072519241544455
5kmN3350E4255,0.06717776240533135
5kmN3350E4260,0.07050220951190228
5kmN3350E4265,0.06448430786099624
5kmN3350E4270,0.044635162172478926
5kmN3350E4275,0.05491575460086068
5kmN3350E4280,0.050089466252347836
5kmN3350E4285,0.04238520742875462
5kmN3350E4290,0.05607979188418777
5kmN3350E4295,0.04154555914461361
5kmN3350E4300,0.03261772465739701
5kmN3350E4305,0.056129262954891096
5kmN3350E4310,0.05379555322893195
5kmN3350E4315,0.05837277787789627
5kmN3350E4320,0.05625407872259866
5kmN3350E4325,0.053991268591297686
5kmN3350E4330,0.05564958571736109
5kmN3350E4335,-0.041345250719181964
5kmN3350E4340,-0.11175509635715791
5kmN3350E4345,-0.13373463294337684
5kmN3350E4350,-0.12205234744449822
5kmN3350E4355,-0.10633782204052489
5kmN3350E4360,-0.10515440549937732
5kmN3350E4365,-0.09280835801450865
5kmN3350E4370,-0.08938670412011407
5kmN3350E4375,-0.08014365779560151
5kmN3350E4380,-0.09264749674476358
5kmN3350E4385,-0.08365888035684627
5kmN3350E4390,-0.07143754187102314
5kmN3350E4395,-0.06399394241589834
5kmN3350E4400,-0.060646334011804415
5kmN3350E4405,-0.04404013796164702
5kmN3350E4410,-0.04178432775853219
5kmN3350E4415,-0.04472180778370516
5kmN3350E4420,-0.03694667673039426
5kmN3350E4425,-0.0353181662402412
5kmN3350E4430,-0.019757819307835878
5kmN3350E4435,-0.01909473885065338
5kmN3350E4440,-0.0039622623908764365
5kmN3350E4445,0.06771807388726647
5kmN3350E4450,0.12151416008796967
5kmN3350E4455,0.13070050618511464
5kmN3350E4460,0.13200766047441315
5kmN3350E4465,0.12707504164040406
5kmN3350E4470,0.119281339631648
5kmN3350E4475,0.026556577855162633
5kmN3350E4480,-0.006265258303230659
5kmN3350E4495,-0.002479767043030656
5kmN3350E4535,-0.010019667765215678
5kmN3350E4540,-0.03094271974390539
5kmN3350E4545,-0.029991626166656737
5kmN3350E4550,-0.015382318214966162
5kmN3350E4555,-0.03544188223872491
5kmN3350E4560,-0.03730549084481183
5kmN3350E4565,-0.028383961357103304
5kmN3350E4570,-0.032842397127851086
5kmN3350E4575,-0.0315623626638839
5kmN3350E4580,-0.03709277194695082
5kmN3350E4585,-0.035006545536320655
5kmN3350E4590,-0.021359990634121084
5kmN3350E4595,-0.018655732430595595
5kmN3350E4600,-0.024138935495034097
5kmN3350E4605,-0.017299272498620177
5kmN3350E4610,-0.0073609094742389525
5kmN3355E4135,0.06350649810404113
5kmN3355E4140,0.07197591864264957
5kmN3355E4145,0.07113311168216546
5kmN3355E4150,0.05852766607223281
5kmN3355E4155,0.06771846014305843
5kmN3355E4160,0.06519426933950478
5kmN3355E4165,0.06947027343436296
5kmN3355E4170,0.05722597806200963
5kmN3355E4175,0.05736199933779229
5kmN3355E4180,0.023672150564439165
5kmN3355E4185,0.012282792166236012
5kmN3355E4190,0.012710218713751165
5kmN3355E4195,0.0224361096075415
5kmN3355E4200,0.13393388503977693
5kmN3355E4205,0.19686663453555847
5kmN3355E4210,0.1977458998164317
5kmN3355E4215,0.18000783098377032
5kmN3355E4220,0.080964536170406
5kmN3355E4225,0.1009499585137722
5kmN3355E4230,0.09379783191136298
5kmN3355E4235,0.08207860635086756
5kmN3355E4240,0.06493178216690682
5kmN3355E4245,0.0653732980699
5kmN3355E4250,0.06764873476518624
5kmN3355E4255,0.06408478696291231
5kmN3355E4260,0.07145834353341612
5kmN3355E4265,0.0645051855346066
5kmN3355E4270,0.05870274547446086
5kmN3355E4275,0.05404423422452187
5kmN3355E4280,0.06738302918552608
5kmN3355E4285,0.06434709184339199
5kmN3355E4290,0.0544778444530461
5kmN3355E4295,0.03749223170175628
5kmN3355E4300,0.04300259091771691
5kmN3355E4305,0.04861760317603461
5kmN3355E4310,0.033507675400093834
5kmN3355E4315,0.04865378764909309
5kmN3355E4320,0.04367727309797759
5kmN3355E4325,0.05128824616751318
5kmN3355E4330,0.05203792108720015
5kmN3355E4335,-0.008538998708003093
5kmN3355E4340,-0.09078436379966204
5kmN3355E4345,-0.11232221453688457
5kmN3355E4350,-0.1066409671561595
5kmN3355E4355,-0.09698368822459036
5kmN3355E4360,-0.09681064755777569
5kmN3355E4365,-0.09518416119785966
5kmN3355E4370,-0.08086690692073861
5kmN3355E4375,-0.08465837931602782
5kmN3355E4380,-0.07328356378547404
5kmN3355E4385,-0.07646207901923824
5kmN3355E4390,-0.07759630323478256
5kmN3355E4395,-0.07032776821066677
5kmN3355E4400,-0.0671130965485342
5kmN3355E4405,-0.062171367159776725
5kmN3355E4410,-0.04655629038933873
5kmN3355E4415,-0.038118844840835775
5kmN3355E4420,-0.06056825045289699
5kmN3355E4425,-0.009985936878512458
5kmN3355E4430,-0.022394248978750975
5kmN3355E4435,-0.02710716694996751
5kmN3355E4440,-0.01796544460549382
5kmN3355E4445,-0.013314796444931387
5kmN3355E4450,-0.0021449490032129925
5kmN3355E4455,0.11450354279347852
5kmN3355E4460,0.1354101956658319
5kmN3355E4465,0.12840198339403142
5kmN3355E4470,0.12590664008946295
5kmN3355E4475,0.007645944113574332
5kmN3355E4550,-0.025558899769450028
5kmN3355E4555,-0.03494163485745572
5kmN3355E4560,-0.02594656236060955
5kmN3355E4565,-0.029526671046806396
5kmN3355E4570,-0.035096458858762336
5kmN3355E4575,-0.05514719391865763
5kmN3355E4580,-0.03998472380621221
5kmN3355E4585,-0.03803102736092334
5kmN3355E4590,-0.023250228094699343
5kmN3355E4595,-0.017854960507933892
5kmN3355E4600,-0.016923728866024
5kmN3355E4605,-0.021490958280654615
5kmN3355E4610,-0.024136716498010524
5kmN3355E4615,-0.020881736278957064
5kmN3360E4120,-0.09025093554378694
5kmN3360E4125,-0.10177542160842368
5kmN3360E4130,-0.10893368298593797
5kmN3360E4135,-0.07744142124638564
5kmN3360E4140,0.021283215346357298
5kmN3360E4145,0.0718672862735602
5kmN3360E4150,0.08435945859876176
5kmN3360E4155,0.04967191995566084
5kmN3360E4160,0.030599485187315922
5kmN3360E4165,0.04352789852081451
5kmN3360E4170,0.06344897311902903
5kmN3360E4175,0.06179127713254934
5kmN3360E4180,0.014634697283933684
5kmN3360E4185,-0.0008519304822910967
5kmN3360E4190,-0.010153955525347813
5kmN3360E4195,0.014874829768504183
5kmN3360E4200,0.1739896255116979
5kmN3360E4205,0.19904798410850172
5kmN3360E4210,0.19957732455076482
5kmN3360E4215,0.1967231126269286
5kmN3360E4220,0.09697671474887803
5kmN3360E4225,0.09807829268733248
5kmN3360E4230,0.09010390267468477
5kmN3360E4235,0.09205066030753417
5kmN3360E4240,0.0784278471212077
5kmN3360E4245,0.07119267237456972
5kmN3360E4250,0.07277171892190126
5kmN3360E4255,0.07291089317856037
5kmN3360E4260,0.07260844322649745
5kmN3360E4265,0.06352600254376639
5kmN3360E4270,0.07214211470171478
5kmN3360E4275,0.06812294206212882
5kmN3360E4280,0.04602661147681586
5kmN3360E4285,0.056674024961928415
5kmN3360E4290,0.04378683314772941
5kmN3360E4295,0.04320139164898301
5kmN3360E4300,0.038138367112559496
5kmN3360E4305,0.029988138893984467
5kmN3360E4310,0.039427142067429505
5kmN3360E4315,0.04166315149861885
5kmN3360E4320,0.04097037581152871
5kmN3360E4325,0.041219562190534936
5kmN3360E4330,0.04551139260941606
5kmN3360E4335,0.04429617736705102
5kmN3360E4340,0.03531058296299208
5kmN3360E4345,-0.0026126078396313257
5kmN3360E4350,-0.0428270465613286
5kmN3360E4355,-0.017628093180074966
5kmN3360E4360,-0.06672714252221751
5kmN3360E4365,-0.09714567925754242
5kmN3360E4370,-0.09105503902759998
5kmN3360E4375,-0.07963371181485823
5kmN3360E4380,-0.0748812943234633
5kmN3360E4385,-0.08306435206511442
5kmN3360E4390,-0.06909347284796202
5kmN3360E4395,-0.0697838377254642
5kmN3360E4400,-0.06524840023165296
5kmN3360E4405,-0.06243860000533574
5kmN3360E4410,-0.0559686963835716
5kmN3360E4415,-0.04397732121719394
5kmN3360E4420,-0.04072129806048008
5kmN3360E4425,-0.040362105431253625
5kmN3360E4430,-0.024416624798592967
5kmN3360E4435,-0.02869860421443654
5kmN3360E4440,-0.02196437751150715
5kmN3360E4445,-0.026520491230416
5kmN3360E4450,-0.02390290405123019
5kmN3360E4455,0.04759777958619066
5kmN3360E4460,0.05380075855409844
5kmN3360E4465,0.04261766294383157
5kmN3360E4470,-0.007534795717959841
5kmN3360E4555,-0.02564938300776065
5kmN3360E4560,-0.03132689021288493
5kmN3360E4565,-0.029130681050099194
5kmN3360E4570,-0.034706465901537586
5kmN3360E4575,-0.05818494453219758
5kmN3360E4580,-0.04012543973209515
5kmN3360E4585,-0.03757886799333432
5kmN3360E4590,-0.03293906128252733
5kmN3360E4595,0.0005285855123958738
5kmN3360E4600,-0.0053383627755000385
5kmN3360E4605,-0.01619611068050908
5kmN3360E4610,-0.02310209090002957
5kmN3360E4615,-0.013026712026733778
5kmN3365E4120,-0.014631624553958111
5kmN3365E4125,-0.012495679511656754
5kmN3365E4130,-0.055167883429258824
5kmN3365E4135,-0.07527971102269543
5kmN3365E4140,-0.005659607254546728
5kmN3365E4145,0.009780542293413241
5kmN3365E4150,0.0211501234826329
5kmN3365E4155,0.009437793140851802
5kmN3365E4160,-0.0009269163551204329
5kmN3365E4165,0.003822682252102416
5kmN3365E4170,-0.002658175199985069
5kmN3365E4175,0.027024004507902044
5kmN3365E4180,0.006136539980947764
5kmN3365E4185,-0.004828613578911678
5kmN3365E4190,-0.00037170374023459685
5kmN3365E4195,-0.008634099282893548
5kmN3365E4200,0.10749397323395776
5kmN3365E4205,0.18809463598824583
5kmN3365E4210,0.2132746452142879
5kmN3365E4215,0.19229156775748807
5kmN3365E4220,0.10260704877192983
5kmN3365E4225,0.106620486868309
5kmN3365E4230,0.09928888561372862
5kmN3365E4235,0.10351057417301951
5kmN3365E4240,0.10170992239051885
5kmN3365E4245,0.10325482103155692
5kmN3365E4250,0.08263478165868016
5kmN3365E4255,0.0908737452698003
5kmN3365E4260,0.07914996571299798
5kmN3365E4265,0.07530660817206825
5kmN3365E4270,0.07601709848228116
5kmN3365E4275,0.06024136220944176
5kmN3365E4280,0.031673612301288845
5kmN3365E4285,0.04188829867545554
5kmN3365E4290,0.041215509303551695
5kmN3365E4295,0.029798402396931267
5kmN3365E4300,0.0377491533670708
5kmN3365E4305,0.03704753908079042
5kmN3365E4310,0.054386031137552665
5kmN3365E4340,0.045694046005698735
5kmN3365E4345,0.05426140041467209
5kmN3365E4350,0.08220663592787131
5kmN3365E4355,0.08416498550463647
5kmN3365E4360,-0.017488648753378078
5kmN3365E4365,-0.09308608970775889
5kmN3365E4370,-0.08697265004860194
5kmN3365E4375,-0.07427524559233034
5kmN3365E4380,-0.07130143603102412
5kmN3365E4385,-0.08208108140822451
5kmN3365E4390,-0.06589540152366813
5kmN3365E4395,-0.07003862905767227
5kmN3365E4400,-0.07377669725540864
5kmN3365E4405,-0.059813910340598075
5kmN3365E4410,-0.04652129179651526
5kmN3365E4415,-0.05118187144398173
5kmN3365E4420,-0.0527257450270201
5kmN3365E4425,-0.049658451856583574
5kmN3365E4430,-0.028759154309711377
5kmN3365E4435,-0.033516795575086245
5kmN3365E4440,-0.03824584173869017
5kmN3365E4445,-0.034769883660667966
5kmN3365E4450,-0.02566795960433521
5kmN3365E4455,-0.03029146203826555
5kmN3365E4460,-0.027062909242464794
5kmN3365E4465,-0.025447107951523162
5kmN3365E4500,0.016580149768388952
5kmN3365E4515,0.020428844824989523
5kmN3365E4555,-0.024481762387479122
5kmN3365E4560,-0.03388074143280895
5kmN3365E4565,-0.025875513907012704
5kmN3365E4570,-0.04099745551510292
5kmN3365E4575,-0.033384890523315836
5kmN3365E4580,-0.049705254127783594
5kmN3365E4585,-0.03682744891749712
5kmN3365E4590,-0.03796836158353167
5kmN3365E4595,-0.025483135834891923
5kmN3365E4600,0.007359817826999904
5kmN3365E4605,-0.002781094589037192
5kmN3365E4610,0.005159203849339766
5kmN3370E4120,-0.0029949325316003805
5kmN3370E4125,0.015215652209356889
5kmN3370E4130,0.012486459010181028
5kmN3370E4135,0.02467578712669466
5kmN3370E4140,0.012734685616371089
5kmN3370E4145,0.0038957912761062308
5kmN3370E4150,0.011000293857459875
5kmN3370E4155,0.006309441592517617
5kmN3370E4160,0.013947722350260372
5kmN3370E4165,0.006151614377946424
5kmN3370E4170,0.019255111026876826
5kmN3370E4175,0.017677484643439156
5kmN3370E4180,0.011363925061679103
5kmN3370E4185,0.023675014495787128
5kmN3370E4190,0.007305102738358549
5kmN3370E4195,-0.010851299783839419
5kmN3370E4205,0.18423992091836772
5kmN3370E4210,0.20643759150683866
5kmN3370E4215,0.19607059112111924
5kmN3370E4220,0.10174419470405033
5kmN3370E4225,0.09742015279775651
5kmN3370E4230,0.09831646252832776
5kmN3370E4235,0.1017838093541022
5kmN3370E4240,0.1018629115599114
5kmN3370E4245,0.10745757400610617
5kmN3370E4250,0.0948013792147977
5kmN3370E4255,0.0840175797451495
5kmN3370E4260,0.0791767577209524
5kmN3370E4265,0.07071125507751524
5kmN3370E4270,0.06394539734395621
5kmN3370E4275,0.04298352277435463
5kmN3370E4280,0.03076143400861847
5kmN3370E4285,0.0201670543527121
5kmN3370E4290,0.035799145063191345
5kmN3370E4295,0.028895089334581348
5kmN3370E4300,0.031470725485039486
5kmN3370E4345,0.06587701937011609
5kmN3370E4350,0.08322994908119391
5kmN3370E4355,0.07988561167770131
5kmN3370E4360,0.03743643334030361
5kmN3370E4365,-0.04394167665548604
5kmN3370E4370,-0.08207328105770356
5kmN3370E4375,-0.08358948233767327
5kmN3370E4380,-0.07867508556539249
5kmN3370E4385,-0.07552315738589666
5kmN3370E4390,-0.06049671632459941
5kmN3370E4395,-0.07048675452503372
5kmN3370E4400,-0.06765661857018518
5kmN3370E4405,-0.06587487131956904
5kmN3370E4410,-0.04922257490059717
5kmN3370E4415,-0.0518953385569082
5kmN3370E4420,-0.0418320052340449
5kmN3370E4425,-0.04396134540152297
5kmN3370E4430,-0.030203696032234995
5kmN3370E4435,-0.03770464303391352
5kmN3370E4440,-0.05420396456893467
5kmN3370E4445,-0.026263224436783084
5kmN3370E4450,-0.030578694487492786
5kmN3370E4455,-0.042374587301690525
5kmN3370E4460,-0.03248151185124315
5kmN3370E4465,-0.02903288623938205
5kmN3370E4500,0.02211595259320931
5kmN3370E4565,-0.0369534392709463
5kmN3370E4570,-0.03649580474272429
5kmN3370E4575,-0.027402978497760966
5kmN3370E4580,-0.04411959872449067
5kmN3370E4585,-0.03856105854047165
5kmN3370E4590,-0.03761839950082235
5kmN3370E4595,-0.03903627646346497
5kmN3370E4600,-0.003994292850107106
5kmN3370E4605,0.003296256234564421
5kmN3370E4610,0.01779566882369532
5kmN3375E4120,0.006259061377317854
5kmN3375E4125,0.02119983309825768
5kmN3375E4130,0.015265763257918952
5kmN3375E4135,0.01156827978613012
5kmN3375E4140,0.01263201529893837
5kmN3375E4145,0.002998174886777172
5kmN3375E4150,-0.007897715081483792
5kmN3375E4155,0.008307481783110082
5kmN3375E4160,0.009018886053245356
5kmN3375E4165,0.020449690274336074
5kmN3375E4170,0.030970129679996128
5kmN3375E4175,0.028976179257516388
5kmN3375E4180,0.037491100989284265
5kmN3375E4185,0.01682031250402849
5kmN3375E4190,-0.002403903097185023
5kmN3375E4195,-0.0456047202901978
5kmN3375E4205,0.16490234381279623
5kmN3375E4210,0.20610440347518427
5kmN3375E4215,0.1960511509697821
5kmN3375E4220,0.06293774910179367
5kmN3375E4225,-0.0015844202972444266
5kmN3375E4230,0.09078591873530573
5kmN3375E4235,0.10507174264043023
5kmN3375E4240,0.10426003429917213
5kmN3375E4245,0.10562448064725571
5kmN3375E4250,0.09273951664108332
5kmN3375E4255,0.08289119830616376
5kmN3375E4260,0.06595353697982992
5kmN3375E4265,0.07874492821383516
5kmN3375E4270,0.053596414393887626
5kmN3375E4275,0.036573258157216376
5kmN3375E4280,0.026149679063593223
5kmN3375E4285,0.03135764497482413
5kmN3375E4290,0.027107977243577108
5kmN3375E4295,0.04108183747252814
5kmN3375E4300,0.03495672552166312
5kmN3375E4340,0.06921248129913393
5kmN3375E4345,0.0872152461583029
5kmN3375E4350,0.07199166600643436
5kmN3375E4355,0.08404355662800922
5kmN3375E4360,0.08173197189876585
5kmN3375E4365,0.09431461845526978
5kmN3375E4370,0.02114646310116647
5kmN3375E4375,-0.09129745958403979
5kmN3375E4380,-0.08444394412541256
5kmN3375E4385,-0.08305969685044062
5kmN3375E4390,-0.08195253030628369
5kmN3375E4395,-0.0716869593383796
5kmN3375E4400,-0.0675166589383267
5kmN3375E4405,-0.0714559889704296
5kmN3375E4410,-0.06391598705446605
5kmN3375E4415,-0.06882738424172336
5kmN3375E4420,-0.03483575209146855
5kmN3375E4425,-0.02371780730193629
5kmN3375E4430,-0.02711350182510064
5kmN3375E4435,-0.03414824212026796
5kmN3375E4440,-0.03953369893470843
5kmN3375E4445,-0.032110238906889965
5kmN3375E4450,-0.03110162546455625
5kmN3375E4455,-0.03727252269237469
5kmN3375E4460,-0.03048630902633026
5kmN3375E4465,-0.03375464339795903
5kmN3375E4470,-0.06188423010792732
5kmN3375E4505,0.046735935602248535
5kmN3375E4565,-0.03255012318578354
5kmN3375E4570,-0.04377265349349768
5kmN3375E4575,-0.033342998117327216
5kmN3375E4580,-0.01520398996459793
5kmN3375E4585,-0.017732004454623418
5kmN3375E4590,-0.008211324843935164
5kmN3375E4595,-0.008929897562220623
5kmN3375E4600,0.009878005694061387
5kmN3375E4605,0.013975859223822495
5kmN3375E4610,0.01912550766202259
5kmN3380E4120,-0.021667638089775787
5kmN3380E4125,0.01020286848640728
5kmN3380E4130,0.01720949363323454
5kmN3380E4135,0.00819736158706541
5kmN3380E4140,0.00668110987677939
5kmN3380E4145,0.013230090604902933
5kmN3380E4150,0.011142260401983073
5kmN3380E4155,0.010486081516716927
5kmN3380E4160,0.0094488774321147
5kmN3380E4165,0.020478006997304177
5kmN3380E4170,0.03269556546949487
5kmN3380E4175,0.023075786688417976
5kmN3380E4180,0.006755300128171049
5kmN3380E4185,0.010238803521487372
5kmN3380E4190,0.028430906810183343
5kmN3380E4195,0.011694195195191326
5kmN3380E4200,0.18875397230407176
5kmN3380E4205,0.20184101520089048
5kmN3380E4210,0.2098987106665849
5kmN3380E4215,0.202726485996641
5kmN3380E4220,0.16118131726223567
5kmN3380E4225,-0.016202842645241244
5kmN3380E4230,0.07812303891569655
5kmN3380E4235,0.1064984246920217
5kmN3380E4240,0.11257436836670814
5kmN3380E4245,0.10612473493638519
5kmN3380E4250,0.10020487297294367
5kmN3380E4255,0.08219026664562834
5kmN3380E4260,0.08124909484506326
5kmN3380E4265,0.057822388733951624
5kmN3380E4270,0.05167830621936986
5kmN3380E4275,0.04504862365149659
5kmN3380E4280,0.034105232323142776
5kmN3380E4285,0.030728201028620283
5kmN3380E4290,0.02690517111140861
5kmN3380E4295,0.00954379289436591
5kmN3380E4335,0.10372265914794979
5kmN3380E4340,0.09694020954909419
5kmN3380E4345,0.07462414274967366
5kmN3380E4350,0.08264432528273041
5kmN3380E4355,0.0896538917531251
5kmN3380E4360,0.07495915641831907
5kmN3380E4365,0.08705863644740858
5kmN3380E4370,0.08945382762114346
5kmN3380E4375,-0.049402998637128936
5kmN3380E4380,-0.11082690288074071
5kmN3380E4385,-0.07215905841769954
5kmN3380E4390,-0.06476404557224275
5kmN3380E4395,-0.06886340607691882
5kmN3380E4400,-0.06383001259319293
5kmN3380E4405,-0.05999971418650879
5kmN3380E4410,-0.041989874668046934
5kmN3380E4415,-0.023433102361163693
5kmN3380E4420,-0.05536510300024977
5kmN3380E4425,-0.041852930605148775
5kmN3380E4430,-0.0442427861487501
5kmN3380E4435,-0.03942964585398262
5kmN3380E4440,-0.038237269212353764
5kmN3380E4445,-0.026123539372531535
5kmN3380E4450,-0.038923580631508414
5kmN3380E4455,-0.027318736571063096
5kmN3380E4460,-0.03006750623598281
5kmN3380E4465,-0.02683345833902695
5kmN3380E4470,-0.030459389459034536
5kmN3380E4565,-0.007710037322764651
5kmN3380E4570,-0.01694038212880733
5kmN3380E4575,-0.034520001393995914
5kmN3380E4580,0.0005223511120969748
5kmN3380E4585,-0.01379598275538163
5kmN3380E4590,-0.007003007183809307
5kmN3380E4595,0.011049442192598291
5kmN3380E4600,0.011296997793130537
5kmN3380E4605,0.014618682881097689
5kmN3380E4610,0.019387624382185442
5kmN3385E4100,0.060222205715443955
5kmN3385E4105,0.014570649155782767
5kmN3385E4125,0.01520406628938109
5kmN3385E4130,0.027129060286628925
5kmN3385E4135,0.01346799047178765
5kmN3385E4140,0.020684332598288446
5kmN3385E4145,0.021877337222260596
5kmN3385E4150,0.04334505011204104
5kmN3385E4155,0.037478096413877615
5kmN3385E4160,0.032880653439923746
5kmN3385E4165,0.035948004599474725
5kmN3385E4170,0.019017553003441268
5kmN3385E4175,0.028638634543007302
5kmN3385E4180,0.01057910362852077
5kmN3385E4185,0.021553870267912667
5kmN3385E4190,0.03941320122890396
5kmN3385E4195,-0.004204552038834741
5kmN3385E4200,0.12435540008130003
5kmN3385E4205,0.20282107165607133
5kmN3385E4210,0.19432330368538214
5kmN3385E4215,0.13198873616023438
5kmN3385E4220,0.006200408974036897
5kmN3385E4225,0.012898276202094994
5kmN3385E4230,0.0891664397583049
5kmN3385E4235,0.1098091743989143
5kmN3385E4240,0.11224220748339586
5kmN3385E4245,0.11139193421620708
5kmN3385E4250,0.1098108660674888
5kmN3385E4255,0.10846084806917933
5kmN3385E4260,0.10417350939027203
5kmN3385E4265,0.04931481734334872
5kmN3385E4270,0.035855781167793616
5kmN3385E4275,0.03871349452030581
5kmN3385E4280,0.039756683135213466
5kmN3385E4285,0.027468593484852533
5kmN3385E4290,0.016634459056765805
5kmN3385E4295,0.029140925789156058
5kmN3385E4335,0.1145654331232753
5kmN3385E4340,0.1246414153040021
5kmN3385E4345,0.10643454850904957
5kmN3385E4350,0.10217487615611989
5kmN3385E4355,0.08279530645055999
5kmN3385E4360,0.08272182304852166
5kmN3385E4365,0.06500394016117744
5kmN3385E4370,0.09383550173808441
5kmN3385E4375,0.08753596180937523
5kmN3385E4380,-0.0344627205219345
5kmN3385E4385,-0.07570570444241309
5kmN3385E4390,-0.07799749883174428
5kmN3385E4395,-0.10401638807868357
5kmN3385E4400,-0.09888700625400254
5kmN3385E4405,-0.0758985823942615
5kmN3385E4410,0.010972133449672516
5kmN3385E4415,0.035355401515545004
5kmN3385E4420,-0.06289521011485955
5kmN3385E4425,-0.045956383145292545
5kmN3385E4430,-0.05785560151567509
5kmN3385E4435,-0.04027869090412178
5kmN3385E4440,-0.031650888863454185
5kmN3385E4445,-0.02776073509755922
5kmN3385E4450,-0.03174410087040597
5kmN3385E4455,-0.03150761149294423
5kmN3385E4460,-0.03052485670124977
5kmN3385E4465,-0.02481238476314629
5kmN3385E4470,0.0035515902592896387
5kmN3385E4480,0.03409285384477956
5kmN3385E4570,-0.006940392006759222
5kmN3385E4575,-0.0101659118455949
5kmN3385E4580,-0.003567957310491754
5kmN3385E4585,-0.006717910243964953
5kmN3385E4590,0.0006021745075464047
5kmN3385E4595,0.019050447764485057
5kmN3385E4600,0.01487803294294654
5kmN3385E4605,0.024348672255643966
5kmN3390E4095,0.022314285169644787
5kmN3390E4100,0.07317813932670081
5kmN3390E4125,-0.045898900964820855
5kmN3390E4130,0.00818031005289016
5kmN3390E4135,0.025186363694005953
5kmN3390E4140,0.020170310631153487
5kmN3390E4145,0.03427684041848883
5kmN3390E4150,0.04652983131646843
5kmN3390E4155,0.04888582318824791
5kmN3390E4160,0.04279388667844908
5kmN3390E4165,0.041876192295937587
5kmN3390E4170,0.032819825124732416
5kmN3390E4175,0.03638888042965299
5kmN3390E4180,0.03469909184306835
5kmN3390E4185,0.02265277151777323
5kmN3390E4190,0.021183956753454303
5kmN3390E4195,-0.0009241162081128351
5kmN3390E4205,0.1778011142206054
5kmN3390E4210,0.14693807765713746
5kmN3390E4220,0.09309018196684721
5kmN3390E4225,0.10715783372515758
5kmN3390E4230,0.109469093947826
5kmN3390E4235,0.11873616031822493
5kmN3390E4240,0.11180724558780669
5kmN3390E4245,0.114617709074954
5kmN3390E4250,0.11494633578049746
5kmN3390E4255,0.1109997114913609
5kmN3390E4260,0.10427987837784164
5kmN3390E4265,0.11187602656286005
5kmN3390E4270,0.06613355226562712
5kmN3390E4275,0.04742028330565523
5kmN3390E4280,0.0562368576844923
5kmN3390E4285,0.020460742755242012
5kmN3390E4290,0.03529299910097444
5kmN3390E4295,0.04012887498746226
5kmN3390E4300,0.038516925424333937
5kmN3390E4305,0.026628207650876673
5kmN3390E4335,0.11338808422054342
5kmN3390E4340,0.1226891428593852
5kmN3390E4345,0.12222731826692282
5kmN3390E4350,0.1095205221774731
5kmN3390E4355,0.08655041238128447
5kmN3390E4360,0.08076422680426731
5kmN3390E4365,0.06801095726282441
5kmN3390E4370,0.0794243596580973
5kmN3390E4375,0.06859830916707388
5kmN3390E4380,0.012328850354279719
5kmN3390E4385,-0.10849162102252347
5kmN3390E4390,-0.12474411132809188
5kmN3390E4395,-0.12441799164651701
5kmN3390E4400,-0.129417135754612
5kmN3390E4405,-0.08120117187581977
5kmN3390E4410,0.04206018002672113
5kmN3390E4415,0.04512104934513761
5kmN3390E4420,-0.054235173894424504
5kmN3390E4425,-0.0355798113526371
5kmN3390E4430,-0.046517470357334945
5kmN3390E4435,-0.0325659427803594
5kmN3390E4440,-0.030220296821263704
5kmN3390E4445,-0.0400183533829363
5kmN3390E4450,-0.030288770083575833
5kmN3390E4455,-0.037364993673758284
5kmN3390E4460,-0.029303580772774895
5kmN3390E4465,-0.025735758107390205
5kmN3390E4470,-0.018968931670840905
5kmN3390E4475,0.002965793326696664
5kmN3390E4565,0.020525217213770652
5kmN3390E4570,0.013537939346279226
5kmN3390E4575,0.005983472922379995
5kmN3390E4580,0.005982568222126283
5kmN3390E4585,0.0059535160802483
5kmN3390E4590,0.026614107159305678
5kmN3390E4595,0.02300439257683773
5kmN3390E4600,0.03448255741452266
5kmN3390E4605,0.024489080348981784
5kmN3395E4115,-0.0031052263551618053
5kmN3395E4130,-0.04017250086211227
5kmN3395E4135,0.024300893953773495
5kmN3395E4140,0.033274917303019125
5kmN3395E4145,0.029733917883646377
5kmN3395E4150,0.021133019745007864
5kmN3395E4155,0.030566045682081655
5kmN3395E4160,0.040555838041879844
5kmN3395E4165,0.05701920393710236
5kmN3395E4170,0.03611723851683585
5kmN3395E4175,0.024043486539853998
5kmN3395E4180,0.018892732975053894
5kmN3395E4185,0.019440993197602063
5kmN3395E4190,-0.015648199289051035
5kmN3395E4220,0.11590087671172944
5kmN3395E4225,0.1175102843897845
5kmN3395E4230,0.11913457041915687
5kmN3395E4235,0.11718978762704196
5kmN3395E4240,0.12057306903542891
5kmN3395E4245,0.12718578986304951
5kmN3395E4250,0.12114978756407863
5kmN3395E4255,0.1112186237294675
5kmN3395E4260,0.10471520190440259
5kmN3395E4265,0.09989957044319658
5kmN3395E4270,0.06488614678434934
5kmN3395E4275,0.05810314286658508
5kmN3395E4280,0.04740734303234298
5kmN3395E4285,0.03383302894175083
5kmN3395E4290,0.037689280340390735
5kmN3395E4295,0.032571528440580005
5kmN3395E4300,0.03230228860879822
5kmN3395E4305,0.03344872689099812
5kmN3395E4310,0.04023563565624508
5kmN3395E4315,-0.00036738320938031754
5kmN3395E4335,0.11166886855580568
5kmN3395E4340,0.126473507978503
5kmN3395E4345,0.10696502301807073
5kmN3395E4350,0.08711472185250968
5kmN3395E4355,0.0942150647200275
5kmN3395E4360,0.09042130141924809
5kmN3395E4365,0.08838488921497872
5kmN3395E4370,0.05249407395989242
5kmN3395E4375,0.0835859251015793
5kmN3395E4380,-0.02583481803415244
5kmN3395E4385,-0.12953163836968173
5kmN3395E4390,-0.1388692696840042
5kmN3395E4395,-0.13869136808931531
5kmN3395E4400,-0.12949399943950046
5kmN3395E4405,-0.0934035044858414
5kmN3395E4410,-0.025055710328008574
5kmN3395E4415,-0.030316808195192335
5kmN3395E4420,-0.06045711484299909
5kmN3395E4425,-0.037269721223739005
5kmN3395E4430,-0.03665453974291294
5kmN3395E4435,-0.03247785105371448
5kmN3395E4440,-0.03639638939176715
5kmN3395E4445,-0.049004191268611386
5kmN3395E4450,-0.044892222400697845
5kmN3395E4455,-0.03138362830666602
5kmN3395E4460,-0.0014236022416262428
5kmN3395E4465,-0.004318066596088133
5kmN3395E4470,-0.02997149668090382
5kmN3395E4475,-0.0006551703488406613
5kmN3395E4500,0.013212570004557334
5kmN3395E4570,0.007487835498326989
5kmN3395E4575,0.002389828605290023
5kmN3395E4580,0.01601969110513246
5kmN3395E4585,-0.005981456558019516
5kmN3395E4595,0.025416143653519963
5kmN3395E4600,0.032812862051705194
5kmN3400E4115,0.0010945985517413215
5kmN3400E4120,-0.005220571385115447
5kmN3400E4125,-0.0072962510948519355
5kmN3400E4130,-0.011232336547556732
5kmN3400E4135,0.01799557755023984
5kmN3400E4145,0.00606749796986944
5kmN3400E4160,-0.027271939340241858
5kmN3400E4165,0.006734732157338386
5kmN3400E4170,0.013635351972516918
5kmN3400E4175,0.002655897859063172
5kmN3400E4180,0.013029317545874275
5kmN3400E4185,0.013569900379343747
5kmN3400E4190,-0.05459922135549877
5kmN3400E4220,0.11798039525857246
5kmN3400E4225,0.1301570441433531
5kmN3400E4230,0.12280254892590603
5kmN3400E4235,0.1288716429303306
5kmN3400E4240,0.1273783964739194
5kmN3400E4245,0.12681893993839338
5kmN3400E4250,0.11988266383533924
5kmN3400E4255,0.12203328761006643
5kmN3400E4260,0.11117984194990593
5kmN3400E4265,0.11075861320151437
5kmN3400E4270,0.09336322490733356
5kmN3400E4275,0.04984717266721064
5kmN3400E4280,0.020738927723135736
5kmN3400E4285,-0.02814462579845778
5kmN3400E4290,0.014428816209164697
5kmN3400E4295,0.03926592442666818
5kmN3400E4300,0.040097412078169414
5kmN3400E4305,0.040024024985879675
5kmN3400E4310,0.04043199443588125
5kmN3400E4315,0.019378617182314567
5kmN3400E4320,0.016849075926600288
5kmN3400E4330,0.12516748256347948
5kmN3400E4335,0.12676473264428653
5kmN3400E4340,0.12782233328718387
5kmN3400E4345,0.10617647978339409
5kmN3400E4350,0.07669643096923412
5kmN3400E4355,0.07618382769347504
5kmN3400E4360,0.07910194001319576
5kmN3400E4365,0.08564687632217366
5kmN3400E4370,0.028365509048093707
5kmN3400E4375,-0.13914379551003797
5kmN3400E4380,-0.14956002916421268
5kmN3400E4385,-0.1431298832625349
5kmN3400E4390,-0.13576429707271281
5kmN3400E4395,-0.13804357114171772
5kmN3400E4400,-0.12884083385885914
5kmN3400E4405,-0.12518781183867983
5kmN3400E4410,-0.12205419448989197
5kmN3400E4415,-0.1280685675056354
5kmN3400E4420,-0.04571064692736093
5kmN3400E4425,-0.05263612123450495
5kmN3400E4430,-0.049498217655826404
5kmN3400E4435,-0.028757637694852345
5kmN3400E4440,-0.047271323823157185
5kmN3400E4445,-0.02940674089462053
5kmN3400E4450,-0.025818962230336473
5kmN3400E4455,-0.014765912372000867
5kmN3400E4460,-0.011104817771374065
5kmN3400E4465,-0.0071894232639392874
5kmN3400E4470,0.00047395220452861597
5kmN3400E4475,-0.0017516909811551296
5kmN3400E4480,0.00130249818897743
5kmN3400E4485,-0.004624148476012446
5kmN3400E4490,-0.014392242052475912
5kmN3400E4570,0.013667423224939745
5kmN3400E4575,0.0037356139072853844
5kmN3400E4580,0.0005213075823015112
5kmN3400E4585,0.007431171542891968
5kmN3400E4590,0.007473907428344306
5kmN3400E4595,0.020552867355471016
5kmN3400E4600,0.023285570909595932
5kmN3405E4135,-0.04074119619357608
5kmN3405E4145,-0.008693125661114576
5kmN3405E4150,0.012933080056465429
5kmN3405E4155,0.03432645827177361
5kmN3405E4160,0.023437540844632787
5kmN3405E4165,0.018372128764340745
5kmN3405E4170,0.015392498140883115
5kmN3405E4220,0.11679256638435792
5kmN3405E4225,0.13211081849114992
5kmN3405E4230,0.12400082079083569
5kmN3405E4235,0.139915713029023
5kmN3405E4240,0.12720317431277872
5kmN3405E4245,0.12360307366510248
5kmN3405E4250,0.11371366864406562
5kmN3405E4255,0.11077000325595948
5kmN3405E4260,0.11083327205753918
5kmN3405E4265,0.07791173145315927
5kmN3405E4270,0.05904789455599685
5kmN3405E4275,0.04342439231506265
5kmN3405E4280,-0.03610405359426189
5kmN3405E4285,-0.033542689312568985
5kmN3405E4290,-0.015286189346008172
5kmN3405E4295,0.01067349488582875
5kmN3405E4300,0.043103099589604316
5kmN3405E4305,0.037876096594876396
5kmN3405E4310,0.023071653486853555
5kmN3405E4315,-0.023964411576975042
5kmN3405E4320,-0.005337517412096565
5kmN3405E4325,0.026096877862718998
5kmN3405E4330,0.11279991835255446
5kmN3405E4335,0.10382448674239997
5kmN3405E4340,0.12350370276491476
5kmN3405E4345,0.11290689745706808
5kmN3405E4350,0.11404537911193183
5kmN3405E4355,0.08714984114843871
5kmN3405E4360,0.014332068982226276
5kmN3405E4365,0.057230545034204106
5kmN3405E4370,-0.09991594249936592
5kmN3405E4375,-0.14913909205231551
5kmN3405E4380,-0.1438835472279752
5kmN3405E4385,-0.143877910982182
5kmN3405E4390,-0.13425436954008413
5kmN3405E4395,-0.13638540836909918
5kmN3405E4400,-0.1320945442463909
5kmN3405E4405,-0.1321915179831067
5kmN3405E4410,-0.12415453724960318
5kmN3405E4415,-0.13696022494166948
5kmN3405E4420,-0.09438620929931418
5kmN3405E4425,-0.0748898515022342
5kmN3405E4430,-0.0652839734425717
5kmN3405E4435,-0.07129316897839588
5kmN3405E4440,-0.021890826866866886
5kmN3405E4445,-0.01653517923386455
5kmN3405E4450,-0.014509689099014678
5kmN3405E4455,-0.0073336817644342744
5kmN3405E4460,-0.027389191156880266
5kmN3405E4465,-0.02559988467703911
5kmN3405E4470,-0.00024382131690792175
5kmN3405E4475,-0.012671106494161088
5kmN3405E4480,-0.0016926134408215
5kmN3405E4485,-0.0035761848036665045
5kmN3405E4490,-0.011355418255044103
5kmN3405E4555,0.0007572743739725496
5kmN3405E4560,0.004127628431831676
5kmN3405E4565,0.006187297304423356
5kmN3405E4570,0.005915599808940075
5kmN3405E4575,0.0007639941238095638
5kmN3405E4580,0.010398674754399706
5kmN3405E4585,0.015023683595434822
5kmN3405E4590,0.01765912609140874
5kmN3405E4595,0.024029487001781424
5kmN3405E4600,0.017873327981953957
5kmN3410E4165,-0.03023742400480206
5kmN3410E4175,-0.03835717998058802
5kmN3410E4180,-0.007203597638722192
5kmN3410E4225,0.1359247462384065
5kmN3410E4230,0.13095187059103663
5kmN3410E4235,0.1312505813008648
5kmN3410E4240,0.11625552797052746
5kmN3410E4245,0.09938439022379308
5kmN3410E4250,0.12023287841684271
5kmN3410E4255,0.08979498314469658
5kmN3410E4260,0.05695331215630506
5kmN3410E4265,0.03895110086473785
5kmN3410E4270,0.038468947133067616
5kmN3410E4275,0.013222293643417371
5kmN3410E4280,-0.045285251841354734
5kmN3410E4285,-0.03887508963350034
5kmN3410E4290,-0.03633198659167319
5kmN3410E4295,-0.023372062255149928
5kmN3410E4300,0.04946112776709885
5kmN3410E4305,0.048312634050755976
5kmN3410E4310,0.005347577111580959
5kmN3410E4315,-0.03933804066916624
5kmN3410E4320,-0.0092648186644754
5kmN3410E4325,-0.003956554058571149
5kmN3410E4330,-0.010520322990923758
5kmN3410E4335,0.052361479319741416
5kmN3410E4340,0.11610464122776734
5kmN3410E4345,0.10945861442266219
5kmN3410E4350,0.11424667207542749
5kmN3410E4355,0.05733921074352594
5kmN3410E4360,-0.10043932167200781
5kmN3410E4365,-0.09303647439765256
5kmN3410E4370,-0.11902019548745768
5kmN3410E4375,-0.1453296682763972
5kmN3410E4380,-0.1481209692461965
5kmN3410E4385,-0.142259896078196
5kmN3410E4390,-0.13867013620095048
5kmN3410E4395,-0.14314536624303914
5kmN3410E4400,-0.1364351552334926
5kmN3410E4405,-0.13277758195332223
5kmN3410E4410,-0.12625354197654254
5kmN3410E4415,-0.1274725171079703
5kmN3410E4420,-0.11392566407389182
5kmN3410E4425,-0.11065499713412397
5kmN3410E4430,-0.11738159878558302
5kmN3410E4435,-0.08857808712078619
5kmN3410E4440,-0.012839063617624047
5kmN3410E4445,-0.007255085330261979
5kmN3410E4450,-0.007988041394757284
5kmN3410E4455,-0.009316450443400126
5kmN3410E4460,-0.02385496051485253
5kmN3410E4465,-0.01900330393412386
5kmN3410E4470,-0.0017440143256459706
5kmN3410E4475,-0.010743424300540816
5kmN3410E4480,-0.007165758847411163
5kmN3410E4485,-0.0041553796515511054
5kmN3410E4490,-0.01919740347630272
5kmN3410E4545,-0.0019514680336472079
5kmN3410E4550,-0.006700945123688684
5kmN3410E4555,0.0029899239318676996
5kmN3410E4560,0.005996237200841414
5kmN3410E4565,0.007001776863671316
5kmN3410E4570,0.00313725552706301
5kmN3410E4575,0.012708822230917072
5kmN3410E4580,0.004614389930340135
5kmN3410E4585,-0.005060742623268388
5kmN3410E4590,0.004321216366949154
5kmN3410E4595,0.007270843905293756
5kmN3410E4600,0.010758662624549276
5kmN3415E4225,0.10637218383943531
5kmN3415E4230,0.12800762759461276
5kmN3415E4235,0.09427956768375662
5kmN3415E4240,0.052097132046244055
5kmN3415E4270,-0.002197213191635905
5kmN3415E4275,-0.03984951153619376
5kmN3415E4280,-0.0371525371601063
5kmN3415E4285,-0.041204875207544345
5kmN3415E4290,-0.04926038081480977
5kmN3415E4295,-0.02821320298012614
5kmN3415E4300,0.04294054979943876
5kmN3415E4305,0.011925972271155355
5kmN3415E4310,-0.01780631997453866
5kmN3415E4315,-0.019677750723195664
5kmN3415E4320,-0.006359811867087589
5kmN3415E4325,-0.007187546054716165
5kmN3415E4330,-0.009291930454918246
5kmN3415E4335,-0.023434690707257927
5kmN3415E4340,0.04191433087269472
5kmN3415E4345,0.06344217142294983
5kmN3415E4350,0.12419839066343827
5kmN3415E4355,0.09835016662133081
5kmN3415E4360,-0.10192014262197985
5kmN3415E4365,-0.11846186705826839
5kmN3415E4370,-0.13419815038238958
5kmN3415E4375,-0.15004262621735237
5kmN3415E4380,-0.15386552762932743
5kmN3415E4385,-0.1534314514499004
5kmN3415E4390,-0.14146107876819947
5kmN3415E4395,-0.14847310458940438
5kmN3415E4400,-0.13514655378436258
5kmN3415E4405,-0.13266818263506402
5kmN3415E4410,-0.12358224733341938
5kmN3415E4415,-0.1321778481261408
5kmN3415E4420,-0.12294065972000656
5kmN3415E4425,-0.11301069301777128
5kmN3415E4430,-0.12796656609316398
5kmN3415E4435,-0.0506431064994074
5kmN3415E4440,-0.012371717113382141
5kmN3415E4445,-0.010172341751311431
5kmN3415E4450,-0.019366334515543038
5kmN3415E4455,-0.008274398897573587
5kmN3415E4460,-0.006638251639410453
5kmN3415E4465,-0.005406245113594221
5kmN3415E4470,-0.001795757954156929
5kmN3415E4475,-0.008081501186526896
5kmN3415E4480,-0.009231708812335482
5kmN3415E4485,-0.007265842796802202
5kmN3415E4490,0.0016775198753987142
5kmN3415E4495,-0.00019353579553177402
5kmN3415E4545,-0.010351466100932294
5kmN3415E4550,-0.009912011865210513
5kmN3415E4555,-0.004720520872544154
5kmN3415E4560,-0.001392026493089893
5kmN3415E4565,-0.00048620087860495875
5kmN3415E4570,0.003360701042790626
5kmN3415E4575,0.005510092952961343
5kmN3420E4220,0.0785052724128855
5kmN3420E4230,0.0816817119381425
5kmN3420E4250,0.06949123479064029
5kmN3420E4255,0.0597189217462592
5kmN3420E4260,0.03237544931676117
5kmN3420E4265,0.0008003639065983226
5kmN3420E4270,-0.04253865131517104
5kmN3420E4275,-0.038675355335327954
5kmN3420E4280,-0.04670319694654862
5kmN3420E4285,-0.056175826790750394
5kmN3420E4290,-0.04433049092495228
5kmN3420E4295,-0.031566403539476484
5kmN3420E4300,-0.01997967187690769
5kmN3420E4305,-0.01720538670961791
5kmN3420E4310,-0.02457761884214732
5kmN3420E4315,-0.007749967177373168
5kmN3420E4320,-0.009087410180420558
5kmN3420E4325,0.0007972458834276941
5kmN3420E4330,-0.013127476944041844
5kmN3420E4335,-0.02129162828457798
5kmN3420E4340,-0.02102514137357564
5kmN3420E4345,-0.02648417848710924
5kmN3420E4350,0.02792122077238071
5kmN3420E4355,0.06817490951070176
5kmN3420E4360,0.02558973745777282
5kmN3420E4365,-0.05584054946822614
5kmN3420E4370,-0.11741789899169708
5kmN3420E4375,-0.13894832106369265
5kmN3420E4380,-0.15455968768979028
5kmN3420E4385,-0.14916820990705265
5kmN3420E4390,-0.13722377657610396
5kmN3420E4395,-0.13326039629600495
5kmN3420E4400,-0.12569010444366008
5kmN3420E4405,-0.12578670737565328
5kmN3420E4410,-0.1498916027865928
5kmN3420E4415,-0.1538368943993414
5kmN3420E4420,-0.1265561189724449
5kmN3420E4425,-0.11687874522439529
5kmN3420E4430,-0.09690023017136284
5kmN3420E4435,-0.07238298841050478
5kmN3420E4440,-0.011745018677781383
5kmN3420E4445,-0.01353434612653548
5kmN3420E4450,-0.009559326864139572
5kmN3420E4455,-0.008224361930300073
5kmN3420E4460,-0.013119271116017517
5kmN3420E4465,-0.019774839038214198
5kmN3420E4470,-0.004255359557027827
5kmN3420E4475,-0.011311497378160007
5kmN3420E4480,-0.010991852410624225
5kmN3420E4485,-0.005304867129106161
5kmN3420E4490,-0.00793584131977182
5kmN3420E4495,0.0015361167753879523
5kmN3420E4545,-0.008882565841143664
5kmN3420E4550,-0.00816710802543763
5kmN3420E4555,-0.005844693576989024
5kmN3420E4560,-0.02849821935318797
5kmN3420E4565,-0.0025789100856953295
5kmN3420E4570,0.0017550076933730008
5kmN3420E4575,0.007144944993339508
5kmN3420E4580,0.01078689243983244
5kmN3425E4245,0.07404716271751821
5kmN3425E4250,0.0771147360775078
5kmN3425E4255,0.0586977721176663
5kmN3425E4260,0.05609525253597153
5kmN3425E4265,0.0494988607532138
5kmN3425E4270,-0.029611032636963186
5kmN3425E4275,-0.04591725968250471
5kmN3425E4280,-0.039255980643325916
5kmN3425E4285,-0.050670522341066115
5kmN3425E4290,-0.03663175993929596
5kmN3425E4295,-0.04143978496182188
5kmN3425E4300,-0.04146551399870363
5kmN3425E4305,-0.02838489949121148
5kmN3425E4310,-0.017591504166397764
5kmN3425E4315,-0.020164691506391164
5kmN3425E4320,-0.011606734927339601
5kmN3425E4325,-0.005998835642245959
5kmN3425E4330,-0.028029328737865344
5kmN3425E4335,-0.022819891969527606
5kmN3425E4340,-0.04355452737409332
5kmN3425E4345,-0.02948813956189067
5kmN3425E4350,-0.024629392870230693
5kmN3425E4355,0.042263158695040715
5kmN3425E4360,0.07053942263421015
5kmN3425E4365,0.06578759644133464
5kmN3425E4370,0.05607281558702559
5kmN3425E4375,-0.12453400642575652
5kmN3425E4380,-0.1546774590573488
5kmN3425E4385,-0.13423686450019784
5kmN3425E4390,-0.13004926718617693
5kmN3425E4395,-0.13421130010735804
5kmN3425E4400,-0.15386409524515393
5kmN3425E4405,-0.13676315423088248
5kmN3425E4410,-0.14360912172953427
5kmN3425E4415,-0.14119554653288308
5kmN3425E4420,-0.11415891794925459
5kmN3425E4425,-0.11040495279620088
5kmN3425E4430,-0.07528095522603578
5kmN3425E4435,-0.0778412829442453
5kmN3425E4440,-0.022208311711738593
5kmN3425E4445,-0.013200264051769717
5kmN3425E4450,-0.022685602352775724
5kmN3425E4455,-0.02399226525557374
5kmN3425E4460,-0.01506778257688729
5kmN3425E4465,-0.02897244815128386
5kmN3425E4470,-0.01750096479590546
5kmN3425E4475,-0.006883474930038047
5kmN3425E4480,-0.007355614921614961
5kmN3425E4485,-0.007825321845353006
5kmN3425E4490,-0.004618677536823768
5kmN3425E4495,-0.005141858556604206
5kmN3425E4500,-0.007872798771494605
5kmN3425E4545,-0.013341437737542927
5kmN3425E4550,-0.01844795827391643
5kmN3425E4555,-0.008393982928948551
5kmN3425E4560,-0.005693461384201015
5kmN3425E4565,-0.008051570344619674
5kmN3425E4570,-0.009934665139149201
5kmN3425E4575,0.005980550827114128
5kmN3425E4580,0.03257986259503898
5kmN3425E4585,0.017072437789688144
5kmN3425E4590,0.027325158988953935
5kmN3425E4595,0.009651583892568483
5kmN3430E4245,0.07853705158009416
5kmN3430E4250,0.07702363905624926
5kmN3430E4255,0.07255717502488407
5kmN3430E4260,0.06151182916969755
5kmN3430E4265,0.06683155884984393
5kmN3430E4270,0.042415735044236236
5kmN3430E4275,-0.0479209093947795
5kmN3430E4280,-0.04743565432684055
5kmN3430E4285,-0.0455675018119816
5kmN3430E4290,-0.03677175033508756
5kmN3430E4295,-0.031990321877997496
5kmN3430E4300,-0.033773069569350334
5kmN3430E4305,-0.0364758741953245
5kmN3430E4310,-0.019002694433930767
5kmN3430E4315,-0.019895731490074037
5kmN3430E4320,-0.028876256328369876
5kmN3430E4325,-0.007827984811019845
5kmN3430E4330,-0.014532123915748846
5kmN3430E4335,-0.00954501130697119
5kmN3430E4340,-0.004639870811127295
5kmN3430E4345,-0.014659067820517818
5kmN3430E4350,0.028472168465523418
5kmN3430E4355,0.0633021974953466
5kmN3430E4360,0.07122154496901406
5kmN3430E4365,0.06916003495314638
5kmN3430E4370,0.044212836925903554
5kmN3430E4375,-0.04168060013148428
5kmN3430E4380,-0.22102854591481597
5kmN3430E4385,-0.1522250773896719
5kmN3430E4390,-0.14312586586980608
5kmN3430E4395,-0.13525860233389508
5kmN3430E4400,-0.14383028052071983
5kmN3430E4410,-0.13453657764206284
5kmN3430E4415,-0.12126219793308846
5kmN3430E4420,-0.09728869753463398
5kmN3430E4425,-0.05885674587329259
5kmN3430E4430,-0.02237362188611758
5kmN3430E4435,-0.03379268166388194
5kmN3430E4440,-0.02340945266827188
5kmN3430E4445,-0.01384114510359652
5kmN3430E4450,-0.02213877457979946
5kmN3430E4455,-0.02147459951704367
5kmN3430E4460,-0.010824896207217438
5kmN3430E4465,-0.005782152162728704
5kmN3430E4470,-0.004860119996350554
5kmN3430E4475,0.004878334108682825
5kmN3430E4480,-0.0021928881068643546
5kmN3430E4485,-0.005082618182505827
5kmN3430E4490,-0.0047564430468254315
5kmN3430E4495,-0.006544744944435799
5kmN3430E4500,-0.004525068444011127
5kmN3430E4540,-0.013172453273793905
5kmN3430E4545,-0.009895834891502586
5kmN3430E4550,-0.01206337257531731
5kmN3430E4555,-0.005999274986191128
5kmN3430E4560,-0.0066656131445608224
5kmN3430E4565,-0.004427742609600993
5kmN3430E4570,-0.006913895786526791
5kmN3430E4575,0.003937614957043256
5kmN3430E4580,0.031216154938117024
5kmN3430E4585,0.027280182211630755
5kmN3430E4590,0.038429032367537086
5kmN3430E4595,-0.019798308663485642
5kmN3435E4240,0.02621317786219296
5kmN3435E4245,0.08322854098394544
5kmN3435E4250,0.07948596701988903
5kmN3435E4255,0.08345759633463057
5kmN3435E4260,0.07950064221218162
5kmN3435E4265,0.07093501360063742
5kmN3435E4270,0.061789303456635025
5kmN3435E4275,-0.05716005254782064
5kmN3435E4280,-0.04772233446208868
5kmN3435E4285,-0.048453717859139045
5kmN3435E4290,-0.045943617908273615
5kmN3435E4295,-0.009339077616091485
5kmN3435E4300,-0.00013430146315751568
5kmN3435E4305,0.000231228147497764
5kmN3435E4310,0.02833412340373198
5kmN3435E4325,-0.017327851043434594
5kmN3435E4330,-0.012531961666547048
5kmN3435E4335,-0.025061775746013537
5kmN3435E4340,-0.005366976803987039
5kmN3435E4345,-0.004378614584240104
5kmN3435E4350,0.008777223317454369
5kmN3435E4355,0.03809328502656628
5kmN3435E4360,0.06610259747871106
5kmN3435E4365,0.06106978463632662
5kmN3435E4370,0.033959883929363166
5kmN3435E4410,-0.19804081456780914
5kmN3435E4415,-0.12538799861546657
5kmN3435E4420,-0.08803450392559597
5kmN3435E4425,-0.012142385200493933
5kmN3435E4430,-0.02248655465189603
5kmN3435E4435,-0.016523897656099018
5kmN3435E4440,-0.01443861794535628
5kmN3435E4445,-0.021301766041801617
5kmN3435E4450,-0.016995438640569405
5kmN3435E4455,-0.024115305567986134
5kmN3435E4460,-0.01669697559424299
5kmN3435E4465,-0.02162445661569956
5kmN3435E4470,-0.0025015662902326263
5kmN3435E4475,-0.0072618092402853
5kmN3435E4480,-0.004341812617999985
5kmN3435E4485,-0.0069787220386454685
5kmN3435E4490,-0.010361682468928657
5kmN3435E4495,-0.018019911690498824
5kmN3435E4500,-0.017258208829320665
5kmN3435E4505,-0.041406135686624046
5kmN3435E4510,-0.03591807374263639
5kmN3435E4540,-0.012731963542728764
5kmN3435E4545,-0.013147199321722591
5kmN3435E4550,-0.009407540257843516
5kmN3435E4555,-0.01115906605156769
5kmN3435E4560,0.003358055667400661
5kmN3435E4565,0.0006564382517249001
5kmN3435E4570,0.0033666358038856314
5kmN3435E4575,0.01903238527314688
5kmN3435E4580,0.022512125207034717
5kmN3435E4585,0.04396739540451999
5kmN3435E4590,-0.018977081079716074
5kmN3440E4250,0.07978150261901673
5kmN3440E4255,0.0872489206368135
5kmN3440E4260,0.07807974022508163
5kmN3440E4265,0.07942574273393577
5kmN3440E4270,0.0719394450577901
5kmN3440E4275,0.013857595795767397
5kmN3440E4280,0.0041425080500205325
5kmN3440E4285,-0.01546734234085062
5kmN3440E4290,-0.0010001696046920694
5kmN3440E4295,0.02368908119681934
5kmN3440E4300,0.04352864205194418
5kmN3440E4305,0.037778275500458425
5kmN3440E4310,0.03449767272148735
5kmN3440E4335,-0.030782202690689264
5kmN3440E4340,-0.029681996528094112
5kmN3440E4360,0.07690691515490794
5kmN3440E4365,0.07642732688946047
5kmN3440E4370,0.05066970057953063
5kmN3440E4375,0.057827466832772734
5kmN3440E4425,-0.02571671803831299
5kmN3440E4430,-0.008986874465233885
5kmN3440E4435,-0.02112729204523789
5kmN3440E4440,-0.013213024671958229
5kmN3440E4445,-0.008656658988283827
5kmN3440E4450,-0.010982814802475649
5kmN3440E4455,-0.039584641258108344
5kmN3440E4460,-0.04277482151488515
5kmN3440E4465,-0.011270398029792461
5kmN3440E4470,0.0005196405352732025
5kmN3440E4475,-0.00795759345671232
5kmN3440E4480,-0.009715892764994294
5kmN3440E4485,0.0007456027775012419
5kmN3440E4490,-0.00929797560940282
5kmN3440E4495,-0.03808193102962937
5kmN3440E4500,-0.03897964975946433
5kmN3440E4505,-0.04440042240993369
5kmN3440E4510,-0.051687459899025345
5kmN3440E4515,-0.05737698325451879
5kmN3440E4520,-0.060740337071513495
5kmN3440E4525,-0.05363725226599636
5kmN3440E4530,-0.02461789103867551
5kmN3440E4535,-0.014076759877013512
5kmN3440E4540,-0.00691193988732941
5kmN3440E4545,-0.006727345508723115
5kmN3440E4550,-0.0064949787598060915
5kmN3440E4555,-0.00014135304660156667
5kmN3440E4560,0.0031449975646139494
5kmN3440E4565,-0.00028678695153538936
5kmN3440E4570,0.0015898532425517864
5kmN3440E4575,0.021714417691435672
5kmN3440E4580,0.03659812813415525
5kmN3440E4585,-0.00809681920599703
5kmN3445E4240,0.02615035356683909
5kmN3445E4245,0.05806432486112478
5kmN3445E4250,0.08533874432122973
5kmN3445E4255,0.08947465121143922
5kmN3445E4260,0.09054509199014382
5kmN3445E4265,0.08502434501545436
5kmN3445E4270,0.06971889853205626
5kmN3445E4275,0.028469859789857
5kmN3445E4280,0.00709256175603612
5kmN3445E4285,0.02287443675616796
5kmN3445E4290,0.027851932651922373
5kmN3445E4295,0.031587960331050324
5kmN3445E4300,0.037574942884332
5kmN3445E4305,0.045165545930286266
5kmN3445E4310,0.038968033975252836
5kmN3445E4360,0.05320579791980118
5kmN3445E4365,0.0884880116236455
5kmN3445E4370,0.08745054394778534
5kmN3445E4375,0.09801261179736759
5kmN3445E4380,0.04915537829698169
5kmN3445E4385,0.01004599732849032
5kmN3445E4425,-0.043793498426647925
5kmN3445E4430,-0.007520226729383683
5kmN3445E4435,-0.0008642597061343515
5kmN3445E4440,0.004875968835578781
5kmN3445E4445,-0.004873773565340134
5kmN3445E4450,-0.02308868083329807
5kmN3445E4455,-0.06161733606471037
5kmN3445E4460,-0.04680895570418675
5kmN3445E4465,-0.0121453909853792
5kmN3445E4470,-0.006927084872972111
5kmN3445E4475,0.004830265621258101
5kmN3445E4480,-0.017659461783640085
5kmN3445E4485,-0.0355789859628205
5kmN3445E4490,-0.032807341507469445
5kmN3445E4495,-0.03429799498261932
5kmN3445E4500,-0.033874220957994305
5kmN3445E4505,-0.043028287049953984
5kmN3445E4510,-0.04675644422748082
5kmN3445E4515,-0.04563076045698966
5kmN3445E4520,-0.049138758284451356
5kmN3445E4525,-0.04458693514298895
5kmN3445E4530,-0.04081128287148639
5kmN3445E4535,-0.006977258598614755
5kmN3445E4540,-0.022674712096693694
5kmN3445E4545,-0.03050442432234224
5kmN3445E4550,-0.00012168800994427631
5kmN3445E4555,0.009135386506774368
5kmN3445E4560,0.01433419900565236
5kmN3445E4565,-0.0045178798046389135
5kmN3445E4570,0.007262424132558065
5kmN3445E4575,-0.022323885509388797
5kmN3445E4580,-0.006942872346460405
5kmN3450E4180,-0.0096205679374618
5kmN3450E4240,0.09409259957844252
5kmN3450E4245,0.10204701958408291
5kmN3450E4250,0.09527116415008546
5kmN3450E4255,0.09284253168791973
5kmN3450E4260,0.08114042938070892
5kmN3450E4265,0.08481627933697328
5kmN3450E4270,0.08566612434691134
5kmN3450E4275,0.07294991895014008
5kmN3450E4280,0.04987297637583121
5kmN3450E4285,0.015408242197909983
5kmN3450E4290,0.01937059465639801
5kmN3450E4295,0.022332071063090986
5kmN3450E4300,0.03483400074318188
5kmN3450E4305,0.04347934095320538
5kmN3450E4310,0.029047605375857488
5kmN3450E4315,0.04126880327004767
5kmN3450E4330,-0.01358284445791541
5kmN3450E4335,-0.019838039362985505
5kmN3450E4355,0.05407732783845415
5kmN3450E4360,0.06769902992146787
5kmN3450E4365,0.09025502129845497
5kmN3450E4370,0.09545953750396008
5kmN3450E4375,0.09395410443442875
5kmN3450E4380,0.09793109440959957
5kmN3450E4385,0.07732877827270351
5kmN3450E4390,0.00030768849148471444
5kmN3450E4430,-0.04645544780955585
5kmN3450E4435,-0.0445295962615706
5kmN3450E4440,-0.03897561631896268
5kmN3450E4445,-0.03896632208472228
5kmN3450E4450,-0.04666869715643568
5kmN3450E4455,-0.07042188708351055
5kmN3450E4460,-0.052872830885959676
5kmN3450E4465,-0.005819558898079946
5kmN3450E4470,0.002029498041242861
5kmN3450E4475,-0.011617882261793055
5kmN3450E4480,-0.02379187821733708
5kmN3450E4485,-0.02557769547019695
5kmN3450E4490,-0.02239998157833989
5kmN3450E4495,-0.036907961572751335
5kmN3450E4500,-0.043942571210016435
5kmN3450E4505,-0.04113203799432541
5kmN3450E4510,-0.04090911823503729
5kmN3450E4515,-0.03990470966681925
5kmN3450E4520,-0.04941271443012207
5kmN3450E4525,-0.042389269085609804
5kmN3450E4530,-0.03551615126311447
5kmN3450E4535,-0.0022277056177242294
5kmN3450E4540,-0.016953834578398275
5kmN3450E4545,-0.029629472295679138
5kmN3450E4550,-0.02876536556182785
5kmN3450E4555,-0.020335037528015465
5kmN3450E4560,-0.001762872133439064
5kmN3450E4565,0.0036192095422151738
5kmN3450E4570,-0.02569220046602738
5kmN3455E4180,-0.006993570096034046
5kmN3455E4245,0.10643269263519795
5kmN3455E4250,0.09135055575928774
5kmN3455E4255,0.09326825034936209
5kmN3455E4260,0.08663438722093225
5kmN3455E4265,0.09597049035320154
5kmN3455E4270,0.08468501024303232
5kmN3455E4275,0.08321922576851298
5kmN3455E4280,0.06577348461261762
5kmN3455E4285,0.018980033614800274
5kmN3455E4290,0.015954220834144273
5kmN3455E4295,0.01112668590860777
5kmN3455E4300,0.02620009477506713
5kmN3455E4305,0.04199201800217234
5kmN3455E4310,0.03416431001499842
5kmN3455E4315,0.04018278755542082
5kmN3455E4320,0.04539131678814906
5kmN3455E4325,0.035725111227477624
5kmN3455E4330,-0.009243686128274864
5kmN3455E4355,0.041126909996986094
5kmN3455E4360,0.03341498545043059
5kmN3455E4365,0.06266483285694835
5kmN3455E4370,0.09892578110602301
5kmN3455E4375,0.08951410523462122
5kmN3455E4380,0.10010920359304754
5kmN3455E4385,0.1096374702371617
5kmN3455E4390,0.07295289595503757
5kmN3455E4455,-0.12341580599445884
5kmN3455E4460,-0.07244152999944153
5kmN3455E4465,-0.026574043617467624
5kmN3455E4470,0.005145494875415768
5kmN3455E4475,-0.018781836266290264
5kmN3455E4480,-0.02221179328293521
5kmN3455E4485,-0.02698082535093127
5kmN3455E4490,-0.03863777771214971
5kmN3455E4495,-0.042173704231891596
5kmN3455E4500,-0.042979864762316855
5kmN3455E4505,-0.045773690137463796
5kmN3455E4510,-0.04217133985078925
5kmN3455E4515,-0.04707336743237156
5kmN3455E4520,-0.04813865163504327
5kmN3455E4525,-0.05272098272253867
5kmN3455E4530,-0.04197188350490766
5kmN3455E4535,-0.041944722854316385
5kmN3455E4540,-0.012909268786861383
5kmN3455E4555,-0.0822204432350726
5kmN3455E4560,-0.0019270272554607892
5kmN3455E4565,-0.0035271193652145483
5kmN3460E4230,-0.03997214867776633
5kmN3460E4235,-0.06274614871734036
5kmN3460E4240,-0.09354874606211211
5kmN3460E4245,0.03642808173693124
5kmN3460E4250,0.09311902135166611
5kmN3460E4255,0.09804023575232523
5kmN3460E4260,0.10577175498334085
5kmN3460E4265,0.09052893733839912
5kmN3460E4270,0.0865183582619195
5kmN3460E4275,0.06750624620069212
5kmN3460E4280,0.0722068241393497
5kmN3460E4285,0.03387192274657563
5kmN3460E4290,0.025422946029371174
5kmN3460E4300,0.02190272576348412
5kmN3460E4305,0.03365169348676317
5kmN3460E4320,0.04477810279673711
5kmN3460E4345,-0.00968258628997637
5kmN3460E4350,-0.00896148332586999
5kmN3460E4355,-0.002208988471209039
5kmN3460E4360,-0.0026514072820683077
5kmN3460E4365,0.050542471376450404
5kmN3460E4370,0.09249810512021528
5kmN3460E4375,0.10148216608623833
5kmN3460E4380,0.11169588447798595
5kmN3460E4385,0.10586937513150257
5kmN3460E4390,0.06933470244014267
5kmN3460E4465,-0.02932579261225088
5kmN3460E4470,0.002061196286652134
5kmN3460E4475,-0.03486439516560014
5kmN3460E4480,-0.033376868628426704
5kmN3460E4485,-0.030195864717604493
5kmN3460E4490,-0.03918397798906481
5kmN3460E4495,-0.042302352262725385
5kmN3460E4500,-0.03490679820919118
5kmN3460E4505,-0.03653123728172458
5kmN3460E4510,-0.03710245461435013
5kmN3460E4515,-0.04289325019177581
5kmN3460E4520,-0.04615060480077127
5kmN3460E4525,-0.0500125945445834
5kmN3460E4530,-0.0604268842482798
5kmN3460E4535,-0.06654795925610535
5kmN3460E4540,-0.05943092938666639
5kmN3465E4225,-0.06722739334923505
5kmN3465E4230,-0.008169359450189206
5kmN3465E4235,-0.014411077342602496
5kmN3465E4240,-0.015534312096633085
5kmN3465E4245,-0.019070372436994054
5kmN3465E4250,0.020558358584273684
5kmN3465E4255,0.09582490085357293
5kmN3465E4260,0.11015825031596471
5kmN3465E4265,0.07033327275079992
5kmN3465E4270,0.06011713870267704
5kmN3465E4275,-0.01836770606940835
5kmN3465E4280,0.030615800739194676
5kmN3465E4285,0.04150359859384045
5kmN3465E4290,0.023419293750439663
5kmN3465E4340,-0.015492730068347005
5kmN3465E4345,-0.021610746364177202
5kmN3465E4355,-0.0004116734709339598
5kmN3465E4360,-0.01452283117432085
5kmN3465E4365,0.013135949405070457
5kmN3465E4370,0.07308756860167648
5kmN3465E4375,0.10025337552964192
5kmN3465E4380,0.09220840610162889
5kmN3465E4385,0.10684137092411083
5kmN3465E4390,0.06873154042983537
5kmN3465E4470,-0.03506847511817068
5kmN3465E4475,-0.0025219387998045018
5kmN3465E4480,-0.006868951480408947
5kmN3465E4485,-0.029107278062154518
5kmN3465E4490,-0.035680630107797984
5kmN3465E4495,-0.03575341674933008
5kmN3465E4500,-0.03794019959321826
5kmN3465E4505,-0.023416472930049337
5kmN3465E4510,-0.03212310419536735
5kmN3465E4515,-0.048650933554196474
5kmN3465E4520,-0.07782865879570011
5kmN3465E4525,-0.06670818467608908
5kmN3465E4530,-0.058210886167721076
5kmN3465E4535,-0.04522259154332409
5kmN3465E4540,-0.056940846763100295
5kmN3465E4560,-0.07573295837118443
5kmN3470E4230,-0.01087274377848918
5kmN3470E4235,-0.0026499747287124786
5kmN3470E4240,0.0020595267783249382
5kmN3470E4245,0.0015465906323516854
5kmN3470E4250,-0.02165489355177802
5kmN3470E4255,0.08524501743401702
5kmN3470E4260,0.04702082852473283
5kmN3470E4265,-0.01982045038238417
5kmN3470E4270,-0.001146526674649151
5kmN3470E4275,-0.012475024900581777
5kmN3470E4280,-0.003038945088844336
5kmN3470E4285,-0.016797935279733223
5kmN3470E4290,0.021665919805162692
5kmN3470E4295,0.03710746559838529
5kmN3470E4300,0.001357966065643701
5kmN3470E4305,-0.014151942437969023
5kmN3470E4355,-0.009510869759048246
5kmN3470E4360,-0.008866696967951115
5kmN3470E4375,0.08572554476236771
5kmN3470E4380,0.10209214425403584
5kmN3470E4385,0.0863089258405016
5kmN3470E4390,0.0819029023719029
5kmN3470E4470,-0.10370952339846495
5kmN3470E4475,-0.023127490006714324
5kmN3470E4480,-0.020735154070401718
5kmN3470E4485,-0.009295889011517955
5kmN3470E4490,-0.024011245810126258
5kmN3470E4495,-0.02060120252788389
5kmN3470E4500,-0.022564882820500842
5kmN3470E4505,-0.028963117563399976
5kmN3470E4510,-0.023462922037598033
5kmN3470E4515,-0.03357418298953785
5kmN3470E4520,-0.06954862620604507
5kmN3470E4525,-0.05254035953991276
5kmN3470E4530,-0.028421552368779746
5kmN3470E4535,-0.029015999663230874
5kmN3470E4540,-0.04551262154353697
5kmN3470E4545,-0.05943087086663856
5kmN3470E4555,-0.04626055776694782
5kmN3470E4560,-0.04459809429297801
5kmN3475E4230,-0.017468733549660553
5kmN3475E4235,-0.017183832406646393
5kmN3475E4240,-0.015755496667822666
5kmN3475E4245,-0.022907770385208637
5kmN3475E4250,-0.014251040729122422
5kmN3475E4255,-0.014484899676864005
5kmN3475E4260,-0.02271651947509573
5kmN3475E4265,-0.0275786224356937
5kmN3475E4270,-0.02620419156220105
5kmN3475E4275,-0.019531767328936522
5kmN3475E4280,-0.027109646666364284
5kmN3475E4285,-0.039671562353596534
5kmN3475E4290,0.0013147810036181484
5kmN3475E4295,0.03751441986487963
5kmN3475E4300,0.010993313150393424
5kmN3475E4305,0.008455569493786674
5kmN3475E4350,-0.039775761777211205
5kmN3475E4380,0.03841190386936816
5kmN3475E4385,0.023728318279548244
5kmN3475E4390,0.09369897784900932
5kmN3475E4395,0.08298034612727945
5kmN3475E4400,0.08827009190370594
5kmN3475E4405,0.08985300851039046
5kmN3475E4475,-0.03528835530103258
5kmN3475E4480,0.013340092503432988
5kmN3475E4485,0.003591033539526667
5kmN3475E4490,-0.00963961046449291
5kmN3475E4495,-0.020437231101941844
5kmN3475E4500,-0.028005362511924647
5kmN3475E4505,-0.023226311763137608
5kmN3475E4510,-0.018170946416532163
5kmN3475E4515,-0.030206735886426084
5kmN3475E4520,-0.05981401092886296
5kmN3475E4525,-0.056902216592140786
5kmN3475E4530,-0.03728034736149277
5kmN3475E4535,-0.02974256284751209
5kmN3475E4540,-0.03351703296702946
5kmN3475E4545,-0.059780919536119415
5kmN3475E4550,-0.05919860492960205
5kmN3475E4555,-0.05742269228475283
5kmN3475E4560,-0.059096657057247204
5kmN3475E4565,-0.1147539578606589
5kmN3480E4245,-0.06963059268051358
5kmN3480E4250,-0.03091368117225396
5kmN3480E4255,-0.02342748371836678
5kmN3480E4260,-0.026981114645155957
5kmN3480E4265,-0.028350635285204373
5kmN3480E4270,-0.029552810533037932
5kmN3480E4275,-0.027592833702080655
5kmN3480E4280,-0.02904154960866101
5kmN3480E4285,-0.03882570748072717
5kmN3480E4290,-0.031086602112361583
5kmN3480E4295,0.020097145261561034
5kmN3480E4300,0.04092100482998212
5kmN3480E4340,-0.019733963998296022
5kmN3480E4345,-0.1100715346692337
5kmN3480E4385,0.09511774858047284
5kmN3480E4390,0.08969192669676412
5kmN3480E4395,0.1013211293470454
5kmN3480E4400,0.0893927440352012
5kmN3480E4480,-0.037334553779051705
5kmN3480E4485,0.006602708202919361
5kmN3480E4490,0.005968369238091964
5kmN3480E4495,-0.004831343599061677
5kmN3480E4500,-0.006913990677163473
5kmN3480E4510,-0.029153870353477607
5kmN3480E4515,-0.04673868187035046
5kmN3480E4525,-0.05252295685724495
5kmN3480E4530,-0.032306328882647395
5kmN3480E4535,-0.02675598282802394
5kmN3480E4540,-0.047940094345866546
5kmN3480E4545,-0.03015097281521839
5kmN3480E4550,-0.034473164764070474
5kmN3480E4555,-0.06792090811476426
5kmN3480E4560,-0.06994456126406079
5kmN3485E4230,-0.014521139557549079
5kmN3485E4235,-0.08171297251225523
5kmN3485E4240,-0.038494613619403484
5kmN3485E4245,-0.009754812645457578
5kmN3485E4250,-0.04383393831505611
5kmN3485E4255,-0.0410561229469823
5kmN3485E4260,-0.03886178741001517
5kmN3485E4265,-0.03308927496928943
5kmN3485E4270,-0.03466720279261992
5kmN3485E4275,-0.030081415198755512
5kmN3485E4280,-0.030445992613139072
5kmN3485E4285,-0.03248548455028216
5kmN3485E4290,-0.05797847188048827
5kmN3485E4295,-0.030042427392664717
5kmN3485E4300,0.026042122305978577
5kmN3485E4315,0.018908477956076253
5kmN3485E4385,0.0997689339888071
5kmN3485E4390,0.1160127155288605
5kmN3485E4395,0.11798450772791907
5kmN3485E4400,0.0732647304779469
5kmN3485E4480,-0.046674761455926195
5kmN3485E4485,-0.04223772978122975
5kmN3485E4515,-0.04596086128271082
5kmN3485E4520,-0.030763463819343362
5kmN3485E4525,-0.025066416191258267
5kmN3485E4530,-0.0234255874991407
5kmN3485E4535,-0.02220493499975118
5kmN3485E4540,-0.023318737490753194
5kmN3485E4545,-0.04425245116080179
5kmN3485E4550,-0.062085561577510884
5kmN3490E4225,-0.07229498764172854
5kmN3490E4230,-0.0033042061967850644
5kmN3490E4235,-0.013704078154738453
5kmN3490E4240,-0.039327237121629055
5kmN3490E4245,-0.042678595094008454
5kmN3490E4250,-0.012366978777477666
5kmN3490E4255,-0.015635314848992832
5kmN3490E4260,-0.024247548694062204
5kmN3490E4265,-0.03508824874616756
5kmN3490E4270,-0.035971625914188676
5kmN3490E4275,-0.02876234300796754
5kmN3490E4280,-0.03967848244910083
5kmN3490E4285,-0.038937249971721266
5kmN3490E4290,-0.05023497518637704
5kmN3490E4295,-0.036233108320380236
5kmN3490E4300,-0.019063621142191123
5kmN3490E4305,0.0267505552827893
5kmN3490E4310,0.04796713520473195
5kmN3490E4315,0.052380321550627995
5kmN3490E4320,0.01889315285250337
5kmN3490E4385,0.0878985296559392
5kmN3490E4390,0.09796186422917702
5kmN3490E4520,-0.0438485604344343
5kmN3490E4525,-0.015451081452169835
5kmN3490E4530,-0.023217722016872222
5kmN3490E4535,-0.01728156040808987
5kmN3490E4540,-0.05441636559812402
5kmN3490E4545,-0.04783127389434383
5kmN3490E4550,-0.06251123842690665
5kmN3495E4225,-0.010672228159757213
5kmN3495E4250,-0.013056812723897193
5kmN3495E4255,-0.018705226593204227
5kmN3495E4260,-0.02429719532282132
5kmN3495E4265,-0.03353337410459989
5kmN3495E4270,-0.02984151936244195
5kmN3495E4275,-0.029133028725333854
5kmN3495E4280,-0.035155894393595344
5kmN3495E4285,-0.034201722724551686
5kmN3495E4290,-0.041333269029770026
5kmN3495E4295,-0.03284008485710249
5kmN3495E4300,-0.042654701500807246
5kmN3495E4305,-0.023339765997846762
5kmN3495E4310,0.01900578401458375
5kmN3495E4315,0.0439899648704869
5kmN3495E4320,0.02022443391363965
5kmN3495E4520,-0.02967240136828586
5kmN3495E4525,-0.029973723581293132
5kmN3495E4530,-0.029449008292244394
5kmN3495E4535,-0.040214578268183865
5kmN3495E4540,-0.04735592409162537
5kmN3495E4545,-0.04681939618509312
5kmN3495E4550,-0.02902355120813427
5kmN3495E4555,-0.06157218754659399
5kmN3500E4210,-0.0466496310087654
5kmN3500E4215,-0.04018720533290743
5kmN3500E4225,-0.01027602835518826
5kmN3500E4230,-0.0101169488241456
5kmN3500E4235,-0.03068893178210519
5kmN3500E4245,-0.027029388136902255
5kmN3500E4250,-0.018580725752768534
5kmN3500E4255,-0.017542246282769125
5kmN3500E4260,-0.018869511597273236
5kmN3500E4265,-0.025243418480636437
5kmN3500E4270,-0.02393780848800764
5kmN3500E4275,-0.037384830904172495
5kmN3500E4280,-0.0310085313256927
5kmN3500E4285,-0.03417712870098599
5kmN3500E4290,-0.03205255837628157
5kmN3500E4295,-0.027516704345475707
5kmN3500E4300,-0.03026764756490624
5kmN3500E4305,-0.029741315106129818
5kmN3500E4310,-0.03468692478658986
5kmN3500E4315,0.00632127226624829
5kmN3500E4320,0.022246808437342946
5kmN3500E4520,-0.026376857779358942
5kmN3500E4530,-0.0405425728549913
5kmN3500E4535,-0.0492789855864475
5kmN3500E4540,-0.05036419594938257
5kmN3500E4545,-0.04817044865916564
5kmN3500E4550,-0.049760483409684975
5kmN3500E4555,-0.050669619367249674
5kmN3505E4210,-0.022430530238512436
5kmN3505E4215,-0.06491575361651564
5kmN3505E4220,-0.051975209765970753
5kmN3505E4225,-0.037920766047632504
5kmN3505E4230,-0.019384214233179875
5kmN3505E4235,-0.02816959413268949
5kmN3505E4240,-0.009813657958031685
5kmN3505E4245,-0.0018108795780006903
5kmN3505E4250,-0.012085244575904597
5kmN3505E4255,-0.012653686835780109
5kmN3505E4260,-0.021646667430292754
5kmN3505E4265,-0.018506918008014406
5kmN3505E4270,-0.01955007809046938
5kmN3505E4275,-0.027471342707272084
5kmN3505E4280,-0.03509340940695588
5kmN3505E4285,-0.025757569813122216
5kmN3505E4290,-0.021475825666084136
5kmN3505E4295,-0.024165806876834617
5kmN3505E4300,-0.026732578100535143
5kmN3505E4305,-0.021775857488003536
5kmN3505E4310,-0.024878316483164242
5kmN3505E4315,-0.050345781933856304
5kmN3505E4320,-0.035306840218876534
5kmN3505E4525,-0.04073760135504445
5kmN3505E4530,-0.036741932074718875
5kmN3505E4535,-0.04975025210396189
5kmN3510E4210,-0.04686876358294956
5kmN3510E4215,-0.002627953828003571
5kmN3510E4220,0.022946775331269487
5kmN3510E4225,-0.002762857608288871
5kmN3510E4235,-0.021322029817777144
5kmN3510E4240,0.0010641863186200418
5kmN3510E4245,-0.003232295830134957
5kmN3510E4250,-0.004969726221238424
5kmN3510E4255,-0.009958038515528178
5kmN3510E4260,-0.00697364515910176
5kmN3510E4265,-0.01373175303822527
5kmN3510E4270,-0.022778246218610687
5kmN3510E4275,-0.024587485256021113
5kmN3510E4280,-0.027214329335353726
5kmN3510E4285,-0.02517418981992281
5kmN3510E4290,-0.01672822786116518
5kmN3510E4295,-0.024894293881451313
5kmN3510E4300,-0.017213227158055455
5kmN3510E4305,-0.022417507391276847
5kmN3510E4310,-0.01887417234598554
5kmN3510E4315,-0.01324534924033327
5kmN3510E4320,-0.04120652670066949
5kmN3510E4530,-0.04200734466857925
5kmN3510E4535,-0.052847884171171144
5kmN3510E4540,-0.05593444896365862
5kmN3515E4210,-0.02734205170889964
5kmN3515E4215,-0.029373360517387648
5kmN3515E4220,0.0027892188623839798
5kmN3515E4225,0.007805554584231378
5kmN3515E4235,-0.0013685244218663017
5kmN3515E4240,-0.005937451021172269
5kmN3515E4245,-0.01233126901035636
5kmN3515E4250,-0.012544794871806764
5kmN3515E4255,-0.011202862489255672
5kmN3515E4260,-0.012950526475577151
5kmN3515E4265,-0.01654692420334619
5kmN3515E4270,-0.01830662022050561
5kmN3515E4275,-0.02665190724446287
5kmN3515E4280,-0.07102921304729193
5kmN3515E4285,-0.04590938500975278
5kmN3515E4290,-0.019498400837900942
5kmN3515E4295,-0.01641898426549565
5kmN3515E4300,-0.020471906998960288
5kmN3515E4305,-0.037687945153556
5kmN3515E4310,-0.042281163419411016
5kmN3515E4315,-0.020862373500416864
5kmN3520E4210,-0.009670237650789393
5kmN3520E4230,-0.02118883008870104
5kmN3520E4235,0.007366690469129411
5kmN3520E4240,0.0013004752477121517
5kmN3520E4245,-0.01679235801005058
5kmN3520E4250,-0.009730036160998434
5kmN3520E4255,-0.008499549648990079
5kmN3520E4260,-0.011802417269555998
5kmN3520E4265,-0.010239367058850035
5kmN3520E4270,-0.009270229228196314
5kmN3520E4275,-0.02260523877751658
5kmN3520E4280,-0.06386383699022091
5kmN3520E4285,-0.083146386366374
5kmN3520E4290,-0.008983023475975849
5kmN3520E4295,-0.03614430328959095
5kmN3520E4300,-0.03644307897145688
5kmN3520E4305,-0.03621544446118635
5kmN3525E4210,-0.014847366016908004
5kmN3525E4215,0.008037909503710083
5kmN3525E4220,-0.008514909863884479
5kmN3525E4230,0.006638412246257719
5kmN3525E4235,0.013428255799236455
5kmN3525E4240,0.005396490299498069
5kmN3525E4245,-0.005402370535372791
5kmN3525E4250,-0.007659399580751403
5kmN3525E4255,-0.012119079455754467
5kmN3525E4260,-0.013166106160126756
5kmN3525E4265,-0.009802363007751835
5kmN3525E4270,-0.0069403037874744
5kmN3525E4280,-0.01527410985885852
5kmN3525E4290,-0.027505032830395126
5kmN3525E4295,-0.021639718062977042
5kmN3530E4210,0.001902754720542521
5kmN3530E4215,0.015319339866470272
5kmN3530E4220,0.0016147618834912447
5kmN3530E4230,0.008179887763776483
5kmN3530E4235,0.018640250071117637
5kmN3530E4240,0.004773119153957894
5kmN3530E4245,0.0011403968590774083
5kmN3530E4250,-0.00308362857371669
5kmN3530E4255,-0.0032693451104776616
5kmN3530E4295,-0.02373626583183991
5kmN3535E4210,0.004025222762922387
5kmN3535E4215,0.007747841057136273
5kmN3540E4210,-0.011518812906454012
5kmN3540E4215,-0.006383150657028713
5kmN3545E4215,-0.01290906908291728
5kmN3545E4220,-0.03229714537196482
5kmN3550E4215,-0.014823266568966542
