id,cvd_mortality_17
5kmN2760E4145,0.0
5kmN2760E4155,0.0
5kmN2760E4160,0.0
5kmN2760E4165,0.0
5kmN2765E4145,0.0
5kmN2765E4150,0.0
5kmN2765E4155,0.0
5kmN2765E4160,0.0
5kmN2765E4165,0.0
5kmN2770E4150,0.0
5kmN2770E4155,0.0
5kmN2770E4160,0.0
5kmN2770E4175,0.0
5kmN2770E4180,0.0
5kmN2775E4150,0.0
5kmN2775E4155,0.0
5kmN2775E4160,0.0
5kmN2775E4165,0.0
5kmN2775E4170,0.0
5kmN2775E4175,0.0
5kmN2775E4180,0.0
5kmN2775E4370,0.0
5kmN2775E4375,0.0
5kmN2780E4140,0.0
5kmN2780E4145,0.0
5kmN2780E4150,0.0
5kmN2780E4155,0.0
5kmN2780E4160,0.0
5kmN2780E4165,0.0
5kmN2780E4170,0.0
5kmN2780E4175,0.0
5kmN2780E4365,0.0
5kmN2780E4370,0.0
5kmN2780E4375,0.0
5kmN2780E4380,0.0
5kmN2785E4145,0.0
5kmN2785E4150,0.0
5kmN2785E4155,0.0
5kmN2785E4160,0.0
5kmN2785E4165,0.0
5kmN2785E4170,0.0
5kmN2785E4175,0.0
5kmN2785E4180,0.0
5kmN2785E4365,0.0
5kmN2785E4370,0.0
5kmN2785E4375,0.0
5kmN2785E4380,0.0
5kmN2785E4390,0.0
5kmN2785E4395,0.0
5kmN2790E4145,0.0
5kmN2790E4150,0.0
5kmN2790E4155,0.0
5kmN2790E4160,0.0
5kmN2790E4170,0.0
5kmN2790E4175,0.0
5kmN2790E4180,0.0
5kmN2790E4360,0.0
5kmN2790E4365,0.0
5kmN2790E4370,0.0
5kmN2790E4375,0.0
5kmN2790E4380,0.0
5kmN2790E4385,0.0
5kmN2790E4390,0.0
5kmN2790E4395,0.0
5kmN2795E4365,0.0
5kmN2795E4370,0.0
5kmN2795E4375,0.0
5kmN2795E4380,0.0
5kmN2795E4385,0.0
5kmN2795E4390,0.0
5kmN2795E4395,0.0
5kmN2795E4400,0.0
5kmN2800E4360,0.0
5kmN2800E4365,0.0
5kmN2800E4370,0.0
5kmN2800E4375,0.0
5kmN2800E4380,0.0
5kmN2800E4385,0.0
5kmN2800E4390,0.0
5kmN2800E4395,0.0
5kmN2800E4400,0.0
5kmN2800E4405,0.0
5kmN2805E4360,0.0
5kmN2805E4365,0.0
5kmN2805E4370,0.0
5kmN2805E4375,0.0
5kmN2805E4380,0.0
5kmN2805E4385,0.0
5kmN2805E4390,0.0
5kmN2805E4395,0.0
5kmN2805E4400,0.0
5kmN2805E4405,0.0
5kmN2810E4360,0.0
5kmN2810E4365,0.0
5kmN2810E4370,0.0
5kmN2810E4375,0.0
5kmN2810E4380,0.0
5kmN2810E4385,0.0
5kmN2810E4390,0.0
5kmN2810E4395,0.0
5kmN2810E4400,0.0
5kmN2810E4405,0.0
5kmN2810E4410,0.0
5kmN2815E4360,0.0
5kmN2815E4365,0.0
5kmN2815E4370,0.0
5kmN2815E4375,0.0
5kmN2815E4380,0.0
5kmN2815E4385,0.0
5kmN2815E4390,0.0
5kmN2815E4395,0.0
5kmN2815E4400,0.0
5kmN2815E4405,0.0
5kmN2815E4410,0.0
5kmN2815E4415,0.0
5kmN2820E4365,0.0
5kmN2820E4370,0.0
5kmN2820E4375,0.0
5kmN2820E4380,0.0
5kmN2820E4385,0.0
5kmN2820E4390,0.0
5kmN2820E4395,0.0
5kmN2820E4400,0.0
5kmN2820E4405,0.0
5kmN2825E4375,0.0
5kmN2825E4380,0.0
5kmN2825E4385,0.0
5kmN2825E4390,0.0
5kmN2825E4395,0.0
5kmN2825E4400,0.0
5kmN2825E4405,0.0
5kmN2830E4375,0.0
5kmN2830E4380,0.0
5kmN2830E4385,0.0
5kmN2830E4390,0.0
5kmN2830E4395,0.0
5kmN2830E4400,0.0
5kmN2830E4405,0.0
5kmN2850E4475,0.0
5kmN2855E4475,0.0
5kmN2855E4480,0.0
5kmN2860E4475,0.0
5kmN2860E4480,0.0
5kmN2860E4485,0.0
5kmN2860E4490,0.0
5kmN2865E4475,0.0
5kmN2865E4480,0.0
5kmN2865E4485,0.0
5kmN2865E4490,0.0
5kmN2865E4495,0.0
5kmN2870E4460,0.0
5kmN2870E4465,0.0
5kmN2870E4470,0.0
5kmN2870E4475,0.0
5kmN2870E4480,0.0
5kmN2870E4485,0.0
5kmN2870E4490,0.0
5kmN2870E4495,0.0
5kmN2875E4445,0.0
5kmN2875E4450,0.0
5kmN2875E4460,0.0
5kmN2875E4465,0.0
5kmN2875E4470,0.0
5kmN2875E4475,0.0
5kmN2875E4480,0.0
5kmN2875E4485,0.0
5kmN2875E4490,0.0
5kmN2875E4495,0.0
5kmN2875E4500,0.0
5kmN2880E4440,0.0
5kmN2880E4445,0.0
5kmN2880E4450,0.0
5kmN2880E4455,0.0
5kmN2880E4460,0.0
5kmN2880E4465,0.0
5kmN2880E4470,0.0
5kmN2880E4475,0.0
5kmN2880E4480,0.0
5kmN2880E4485,0.0
5kmN2880E4490,0.0
5kmN2880E4495,0.0
5kmN2885E4445,0.0
5kmN2885E4450,0.0
5kmN2885E4455,0.0
5kmN2885E4460,0.0
5kmN2885E4465,0.0
5kmN2885E4470,0.0
5kmN2885E4475,0.0
5kmN2885E4480,0.0
5kmN2885E4485,0.0
5kmN2885E4490,0.0
5kmN2885E4495,0.0
5kmN2890E4105,0.0
5kmN2890E4115,0.0
5kmN2890E4455,0.0
5kmN2890E4460,0.0
5kmN2890E4465,0.0
5kmN2890E4470,0.0
5kmN2890E4475,0.0
5kmN2890E4480,0.0
5kmN2890E4485,0.0
5kmN2890E4490,0.0
5kmN2895E4090,0.0
5kmN2895E4100,0.0
5kmN2895E4105,0.0
5kmN2895E4110,0.0
5kmN2895E4115,0.0
5kmN2895E4120,0.0
5kmN2895E4125,0.0
5kmN2895E4455,0.0
5kmN2895E4460,0.0
5kmN2895E4465,0.0
5kmN2895E4475,0.0
5kmN2895E4480,0.0
5kmN2895E4485,0.0
5kmN2900E4080,0.0
5kmN2900E4085,0.0
5kmN2900E4090,0.0
5kmN2900E4095,0.0
5kmN2900E4100,0.0
5kmN2900E4105,0.0
5kmN2900E4110,0.0
5kmN2900E4115,0.0
5kmN2900E4120,0.0
5kmN2900E4475,0.0
5kmN2905E4085,0.0
5kmN2905E4090,0.0
5kmN2905E4095,0.0
5kmN2905E4100,0.0
5kmN2905E4105,0.0
5kmN2905E4110,0.0
5kmN2905E4115,0.0
5kmN2905E4120,0.0
5kmN2905E4125,0.0
5kmN2910E4085,0.0
5kmN2910E4090,0.0
5kmN2910E4095,0.0
5kmN2910E4100,0.0
5kmN2910E4105,0.0
5kmN2910E4110,0.0
5kmN2910E4115,0.0
5kmN2910E4120,0.0
5kmN2910E4125,0.0
5kmN2910E4130,0.0
5kmN2915E4090,0.0
5kmN2915E4095,0.0
5kmN2915E4100,0.0
5kmN2915E4105,0.0
5kmN2915E4110,0.0
5kmN2915E4115,0.0
5kmN2915E4120,0.0
5kmN2915E4125,0.0
5kmN2915E4130,0.0
5kmN2920E4095,0.0
5kmN2920E4100,0.0
5kmN2920E4110,0.0
5kmN2920E4120,0.0
5kmN2920E4125,0.0
5kmN2920E4210,0.0
5kmN2920E4215,0.0
5kmN2925E4205,0.0
5kmN2925E4210,0.0
5kmN2925E4215,0.0
5kmN2930E4205,0.0
5kmN2930E4210,0.0
5kmN2930E4215,0.0
5kmN2935E4205,0.0
5kmN2935E4210,0.0
5kmN2935E4215,0.0
5kmN2940E4205,0.0
5kmN2940E4210,0.0
5kmN3105E4490,0.0
5kmN3110E4490,0.0
5kmN3110E4495,0.0
5kmN3115E4100,0.0
5kmN3115E4105,0.0
5kmN3115E4485,0.0
5kmN3115E4490,0.0
5kmN3115E4495,0.0
5kmN3120E4090,0.0
5kmN3120E4095,0.0
5kmN3120E4100,0.0
5kmN3120E4485,0.0
5kmN3120E4490,0.0
5kmN3120E4495,0.0
5kmN3125E4090,0.0
5kmN3125E4095,0.0
5kmN3125E4100,0.0
5kmN3125E4475,0.0
5kmN3125E4485,0.0
5kmN3125E4490,0.0
5kmN3125E4495,0.0
5kmN3130E4090,0.0
5kmN3130E4095,0.0
5kmN3130E4100,0.0
5kmN3130E4105,0.0
5kmN3130E4470,0.0
5kmN3130E4475,0.0
5kmN3130E4480,0.0
5kmN3130E4485,0.0
5kmN3130E4490,0.0
5kmN3130E4495,0.0
5kmN3135E4090,0.0
5kmN3135E4095,0.0
5kmN3135E4470,0.0
5kmN3135E4475,0.0
5kmN3135E4480,0.0
5kmN3135E4485,0.0
5kmN3135E4490,0.0
5kmN3135E4495,0.0
5kmN3140E4090,0.0
5kmN3140E4095,0.0
5kmN3140E4105,0.0
5kmN3140E4110,0.0
5kmN3140E4115,0.0
5kmN3140E4470,0.0
5kmN3140E4475,0.0
5kmN3140E4480,0.0
5kmN3140E4485,0.0
5kmN3140E4490,0.0
5kmN3140E4495,0.0
5kmN3145E4105,0.0
5kmN3145E4110,0.0
5kmN3145E4115,0.0
5kmN3145E4120,0.0
5kmN3145E4455,0.0
5kmN3145E4460,0.0
5kmN3145E4470,0.0
5kmN3145E4475,0.0
5kmN3145E4480,0.0
5kmN3145E4485,0.0
5kmN3145E4490,0.0
5kmN3145E4495,0.0
5kmN3150E4105,0.0
5kmN3150E4110,0.0
5kmN3150E4115,0.0
5kmN3150E4120,0.0
5kmN3150E4450,0.0
5kmN3150E4455,0.0
5kmN3150E4460,0.0
5kmN3150E4465,0.0
5kmN3150E4470,0.0
5kmN3150E4475,0.0
5kmN3150E4480,0.0
5kmN3155E4105,0.0
5kmN3155E4110,0.0
5kmN3155E4115,0.0
5kmN3155E4440,0.0
5kmN3155E4445,0.0
5kmN3155E4450,0.0
5kmN3155E4455,0.0
5kmN3155E4460,0.0
5kmN3155E4465,0.0
5kmN3155E4470,0.0
5kmN3160E4110,0.0
5kmN3160E4435,0.0
5kmN3160E4440,0.0
5kmN3160E4445,0.0
5kmN3160E4450,0.0
5kmN3160E4455,0.0
5kmN3160E4460,0.0
5kmN3160E4465,0.0
5kmN3160E4470,0.0
5kmN3165E4440,0.0
5kmN3165E4445,0.0
5kmN3165E4450,0.0
5kmN3165E4455,0.0
5kmN3165E4460,0.0
5kmN3165E4465,0.0
5kmN3170E4440,0.0
5kmN3170E4445,0.0
5kmN3170E4450,0.0
5kmN3170E4455,0.0
5kmN3170E4460,0.0
5kmN3195E4150,0.0
5kmN3195E4155,0.0
5kmN3200E4150,0.0
5kmN3200E4155,0.0
5kmN3200E4160,0.0
5kmN3200E4165,0.0
5kmN3205E4145,0.0
5kmN3205E4150,0.0
5kmN3205E4155,0.0
5kmN3205E4160,0.0
5kmN3205E4165,0.0
5kmN3210E4150,0.0
5kmN3210E4155,0.0
5kmN3210E4160,0.0
5kmN3215E4150,0.0
5kmN3215E4155,0.0
5kmN3215E4160,0.0
5kmN3245E4295,0.0
5kmN3245E4300,0.0
5kmN3245E4305,0.0
5kmN3245E4310,0.0
5kmN3245E4550,0.0
5kmN3245E4555,0.0
5kmN3250E4295,0.0
5kmN3250E4300,0.0
5kmN3250E4305,0.0
5kmN3250E4310,0.0
5kmN3250E4545,0.0
5kmN3250E4550,0.0
5kmN3250E4555,0.0
5kmN3250E4565,0.0
5kmN3255E4290,0.0
5kmN3255E4295,0.0
5kmN3255E4300,0.0
5kmN3255E4305,0.0
5kmN3255E4545,0.0
5kmN3255E4550,0.0
5kmN3255E4560,0.0
5kmN3255E4565,0.0
5kmN3255E4570,0.0
5kmN3260E4530,0.0
5kmN3260E4540,0.0
5kmN3260E4545,0.0
5kmN3260E4550,0.0
5kmN3260E4555,0.0
5kmN3260E4560,0.0
5kmN3260E4565,0.0
5kmN3260E4570,0.0
5kmN3265E4530,0.0
5kmN3265E4535,0.0
5kmN3265E4540,0.0
5kmN3265E4545,0.0
5kmN3265E4550,0.0
5kmN3265E4555,0.0
5kmN3265E4560,0.0
5kmN3265E4565,0.0
5kmN3265E4570,0.0
5kmN3270E4530,0.0
5kmN3270E4535,0.0
5kmN3270E4540,0.0
5kmN3270E4545,0.0
5kmN3270E4550,0.0
5kmN3270E4555,0.0
5kmN3270E4560,0.0
5kmN3270E4565,0.0
5kmN3275E4525,0.0
5kmN3275E4530,0.0
5kmN3275E4535,0.0
5kmN3275E4540,0.0
5kmN3275E4545,0.0
5kmN3275E4550,0.0
5kmN3275E4555,0.0
5kmN3275E4560,0.0
5kmN3275E4565,0.0
5kmN3280E4535,0.0
5kmN3280E4540,0.0
5kmN3280E4545,0.0
5kmN3280E4550,0.0
5kmN3280E4555,0.0
5kmN3280E4560,0.0
5kmN3280E4565,0.0
5kmN3285E4535,0.0
5kmN3285E4540,0.0
5kmN3285E4545,0.0
5kmN3285E4550,0.0
5kmN3285E4555,0.0
5kmN3285E4560,0.0
5kmN3285E4565,0.0
5kmN3290E4540,0.0
5kmN3290E4545,0.0
5kmN3290E4550,0.0
5kmN3290E4555,0.0
5kmN3290E4560,0.0
5kmN3290E4565,0.0
5kmN3295E4530,0.0
5kmN3295E4535,0.0
5kmN3295E4540,0.0
5kmN3295E4545,0.0
5kmN3295E4550,0.0
5kmN3295E4555,0.0
5kmN3295E4560,0.0
5kmN3300E4535,0.0
5kmN3300E4540,0.0
5kmN3300E4545,0.0
5kmN3300E4550,0.0
5kmN3300E4555,0.0
5kmN3300E4560,0.0
5kmN3305E4555,0.0
5kmN3310E4555,0.0
5kmN3320E4240,0.0
5kmN3325E4230,0.0
5kmN3325E4235,0.0
5kmN3325E4240,0.0
5kmN3325E4245,0.0
5kmN3325E4250,0.0
5kmN3330E4230,0.0
5kmN3330E4235,0.0
5kmN3330E4240,0.0
5kmN3330E4245,0.0
5kmN3330E4250,0.0
5kmN3335E4230,0.0
5kmN3335E4235,0.0
5kmN3335E4240,0.0
5kmN3335E4245,0.0
5kmN3335E4250,0.0
5kmN3340E4220,0.0
5kmN3340E4225,0.0
5kmN3340E4230,0.0
5kmN3340E4235,0.0
5kmN3345E4220,0.0
5kmN3345E4225,0.0
5kmN3345E4505,0.0
5kmN3345E4510,0.0
5kmN3345E4515,0.0
5kmN3345E4520,0.0
5kmN3350E4485,0.0
5kmN3350E4490,0.0
5kmN3350E4500,0.0
5kmN3350E4505,0.0
5kmN3350E4510,0.0
5kmN3350E4515,0.0
5kmN3350E4520,0.0
5kmN3350E4525,0.0
5kmN3350E4530,0.0
5kmN3355E4480,0.0
5kmN3355E4485,0.0
5kmN3355E4490,0.0
5kmN3355E4495,0.0
5kmN3355E4500,0.0
5kmN3355E4505,0.0
5kmN3355E4510,0.0
5kmN3355E4515,0.0
5kmN3355E4520,0.0
5kmN3355E4525,0.0
5kmN3355E4530,0.0
5kmN3355E4535,0.0
5kmN3355E4540,0.0
5kmN3355E4545,0.0
5kmN3360E4475,0.0
5kmN3360E4480,0.0
5kmN3360E4485,0.0
5kmN3360E4490,0.0
5kmN3360E4495,0.0
5kmN3360E4500,0.0
5kmN3360E4505,0.0
5kmN3360E4510,0.0
5kmN3360E4515,0.0
5kmN3360E4520,0.0
5kmN3360E4525,0.0
5kmN3360E4530,0.0
5kmN3360E4535,0.0
5kmN3360E4540,0.0
5kmN3360E4545,0.0
5kmN3360E4550,0.0
5kmN3365E4315,0.0
5kmN3365E4320,0.0
5kmN3365E4325,0.0
5kmN3365E4330,0.0
5kmN3365E4335,0.0
5kmN3365E4470,0.0
5kmN3365E4475,0.0
5kmN3365E4480,0.0
5kmN3365E4485,0.0
5kmN3365E4490,0.0
5kmN3365E4495,0.0
5kmN3365E4505,0.0
5kmN3365E4510,0.0
5kmN3365E4520,0.0
5kmN3365E4525,0.0
5kmN3365E4530,0.0
5kmN3365E4535,0.0
5kmN3365E4540,0.0
5kmN3365E4545,0.0
5kmN3365E4550,0.0
5kmN3370E4305,0.0
5kmN3370E4310,0.0
5kmN3370E4315,0.0
5kmN3370E4320,0.0
5kmN3370E4325,0.0
5kmN3370E4330,0.0
5kmN3370E4335,0.0
5kmN3370E4340,0.0
5kmN3370E4470,0.0
5kmN3370E4475,0.0
5kmN3370E4480,0.0
5kmN3370E4485,0.0
5kmN3370E4490,0.0
5kmN3370E4505,0.0
5kmN3370E4510,0.0
5kmN3370E4515,0.0
5kmN3370E4520,0.0
5kmN3370E4525,0.0
5kmN3370E4530,0.0
5kmN3370E4535,0.0
5kmN3370E4540,0.0
5kmN3370E4545,0.0
5kmN3370E4550,0.0
5kmN3370E4555,0.0
5kmN3370E4560,0.0
5kmN3375E4305,0.0
5kmN3375E4310,0.0
5kmN3375E4315,0.0
5kmN3375E4320,0.0
5kmN3375E4325,0.0
5kmN3375E4330,0.0
5kmN3375E4335,0.0
5kmN3375E4475,0.0
5kmN3375E4480,0.0
5kmN3375E4485,0.0
5kmN3375E4490,0.0
5kmN3375E4495,0.0
5kmN3375E4500,0.0
5kmN3375E4510,0.0
5kmN3375E4515,0.0
5kmN3375E4520,0.0
5kmN3375E4525,0.0
5kmN3375E4530,0.0
5kmN3375E4535,0.0
5kmN3375E4540,0.0
5kmN3375E4545,0.0
5kmN3375E4550,0.0
5kmN3375E4555,0.0
5kmN3375E4560,0.0
5kmN3380E4300,0.0
5kmN3380E4305,0.0
5kmN3380E4310,0.0
5kmN3380E4315,0.0
5kmN3380E4320,0.0
5kmN3380E4325,0.0
5kmN3380E4330,0.0
5kmN3380E4475,0.0
5kmN3380E4480,0.0
5kmN3380E4485,0.0
5kmN3380E4490,0.0
5kmN3380E4495,0.0
5kmN3380E4500,0.0
5kmN3380E4505,0.0
5kmN3380E4510,0.0
5kmN3380E4515,0.0
5kmN3380E4520,0.0
5kmN3380E4525,0.0
5kmN3380E4530,0.0
5kmN3380E4535,0.0
5kmN3380E4540,0.0
5kmN3380E4545,0.0
5kmN3380E4550,0.0
5kmN3380E4555,0.0
5kmN3380E4560,0.0
5kmN3385E4300,0.0
5kmN3385E4305,0.0
5kmN3385E4310,0.0
5kmN3385E4315,0.0
5kmN3385E4320,0.0
5kmN3385E4325,0.0
5kmN3385E4330,0.0
5kmN3385E4475,0.0
5kmN3385E4485,0.0
5kmN3385E4490,0.0
5kmN3385E4495,0.0
5kmN3385E4500,0.0
5kmN3385E4505,0.0
5kmN3385E4510,0.0
5kmN3385E4515,0.0
5kmN3385E4520,0.0
5kmN3385E4525,0.0
5kmN3385E4530,0.0
5kmN3385E4535,0.0
5kmN3385E4540,0.0
5kmN3385E4545,0.0
5kmN3385E4550,0.0
5kmN3385E4555,0.0
5kmN3385E4560,0.0
5kmN3385E4565,0.0
5kmN3390E4310,0.0
5kmN3390E4315,0.0
5kmN3390E4320,0.0
5kmN3390E4325,0.0
5kmN3390E4330,0.0
5kmN3390E4480,0.0
5kmN3390E4485,0.0
5kmN3390E4490,0.0
5kmN3390E4495,0.0
5kmN3390E4500,0.0
5kmN3390E4505,0.0
5kmN3390E4510,0.0
5kmN3390E4515,0.0
5kmN3390E4520,0.0
5kmN3390E4525,0.0
5kmN3390E4530,0.0
5kmN3390E4535,0.0
5kmN3390E4540,0.0
5kmN3390E4545,0.0
5kmN3390E4550,0.0
5kmN3390E4555,0.0
5kmN3390E4560,0.0
5kmN3395E4320,0.0
5kmN3395E4325,0.0
5kmN3395E4330,0.0
5kmN3395E4480,0.0
5kmN3395E4485,0.0
5kmN3395E4490,0.0
5kmN3395E4495,0.0
5kmN3395E4505,0.0
5kmN3395E4510,0.0
5kmN3395E4515,0.0
5kmN3395E4520,0.0
5kmN3395E4525,0.0
5kmN3395E4530,0.0
5kmN3395E4535,0.0
5kmN3395E4540,0.0
5kmN3395E4545,0.0
5kmN3395E4550,0.0
5kmN3395E4555,0.0
5kmN3395E4560,0.0
5kmN3395E4565,0.0
5kmN3400E4325,0.0
5kmN3400E4495,0.0
5kmN3400E4500,0.0
5kmN3400E4505,0.0
5kmN3400E4510,0.0
5kmN3400E4515,0.0
5kmN3400E4520,0.0
5kmN3400E4525,0.0
5kmN3400E4530,0.0
5kmN3400E4535,0.0
5kmN3400E4540,0.0
5kmN3400E4545,0.0
5kmN3400E4550,0.0
5kmN3400E4555,0.0
5kmN3400E4560,0.0
5kmN3400E4565,0.0
5kmN3405E4495,0.0
5kmN3405E4500,0.0
5kmN3405E4505,0.0
5kmN3405E4510,0.0
5kmN3405E4515,0.0
5kmN3405E4520,0.0
5kmN3405E4525,0.0
5kmN3405E4530,0.0
5kmN3405E4535,0.0
5kmN3405E4540,0.0
5kmN3405E4545,0.0
5kmN3405E4550,0.0
5kmN3410E4495,0.0
5kmN3410E4500,0.0
5kmN3410E4505,0.0
5kmN3410E4510,0.0
5kmN3410E4515,0.0
5kmN3410E4520,0.0
5kmN3410E4525,0.0
5kmN3410E4530,0.0
5kmN3410E4535,0.0
5kmN3410E4540,0.0
5kmN3415E4500,0.0
5kmN3415E4505,0.0
5kmN3415E4510,0.0
5kmN3415E4515,0.0
5kmN3415E4520,0.0
5kmN3415E4525,0.0
5kmN3415E4530,0.0
5kmN3415E4535,0.0
5kmN3415E4540,0.0
5kmN3420E4500,0.0
5kmN3420E4505,0.0
5kmN3420E4510,0.0
5kmN3420E4515,0.0
5kmN3420E4520,0.0
5kmN3420E4525,0.0
5kmN3420E4530,0.0
5kmN3420E4535,0.0
5kmN3420E4540,0.0
5kmN3425E4505,0.0
5kmN3425E4510,0.0
5kmN3425E4515,0.0
5kmN3425E4520,0.0
5kmN3425E4525,0.0
5kmN3425E4530,0.0
5kmN3425E4535,0.0
5kmN3425E4540,0.0
5kmN3430E4505,0.0
5kmN3430E4510,0.0
5kmN3430E4515,0.0
5kmN3430E4520,0.0
5kmN3430E4525,0.0
5kmN3430E4530,0.0
5kmN3430E4535,0.0
5kmN3435E4315,0.0
5kmN3435E4320,0.0
5kmN3435E4515,0.0
5kmN3435E4520,0.0
5kmN3435E4525,0.0
5kmN3435E4530,0.0
5kmN3435E4535,0.0
5kmN3440E4315,0.0
5kmN3440E4320,0.0
5kmN3440E4325,0.0
5kmN3440E4330,0.0
5kmN3440E4345,0.0
5kmN3440E4350,0.0
5kmN3440E4355,0.0
5kmN3445E4315,0.0
5kmN3445E4320,0.0
5kmN3445E4325,0.0
5kmN3445E4330,0.0
5kmN3445E4335,0.0
5kmN3445E4340,0.0
5kmN3445E4345,0.0
5kmN3445E4350,0.0
5kmN3445E4355,0.0
5kmN3450E4320,0.0
5kmN3450E4325,0.0
5kmN3450E4340,0.0
5kmN3450E4345,0.0
5kmN3450E4350,0.0
5kmN3455E4335,0.0
5kmN3455E4340,0.0
5kmN3455E4345,0.0
5kmN3455E4350,0.0
5kmN3460E4295,0.0
5kmN3460E4310,0.0
5kmN3460E4315,0.0
5kmN3460E4325,0.0
5kmN3460E4330,0.0
5kmN3460E4335,0.0
5kmN3460E4340,0.0
5kmN3465E4295,0.0
5kmN3465E4300,0.0
5kmN3465E4305,0.0
5kmN3465E4310,0.0
5kmN3465E4315,0.0
5kmN3465E4320,0.0
5kmN3465E4325,0.0
5kmN3465E4330,0.0
5kmN3465E4335,0.0
5kmN3465E4350,0.0
5kmN3470E4310,0.0
5kmN3470E4315,0.0
5kmN3470E4320,0.0
5kmN3470E4325,0.0
5kmN3470E4330,0.0
5kmN3470E4335,0.0
5kmN3470E4340,0.0
5kmN3470E4345,0.0
5kmN3470E4350,0.0
5kmN3475E4310,0.0
5kmN3475E4315,0.0
5kmN3475E4320,0.0
5kmN3475E4325,0.0
5kmN3475E4330,0.0
5kmN3475E4335,0.0
5kmN3475E4340,0.0
5kmN3475E4345,0.0
5kmN3480E4305,0.0
5kmN3480E4310,0.0
5kmN3480E4315,0.0
5kmN3480E4320,0.0
5kmN3480E4325,0.0
5kmN3480E4330,0.0
5kmN3485E4305,0.0
5kmN3485E4310,0.0
5kmN3485E4320,0.0
5kmN3485E4325,0.0
5kmN3485E4330,0.0
5kmN2685E4330,0.014052064770673056
5kmN2685E4340,-0.015302986877533398
5kmN2690E4330,-0.00012903621350984773
5kmN2690E4335,-0.011510572420557696
5kmN2690E4340,-0.009958244049251885
5kmN2695E4330,-0.0054026161743864765
5kmN2695E4335,-0.0015436803473904415
5kmN2695E4340,0.00489611788634059
5kmN2695E4345,-0.027045203459922895
5kmN2695E4415,0.027635040648349818
5kmN2700E4325,0.00987476918408764
5kmN2700E4330,-0.006162596941009846
5kmN2700E4335,0.009250842976661289
5kmN2700E4340,-0.002959446884842565
5kmN2700E4345,-0.03459950772541859
5kmN2700E4350,-0.02429738706435397
5kmN2700E4390,0.017128727037565628
5kmN2700E4400,0.0030529851247498296
5kmN2700E4405,-0.008975112816296815
5kmN2700E4410,0.009237167004741864
5kmN2700E4415,0.023329399043485355
5kmN2705E4320,0.01137668704136896
5kmN2705E4325,0.014279121348852175
5kmN2705E4330,0.00203630027248769
5kmN2705E4335,0.005033320855640955
5kmN2705E4340,-0.01513582175452749
5kmN2705E4345,-0.020796022447584217
5kmN2705E4350,-0.023000366142304107
5kmN2705E4390,0.0237594173985739
5kmN2705E4395,0.025238672386389716
5kmN2705E4400,0.025603911938092028
5kmN2705E4405,0.01749332617313415
5kmN2705E4410,0.03992898155958491
5kmN2705E4415,0.043863282290925176
5kmN2710E4295,0.17474979479234348
5kmN2710E4300,0.23582639060325034
5kmN2710E4305,0.25835804063858536
5kmN2710E4310,0.24851652151057832
5kmN2710E4315,0.13008129164835283
5kmN2710E4320,0.011116416260570638
5kmN2710E4325,-0.012990894361820715
5kmN2710E4330,-0.012845987315315999
5kmN2710E4335,-0.015475329078248834
5kmN2710E4340,-0.03179998309021753
5kmN2710E4345,-0.004940648338487896
5kmN2710E4350,-0.008388498272452527
5kmN2710E4375,-0.038832072885309654
5kmN2710E4400,0.015516139864588163
5kmN2710E4405,-0.01080468475579277
5kmN2710E4415,0.04252972949555156
5kmN2710E4425,-0.02047249557148456
5kmN2715E4140,-0.10390190664029408
5kmN2715E4145,-0.056056642516623956
5kmN2715E4150,-0.03677003319992028
5kmN2715E4155,-0.023363198232585536
5kmN2715E4160,-0.04759635168906928
5kmN2715E4165,-0.07958255124073332
5kmN2715E4170,-0.06813978786127672
5kmN2715E4175,-0.0448818406589164
5kmN2715E4190,-0.05018324920325273
5kmN2715E4195,-0.04867339903375528
5kmN2715E4200,-0.04880076419919921
5kmN2715E4205,-0.0734709387912465
5kmN2715E4285,0.3128049621517648
5kmN2715E4290,0.22928411961572667
5kmN2715E4295,0.23099476923804993
5kmN2715E4300,0.2359127029672863
5kmN2715E4305,0.2407926593975647
5kmN2715E4310,0.23928679631963515
5kmN2715E4315,0.20489183383767476
5kmN2715E4320,0.10375207122052738
5kmN2715E4325,0.025928451532480357
5kmN2715E4330,-0.019139458519052577
5kmN2715E4335,-0.023526113999917053
5kmN2715E4340,-0.0303862498411806
5kmN2715E4345,-0.0027464775648984308
5kmN2715E4350,-0.0014214681422992648
5kmN2715E4355,-0.014932559664469103
5kmN2715E4360,-0.006877684932549422
5kmN2715E4365,-0.041314619624351734
5kmN2715E4370,-0.041709966567157475
5kmN2715E4375,-0.049204606521397354
5kmN2715E4390,0.02241535407354156
5kmN2715E4395,0.024737419674813133
5kmN2715E4400,0.011614137636762556
5kmN2715E4405,0.017223574480213166
5kmN2715E4415,0.008010965427595107
5kmN2715E4420,-0.04068183741154677
5kmN2715E4425,-0.014389853786215018
5kmN2715E4435,-0.04597739394828501
5kmN2715E4540,0.005787237203255136
5kmN2720E4135,-0.0689524054598149
5kmN2720E4140,-0.047606875511895325
5kmN2720E4145,0.005201645809901845
5kmN2720E4150,0.0070545125807081055
5kmN2720E4155,-0.0166179982109336
5kmN2720E4160,-0.03023138576698864
5kmN2720E4165,-0.02241111738988344
5kmN2720E4170,-0.03367403838717137
5kmN2720E4175,-0.05534105904327774
5kmN2720E4180,-0.06884971911123966
5kmN2720E4185,-0.06056515523312872
5kmN2720E4190,-0.05167286789658415
5kmN2720E4195,-0.04672494510155828
5kmN2720E4200,-0.04878625130985009
5kmN2720E4205,-0.06623118419767826
5kmN2720E4210,-0.08485081944722178
5kmN2720E4280,0.18430139787587305
5kmN2720E4285,0.2634297628846994
5kmN2720E4290,0.2863880952208302
5kmN2720E4295,0.1846984088159252
5kmN2720E4300,0.11750784640936288
5kmN2720E4305,0.22678700059483523
5kmN2720E4310,0.224788670927461
5kmN2720E4315,0.21979586903423812
5kmN2720E4320,0.21958515213230162
5kmN2720E4325,0.06588346293949923
5kmN2720E4330,0.022830220862482764
5kmN2720E4335,-0.003716290554623247
5kmN2720E4340,-0.039909818835690336
5kmN2720E4345,-0.028828043456186503
5kmN2720E4350,-0.021906400243515256
5kmN2720E4355,-0.015371711731981097
5kmN2720E4360,-0.02176959781217136
5kmN2720E4365,-0.021024739569375728
5kmN2720E4370,-0.05130489827904544
5kmN2720E4375,-0.05314646160231823
5kmN2720E4380,-0.010290884926672905
5kmN2720E4395,0.059808019357217246
5kmN2720E4400,0.04809162409976436
5kmN2720E4405,0.04145160810333015
5kmN2720E4410,0.031246940105898124
5kmN2720E4415,-0.011842442321414681
5kmN2720E4420,-0.034601234836755895
5kmN2720E4425,0.02632524507471376
5kmN2720E4430,0.014467118393465234
5kmN2720E4435,-0.01861781272902477
5kmN2720E4440,0.020301846725994416
5kmN2720E4445,0.07478285296399498
5kmN2720E4450,0.07167366390360352
5kmN2720E4460,0.10327088146505531
5kmN2720E4470,0.11516089021100784
5kmN2720E4480,0.012274423214123975
5kmN2720E4485,0.013999118347922723
5kmN2720E4530,-0.009080879847599976
5kmN2720E4535,-0.03298276555651175
5kmN2720E4540,-0.03772573618505376
5kmN2720E4545,-0.018305034856687885
5kmN2725E4135,-0.03879135149018653
5kmN2725E4140,-0.02184930046269354
5kmN2725E4145,-0.002509799357159087
5kmN2725E4150,0.018688872991104666
5kmN2725E4155,0.0187707774630701
5kmN2725E4160,-0.01688583479072897
5kmN2725E4165,-0.0014993452162034293
5kmN2725E4170,-0.003041909702586637
5kmN2725E4175,-0.021061940363232806
5kmN2725E4180,-0.04192616288997608
5kmN2725E4185,-0.0601927717976527
5kmN2725E4190,-0.06575985355203973
5kmN2725E4195,-0.06723286534644601
5kmN2725E4200,-0.06037213008258707
5kmN2725E4205,-0.05679709713290637
5kmN2725E4210,-0.07472561968048813
5kmN2725E4215,-0.09808456316933711
5kmN2725E4235,0.028952545502730742
5kmN2725E4240,0.03560505244245826
5kmN2725E4255,0.014915972058366228
5kmN2725E4260,0.07706363388959286
5kmN2725E4265,0.20213624050670295
5kmN2725E4270,0.28389810266171017
5kmN2725E4275,0.2842515819131417
5kmN2725E4280,0.24338317257351788
5kmN2725E4285,0.2692594822349297
5kmN2725E4290,0.2778709408620555
5kmN2725E4295,0.29147817193691267
5kmN2725E4300,0.06741865516675216
5kmN2725E4305,0.09193227296131362
5kmN2725E4310,0.14752980920478959
5kmN2725E4315,0.0950621028567033
5kmN2725E4320,0.20063951468426133
5kmN2725E4325,0.044767979197523206
5kmN2725E4330,0.015060210552636955
5kmN2725E4335,0.009904376936058945
5kmN2725E4340,-0.0409525572218738
5kmN2725E4345,-0.06071966920040722
5kmN2725E4350,-0.039481760748442396
5kmN2725E4355,-0.014676626917592361
5kmN2725E4360,-0.017331693546186855
5kmN2725E4365,-0.02202993754240895
5kmN2725E4370,-0.010614802886208807
5kmN2725E4375,-0.05293686554054061
5kmN2725E4380,-0.002301100332372852
5kmN2725E4385,0.017486535855802926
5kmN2725E4390,0.05728991126039823
5kmN2725E4395,0.04902637970213386
5kmN2725E4400,0.04939653401405519
5kmN2725E4405,0.041429282641337994
5kmN2725E4410,0.04103825756792112
5kmN2725E4415,0.01445276164717385
5kmN2725E4420,-0.026104348047119752
5kmN2725E4425,-0.010137176983825769
5kmN2725E4430,-0.0055456616167403605
5kmN2725E4435,0.00517567473623376
5kmN2725E4440,0.011853371250008293
5kmN2725E4450,0.10341858951087751
5kmN2725E4455,0.0851052482180652
5kmN2725E4460,0.09635853047807025
5kmN2725E4465,0.09318305224457063
5kmN2725E4470,0.09440679973711422
5kmN2725E4475,0.043418005008988514
5kmN2725E4480,0.04034398486121432
5kmN2725E4485,0.014755329915038085
5kmN2725E4505,0.0059910299528788125
5kmN2725E4510,0.0012196019140839898
5kmN2725E4535,0.015085612492338363
5kmN2725E4540,0.02702414827287314
5kmN2725E4545,0.015409088120687586
5kmN2725E4550,-0.026561226360337642
5kmN2730E4130,-0.0011239300703383415
5kmN2730E4135,-0.021270768315086425
5kmN2730E4140,-0.021850607734463623
5kmN2730E4145,0.021887113859309693
5kmN2730E4150,0.03418716407350131
5kmN2730E4155,0.03208362959978067
5kmN2730E4160,0.038918065840702315
5kmN2730E4165,0.030966803953665356
5kmN2730E4170,0.007937720026554351
5kmN2730E4175,-0.0006614768185467246
5kmN2730E4180,-0.0192356667817995
5kmN2730E4185,-0.032762300308737224
5kmN2730E4190,-0.049175940244194305
5kmN2730E4195,-0.0610925404352996
5kmN2730E4200,-0.07132812419948395
5kmN2730E4220,0.02006009584576207
5kmN2730E4225,0.0381139195728164
5kmN2730E4230,0.036183309584212425
5kmN2730E4235,0.04046398382684263
5kmN2730E4240,0.02425087540034568
5kmN2730E4245,0.07707963493801925
5kmN2730E4250,0.027607108158772348
5kmN2730E4255,0.01991347913540434
5kmN2730E4260,0.2324069780122489
5kmN2730E4265,0.27688284647593736
5kmN2730E4270,0.2969216096490895
5kmN2730E4275,0.29200830844589376
5kmN2730E4280,0.27547056905787587
5kmN2730E4285,0.2783386139860345
5kmN2730E4290,0.16831462365450864
5kmN2730E4295,0.02762088884325095
5kmN2730E4300,0.0011494106306615126
5kmN2730E4305,-0.009973442295167778
5kmN2730E4310,-0.00206934013598864
5kmN2730E4315,-0.0062298398982064684
5kmN2730E4320,-0.008817744297668517
5kmN2730E4325,-0.019671134072137803
5kmN2730E4330,-0.0027881909834436835
5kmN2730E4335,0.006751985204738076
5kmN2730E4340,-0.028820665648766453
5kmN2730E4345,-0.04955900122131601
5kmN2730E4350,-0.018332866536399373
5kmN2730E4355,-0.001060661850840805
5kmN2730E4360,-0.012068370616344748
5kmN2730E4365,-0.018233684609240963
5kmN2730E4370,-0.008012128977406052
5kmN2730E4375,0.022925664978282467
5kmN2730E4380,-0.010116863676308763
5kmN2730E4385,0.03836355245348022
5kmN2730E4390,0.04593127837691366
5kmN2730E4395,0.059527483772832346
5kmN2730E4400,0.06916838618160592
5kmN2730E4405,0.025374537345437653
5kmN2730E4410,0.02046152956491676
5kmN2730E4415,0.051957329250727435
5kmN2730E4420,0.004399760014157594
5kmN2730E4425,-0.003351072054663201
5kmN2730E4430,0.003520768441536981
5kmN2730E4435,0.005132995205006791
5kmN2730E4440,0.017275048395772513
5kmN2730E4445,0.07175901248507971
5kmN2730E4450,0.09260007364079734
5kmN2730E4455,0.11303772816623545
5kmN2730E4460,0.10424105231443359
5kmN2730E4465,0.12080470241771127
5kmN2730E4470,0.10815276522300987
5kmN2730E4475,0.05236809870931142
5kmN2730E4480,0.05666029805082487
5kmN2730E4485,0.05675719915390462
5kmN2730E4490,0.08523025843332771
5kmN2730E4495,0.037062578817199154
5kmN2730E4500,0.022549686285113668
5kmN2730E4505,0.032633103978307904
5kmN2730E4510,0.004366123650629189
5kmN2730E4515,-0.005162257522173697
5kmN2730E4525,0.0028470454446165028
5kmN2730E4530,-0.021119707629554785
5kmN2730E4540,0.0377379567208346
5kmN2730E4545,0.02489705095792555
5kmN2730E4550,7.790673700508455e-05
5kmN2735E4135,-0.021154900855753028
5kmN2735E4140,-0.01433054999423522
5kmN2735E4145,0.028497228349931236
5kmN2735E4150,0.054399002215484965
5kmN2735E4155,0.05432192833376326
5kmN2735E4160,0.05871753214572534
5kmN2735E4165,0.045128372659153065
5kmN2735E4170,0.010276280842131863
5kmN2735E4175,0.005897521311612031
5kmN2735E4180,-0.014982453643015592
5kmN2735E4185,-0.020438522227865102
5kmN2735E4190,-0.032836167375193404
5kmN2735E4195,-0.04980972232686798
5kmN2735E4200,-0.07446041800666925
5kmN2735E4205,-0.07068933902217348
5kmN2735E4220,0.0021142626035958734
5kmN2735E4225,0.028307354266620455
5kmN2735E4230,0.025598558791924075
5kmN2735E4235,0.031883673707959026
5kmN2735E4240,0.012104349236634726
5kmN2735E4245,0.016583508159999483
5kmN2735E4250,0.02547744008851538
5kmN2735E4255,0.09519683883500998
5kmN2735E4260,0.27524784188822365
5kmN2735E4265,0.2970665497223506
5kmN2735E4270,0.294768566844595
5kmN2735E4275,0.29225799586936724
5kmN2735E4280,0.14581361849390484
5kmN2735E4285,0.029337851493962924
5kmN2735E4290,-0.024470853374719298
5kmN2735E4295,-0.0025163169896655624
5kmN2735E4300,0.010613561586649778
5kmN2735E4305,0.004573511084758147
5kmN2735E4310,-0.015826719061892064
5kmN2735E4315,-0.012532094896585272
5kmN2735E4320,-0.015994963062009537
5kmN2735E4325,-0.01581525419427668
5kmN2735E4330,0.014359744322942347
5kmN2735E4335,-0.006665427225167386
5kmN2735E4340,-0.03022328369307159
5kmN2735E4345,-0.03987963179594972
5kmN2735E4350,-0.031645735488657845
5kmN2735E4355,-0.008266685775453753
5kmN2735E4360,-0.02613889594644342
5kmN2735E4365,-0.03757615695137545
5kmN2735E4370,-0.016232033214443664
5kmN2735E4375,0.03540905969397398
5kmN2735E4380,0.041806118170984785
5kmN2735E4385,0.04412106960664047
5kmN2735E4390,0.04383882406843531
5kmN2735E4395,0.052852327018625744
5kmN2735E4400,0.06342017344602482
5kmN2735E4405,0.045192274943964716
5kmN2735E4410,0.04245980087524756
5kmN2735E4415,0.03877329491161352
5kmN2735E4420,0.02519513388290817
5kmN2735E4425,0.00772527498146755
5kmN2735E4430,0.01951101715890935
5kmN2735E4435,0.0018437402425938443
5kmN2735E4440,0.03390110955060599
5kmN2735E4445,0.11418589316823108
5kmN2735E4450,0.09090960379599383
5kmN2735E4455,0.11390838435377107
5kmN2735E4460,0.08317969757639043
5kmN2735E4465,0.12799015237417488
5kmN2735E4470,0.05932581432718237
5kmN2735E4475,0.05059116207981568
5kmN2735E4480,0.04422589833811216
5kmN2735E4485,0.0679219886084117
5kmN2735E4490,0.07594243140300805
5kmN2735E4495,0.0425350215147155
5kmN2735E4500,0.036307252261874784
5kmN2735E4505,0.03233806375818479
5kmN2735E4510,0.018655027017867643
5kmN2735E4515,0.016094255362158083
5kmN2735E4520,0.0053872422517599605
5kmN2735E4525,0.002503314387302946
5kmN2735E4530,-0.0005211596568392984
5kmN2735E4535,-0.010616883023690404
5kmN2735E4540,-0.011175818992439857
5kmN2735E4545,-0.01934916203279452
5kmN2735E4550,-0.018793608735362455
5kmN2740E4135,-0.06168481901012657
5kmN2740E4140,-0.04273686860182857
5kmN2740E4145,0.01657886110835463
5kmN2740E4150,0.06459309108470387
5kmN2740E4155,0.0655661053071111
5kmN2740E4160,0.06422003090632156
5kmN2740E4165,0.05582704134998459
5kmN2740E4170,0.02681257364711881
5kmN2740E4175,-0.002548222521791016
5kmN2740E4180,-0.0029911265383767427
5kmN2740E4185,-0.005367662422103375
5kmN2740E4190,-0.025189615832873713
5kmN2740E4195,-0.036146845544176354
5kmN2740E4200,-0.06849828330468641
5kmN2740E4205,-0.053423377857459375
5kmN2740E4210,0.1167252434469368
5kmN2740E4215,0.060665509296683795
5kmN2740E4220,0.02654498640897593
5kmN2740E4225,0.026224263447857138
5kmN2740E4230,0.025908469359676528
5kmN2740E4235,0.025943262220861435
5kmN2740E4240,0.0344079080466721
5kmN2740E4245,0.01017788030605607
5kmN2740E4250,0.2084643531007872
5kmN2740E4255,0.28680057289168026
5kmN2740E4260,0.2907813420036785
5kmN2740E4265,0.2868802376147211
5kmN2740E4270,0.29978997855014505
5kmN2740E4275,0.2784566545194729
5kmN2740E4280,0.02844478288254937
5kmN2740E4285,-0.010422237263877948
5kmN2740E4290,-0.021749637481917466
5kmN2740E4295,-0.01763544741457254
5kmN2740E4300,0.02993186943030357
5kmN2740E4305,0.010008997274875475
5kmN2740E4310,-0.013289118542726908
5kmN2740E4315,-0.025307866673794394
5kmN2740E4320,-0.02211576507552218
5kmN2740E4325,-0.021355717206446773
5kmN2740E4330,-0.006094024753731053
5kmN2740E4335,-0.03084877630097188
5kmN2740E4340,-0.04814011940659929
5kmN2740E4345,-0.04121805624061098
5kmN2740E4350,-0.00655597902434657
5kmN2740E4355,-0.001990404474868035
5kmN2740E4360,-0.023075440729797114
5kmN2740E4365,-0.04575558012637987
5kmN2740E4370,-0.02871009958606835
5kmN2740E4375,0.015944478813533725
5kmN2740E4380,0.03622051348667568
5kmN2740E4385,-0.0006656262919814693
5kmN2740E4390,0.034244699754716446
5kmN2740E4395,0.054147677833632335
5kmN2740E4400,0.03633805089451697
5kmN2740E4405,0.03969258228582043
5kmN2740E4410,0.04797809878787446
5kmN2740E4415,0.020659777797356615
5kmN2740E4420,0.04300139411966972
5kmN2740E4425,0.010391031926135469
5kmN2740E4430,0.011127058383146898
5kmN2740E4435,0.004129767413883129
5kmN2740E4440,0.029477176435634106
5kmN2740E4445,0.10631551916145701
5kmN2740E4450,0.1113075627089225
5kmN2740E4455,0.10261164401977399
5kmN2740E4460,0.11793844236908851
5kmN2740E4465,0.0939947756941899
5kmN2740E4470,0.03297157613473686
5kmN2740E4475,0.034205709033134135
5kmN2740E4480,0.019921829199409546
5kmN2740E4485,0.04904168853202637
5kmN2740E4490,0.054387977981240815
5kmN2740E4495,0.06318630534821712
5kmN2740E4500,0.03934198619209839
5kmN2740E4505,0.036716765367463156
5kmN2740E4510,0.007108692987375098
5kmN2740E4515,0.031463165693978445
5kmN2740E4520,0.050493552960418686
5kmN2740E4525,0.05038517999484218
5kmN2740E4530,0.012194347244526282
5kmN2740E4535,-0.017406651579308374
5kmN2740E4540,-0.03372720989334993
5kmN2745E4135,-0.07167368687165218
5kmN2745E4140,-0.0518660306498524
5kmN2745E4145,-0.0270065388896156
5kmN2745E4150,0.010862342780031536
5kmN2745E4155,0.0395144908949408
5kmN2745E4160,0.06532948683872805
5kmN2745E4165,0.056614076638667826
5kmN2745E4170,0.02518314651661052
5kmN2745E4175,0.0046963038212312624
5kmN2745E4180,-0.024475652530721592
5kmN2745E4185,-0.010645074799553761
5kmN2745E4190,-0.037355241996547106
5kmN2745E4195,-0.05226159514082063
5kmN2745E4200,-0.07005217547277126
5kmN2745E4205,0.01825075191556977
5kmN2745E4210,0.1334891825250298
5kmN2745E4215,0.09721445715852728
5kmN2745E4220,0.0354797470620688
5kmN2745E4225,0.02893781498936432
5kmN2745E4230,0.015117511342202905
5kmN2745E4235,0.021288980852654765
5kmN2745E4240,0.020456099770743252
5kmN2745E4245,0.02762046813623098
5kmN2745E4250,0.16648358599928406
5kmN2745E4255,0.19393696126098228
5kmN2745E4260,0.24394831957693247
5kmN2745E4265,0.29783632473669874
5kmN2745E4270,0.20072187747565604
5kmN2745E4275,0.035113868550612826
5kmN2745E4280,0.022991786030227723
5kmN2745E4285,-0.0001530797997175426
5kmN2745E4290,-0.01805299277659564
5kmN2745E4295,-0.022609403108492826
5kmN2745E4300,0.004377914375980008
5kmN2745E4305,-0.00705878773573948
5kmN2745E4310,-0.004735195849803753
5kmN2745E4315,-0.024153613513196087
5kmN2745E4320,-0.030816389397967464
5kmN2745E4325,-0.013252813089685206
5kmN2745E4330,0.028344277886665326
5kmN2745E4335,0.007058348455249608
5kmN2745E4340,-0.025986902997038708
5kmN2745E4345,-0.008294081911610074
5kmN2745E4350,-0.005721475880060667
5kmN2745E4355,0.0070380792488421995
5kmN2745E4360,-0.00798760290305095
5kmN2745E4365,-0.054618856991965836
5kmN2745E4370,-0.02524164717454974
5kmN2745E4375,0.0042808906065184005
5kmN2745E4380,0.031011821149792895
5kmN2745E4385,0.030323752013560717
5kmN2745E4390,0.054644286048207036
5kmN2745E4395,0.06893413542266083
5kmN2745E4400,0.0420348343075343
5kmN2745E4405,0.030502220797048285
5kmN2745E4410,0.048188280090100094
5kmN2745E4415,0.09434885978715252
5kmN2745E4420,0.032182663633466196
5kmN2745E4425,0.017300226438256433
5kmN2745E4430,-0.00398880574266125
5kmN2745E4435,0.022330244419667022
5kmN2745E4440,0.054391342752440425
5kmN2745E4445,0.11647738192255114
5kmN2745E4450,0.12196911391282528
5kmN2745E4455,0.10995130569803871
5kmN2745E4460,0.10066433790934903
5kmN2745E4465,0.04225816899978227
5kmN2745E4470,0.01332658973319073
5kmN2745E4475,0.017808948467852387
5kmN2745E4480,0.005461100528326601
5kmN2745E4485,0.03431160374651057
5kmN2745E4490,0.04353899496657282
5kmN2745E4495,0.037935920620481844
5kmN2745E4500,0.02219995039690173
5kmN2745E4505,0.019725838769487636
5kmN2745E4510,0.02111020890895371
5kmN2745E4515,0.021772606310813847
5kmN2745E4520,0.0408552084317782
5kmN2745E4525,0.043232814661343044
5kmN2745E4530,0.02402321530554824
5kmN2745E4535,-0.008996217028305387
5kmN2745E4540,-0.06442520688245523
5kmN2750E4135,-0.05387501851876439
5kmN2750E4140,-0.04074905488101721
5kmN2750E4145,-0.03796650427343809
5kmN2750E4150,-0.010315304902220046
5kmN2750E4155,0.013409960664901965
5kmN2750E4160,0.04914770819679584
5kmN2750E4165,0.0492390693249819
5kmN2750E4170,0.02017817655917925
5kmN2750E4175,-0.00750300853462188
5kmN2750E4180,-0.003510166962072292
5kmN2750E4185,-0.010065552314057258
5kmN2750E4190,-0.021326531050753328
5kmN2750E4195,-0.04603704935870445
5kmN2750E4200,0.00576411779472738
5kmN2750E4205,0.13565209960869443
5kmN2750E4210,0.12491138871842389
5kmN2750E4215,0.10827069268256201
5kmN2750E4220,0.057728776772504375
5kmN2750E4225,0.044152599400022835
5kmN2750E4230,0.0406044834201473
5kmN2750E4235,0.032007287307419696
5kmN2750E4240,0.028064690444585788
5kmN2750E4245,0.036642124142656746
5kmN2750E4250,0.04626637803960132
5kmN2750E4255,-0.009107319958153587
5kmN2750E4260,-0.02334413374079869
5kmN2750E4265,0.0025190837266563237
5kmN2750E4270,-0.03903635327545202
5kmN2750E4275,0.019372286299657815
5kmN2750E4280,0.01878683762576447
5kmN2750E4285,0.0070557185768462816
5kmN2750E4290,-0.004612415719124963
5kmN2750E4295,-0.008466725789627177
5kmN2750E4300,-0.011905005868256435
5kmN2750E4305,-0.015117797513935077
5kmN2750E4310,-0.014661280469629306
5kmN2750E4315,-0.017127060593632365
5kmN2750E4320,-0.00952950151991569
5kmN2750E4325,-0.007931559109953024
5kmN2750E4330,0.032657382624606435
5kmN2750E4335,0.02934294025912193
5kmN2750E4340,0.03447168817606977
5kmN2750E4345,0.03973452425968885
5kmN2750E4350,0.012169950519558381
5kmN2750E4355,0.007042071810852812
5kmN2750E4360,-0.025196732952254608
5kmN2750E4365,-0.11891138450081112
5kmN2750E4370,-0.0356155364526306
5kmN2750E4375,-0.018541291292275636
5kmN2750E4380,-0.05894991174666288
5kmN2750E4385,-0.06380093257713362
5kmN2750E4390,-0.0380900627212965
5kmN2750E4395,0.06171866850577842
5kmN2750E4400,0.04354431858471075
5kmN2750E4405,0.03762081616172344
5kmN2750E4410,0.13027317952509218
5kmN2750E4415,0.1705052872421819
5kmN2750E4420,0.02335053329185699
5kmN2750E4425,0.004603922373568159
5kmN2750E4430,-0.0028822528705751416
5kmN2750E4435,0.02346989340811187
5kmN2750E4440,0.047751220528086474
5kmN2750E4445,0.08900768776790774
5kmN2750E4450,0.0990228724957149
5kmN2750E4455,0.07715653618416271
5kmN2750E4460,0.04460276733310428
5kmN2750E4465,0.035050855002472264
5kmN2750E4470,0.04489192154573182
5kmN2750E4475,0.03644258118402885
5kmN2750E4480,0.04267576647418614
5kmN2750E4485,0.022753440392618562
5kmN2750E4490,0.061193916337155596
5kmN2750E4495,0.027848685686094166
5kmN2750E4500,0.07707329377645836
5kmN2750E4505,0.00264000627926142
5kmN2750E4510,0.020733510349464523
5kmN2750E4515,0.023087555699530554
5kmN2750E4520,0.03286701313722418
5kmN2750E4525,0.01668856248848899
5kmN2750E4530,-3.6884557070127055e-05
5kmN2750E4535,-0.006491042073234421
5kmN2750E4540,-0.03247369606235717
5kmN2750E4545,-0.05901989274888986
5kmN2755E4135,-0.03786434024596366
5kmN2755E4140,-0.04066069913191639
5kmN2755E4145,-0.02366635147422208
5kmN2755E4150,-0.02722002190328701
5kmN2755E4155,-0.002614518104696706
5kmN2755E4160,0.0386147400630063
5kmN2755E4165,0.009904556377176355
5kmN2755E4170,-0.006409937226003415
5kmN2755E4175,0.019753947093477886
5kmN2755E4180,-0.0006247624191518253
5kmN2755E4185,-0.01499171589090545
5kmN2755E4190,-0.029605270041352827
5kmN2755E4195,-0.007925189053781173
5kmN2755E4200,0.11859625853430492
5kmN2755E4205,0.1241819811087454
5kmN2755E4210,0.11200118493600145
5kmN2755E4215,0.0783667865465654
5kmN2755E4220,0.061180848408221244
5kmN2755E4225,0.05574513362608377
5kmN2755E4230,0.07055930739983399
5kmN2755E4235,0.07326755921410666
5kmN2755E4240,0.060285375998843704
5kmN2755E4245,0.026796888800251106
5kmN2755E4250,-0.015364175432581811
5kmN2755E4255,-0.048377925653337706
5kmN2755E4260,-0.058213413657346724
5kmN2755E4265,-0.04992059101196078
5kmN2755E4270,-0.05490351799511789
5kmN2755E4275,-0.010470872719843233
5kmN2755E4280,0.01567067944098524
5kmN2755E4285,0.006365074477555299
5kmN2755E4290,0.007158226961010344
5kmN2755E4295,0.002678015147234064
5kmN2755E4300,-0.015320715325587986
5kmN2755E4305,-0.0196422839940667
5kmN2755E4310,-0.013493424075850385
5kmN2755E4315,-0.011682581687190219
5kmN2755E4320,-0.01344211454991362
5kmN2755E4325,-0.002390706344959276
5kmN2755E4330,0.09274305302667199
5kmN2755E4335,0.020107229899713863
5kmN2755E4340,0.027382574862108988
5kmN2755E4345,0.04177307358627588
5kmN2755E4350,0.035606178514885733
5kmN2755E4355,0.014228335249353713
5kmN2755E4360,-0.01058713029888031
5kmN2755E4365,-0.03539573284571923
5kmN2755E4370,-0.03511505465673398
5kmN2755E4375,-0.03054580544458238
5kmN2755E4380,-0.08888649303028638
5kmN2755E4385,-0.0989001565206948
5kmN2755E4390,-0.0821427017764406
5kmN2755E4395,-0.0526471086268232
5kmN2755E4400,-0.036772879516656726
5kmN2755E4405,0.018178180619129458
5kmN2755E4410,0.21471080532632475
5kmN2755E4415,0.2344229852831174
5kmN2755E4420,0.09621226325462776
5kmN2755E4425,0.016368036444596196
5kmN2755E4430,0.0037969075209085545
5kmN2755E4435,0.018458084565437488
5kmN2755E4440,0.13424844841436762
5kmN2755E4445,0.14320050548855323
5kmN2755E4450,0.14250237805472335
5kmN2755E4455,0.09216795945318274
5kmN2755E4460,0.04475651754579418
5kmN2755E4465,0.04958616560701554
5kmN2755E4470,0.05174529531567412
5kmN2755E4475,0.039932504443395495
5kmN2755E4480,0.042171820305311025
5kmN2755E4485,0.05417187753270902
5kmN2755E4490,0.06894476609640121
5kmN2755E4495,0.050100309549817645
5kmN2755E4500,0.02774347191382165
5kmN2755E4505,0.07787757640811108
5kmN2755E4510,0.031956653363294785
5kmN2755E4515,0.04647128737953307
5kmN2755E4520,0.048689315849963166
5kmN2755E4525,0.03827722140074877
5kmN2755E4530,0.02837432037515858
5kmN2755E4535,0.0023480484818963476
5kmN2755E4540,-0.022818756024302833
5kmN2760E4140,-0.03971694124748351
5kmN2760E4150,-0.012858073948036092
5kmN2760E4170,-0.005522762765027056
5kmN2760E4175,0.021548790953096558
5kmN2760E4180,0.01894334435176337
5kmN2760E4185,-0.002918646406134817
5kmN2760E4190,0.008793682496057276
5kmN2760E4195,0.14207502574248382
5kmN2760E4200,0.13602931590832917
5kmN2760E4205,0.11391915111785134
5kmN2760E4210,0.099579078972959
5kmN2760E4215,0.09324200538099237
5kmN2760E4220,0.07760730787173459
5kmN2760E4225,0.0529691076775593
5kmN2760E4230,0.05438157779066394
5kmN2760E4235,0.06664823062615804
5kmN2760E4240,0.0670375290028764
5kmN2760E4245,-0.005963849801780052
5kmN2760E4250,-0.06417031716539617
5kmN2760E4255,-0.05108947590846641
5kmN2760E4260,-0.05480397060601927
5kmN2760E4265,-0.04324058690000848
5kmN2760E4270,-0.05655176107351506
5kmN2760E4275,-0.06680833642273523
5kmN2760E4280,-0.039354121952385385
5kmN2760E4285,-0.021757465321222302
5kmN2760E4290,0.019508567396894105
5kmN2760E4295,0.01745023968460857
5kmN2760E4300,0.007028075982706911
5kmN2760E4305,0.005738597959581149
5kmN2760E4310,-0.008274078439703625
5kmN2760E4315,0.013137300004334745
5kmN2760E4320,0.019292796196968998
5kmN2760E4325,0.03131460099907804
5kmN2760E4330,0.08927554451825259
5kmN2760E4335,0.02352262630370794
5kmN2760E4340,0.0260502119937725
5kmN2760E4345,0.03160625579457865
5kmN2760E4350,0.038807343488906576
5kmN2760E4355,0.04010353328325153
5kmN2760E4360,0.009446806966023458
5kmN2760E4365,0.011727789412353862
5kmN2760E4370,-0.022715505457382823
5kmN2760E4375,-0.022249474891668897
5kmN2760E4380,-0.06234805658565892
5kmN2760E4385,-0.09581200353735346
5kmN2760E4390,-0.08516366288202416
5kmN2760E4395,-0.07461966890565504
5kmN2760E4400,-0.10045981140709125
5kmN2760E4405,0.06615654300460333
5kmN2760E4410,0.26763256247856826
5kmN2760E4415,0.2346989582895896
5kmN2760E4420,0.22384787058117644
5kmN2760E4425,0.14169084002795934
5kmN2760E4430,0.1594678254957394
5kmN2760E4435,0.23560285071129689
5kmN2760E4440,0.2746931586619114
5kmN2760E4445,0.2598832191121366
5kmN2760E4450,0.2732714040573438
5kmN2760E4455,0.2114425192390979
5kmN2760E4460,0.08576849010567794
5kmN2760E4465,0.058299517778579224
5kmN2760E4470,0.062340661758566424
5kmN2760E4475,0.06687523680309435
5kmN2760E4480,0.0524438663761459
5kmN2760E4485,0.06254747289162585
5kmN2760E4490,0.07297952484059567
5kmN2760E4495,0.05743826844610039
5kmN2760E4500,0.04607057636911338
5kmN2760E4505,0.016251345202486944
5kmN2760E4510,0.03469928128941835
5kmN2760E4515,0.03301871961176364
5kmN2760E4520,0.040697255695162776
5kmN2760E4525,0.012443728798813974
5kmN2760E4530,0.030414268698609775
5kmN2760E4535,0.008096002812936598
5kmN2760E4540,-0.005355793651901697
5kmN2765E4140,-0.03985172856971406
5kmN2765E4170,0.007752841539864774
5kmN2765E4175,0.025815900225814425
5kmN2765E4180,0.08726455795153723
5kmN2765E4185,0.1546217547651786
5kmN2765E4190,0.1468175356453253
5kmN2765E4195,0.1406732590991165
5kmN2765E4200,0.12814196291375196
5kmN2765E4205,0.11193410021925637
5kmN2765E4210,0.09437501083278504
5kmN2765E4215,0.09649882803874574
5kmN2765E4220,0.06650309369492358
5kmN2765E4225,0.05824987382153174
5kmN2765E4230,0.0631836781605079
5kmN2765E4235,0.07398497928426678
5kmN2765E4240,0.07052672323849263
5kmN2765E4245,-0.02358024394524555
5kmN2765E4250,-0.07992659987569845
5kmN2765E4255,-0.06589957202693314
5kmN2765E4260,-0.06406227011667348
5kmN2765E4265,-0.07451382988355937
5kmN2765E4270,-0.06542385207662554
5kmN2765E4275,-0.06629910976383419
5kmN2765E4280,-0.07022811777939642
5kmN2765E4285,-0.07083700851719063
5kmN2765E4290,0.02446169972311288
5kmN2765E4295,0.02560455662037875
5kmN2765E4300,0.02445695510093293
5kmN2765E4305,0.010974326984152155
5kmN2765E4310,0.010151775817166059
5kmN2765E4315,0.0216265980999627
5kmN2765E4320,0.016641104080767827
5kmN2765E4325,-0.003469592720574566
5kmN2765E4330,0.04985179076439045
5kmN2765E4335,0.06792813729724748
5kmN2765E4340,0.01967494442323653
5kmN2765E4345,0.02649925385999169
5kmN2765E4350,0.0347755791715349
5kmN2765E4355,0.025023908539456297
5kmN2765E4360,0.02700675725119145
5kmN2765E4365,0.01733112339440568
5kmN2765E4370,-0.01498668720655355
5kmN2765E4375,-0.03573525838424135
5kmN2765E4380,-0.0776218421509452
5kmN2765E4385,-0.10632164775809493
5kmN2765E4390,-0.08203748066101398
5kmN2765E4395,-0.08153105322186578
5kmN2765E4400,-0.10276828580575555
5kmN2765E4405,0.12997580500594058
5kmN2765E4410,0.23703712174529284
5kmN2765E4415,0.24019186034780665
5kmN2765E4420,0.23220196768190277
5kmN2765E4425,0.26626988723396483
5kmN2765E4430,0.2711437605878715
5kmN2765E4435,0.2560292856774655
5kmN2765E4440,0.2452594949420302
5kmN2765E4445,0.25241159839507343
5kmN2765E4450,0.20357824368987604
5kmN2765E4455,0.10340758952568214
5kmN2765E4460,0.1051130845719001
5kmN2765E4465,0.10107160160391299
5kmN2765E4470,0.10325164042278068
5kmN2765E4475,0.07260376454341544
5kmN2765E4480,0.052092396932376106
5kmN2765E4485,0.06225899036245347
5kmN2765E4490,0.06105477495974182
5kmN2765E4495,0.03757191425097417
5kmN2765E4500,0.023821310551347674
5kmN2765E4505,0.025765974433567096
5kmN2765E4510,0.024621722577865324
5kmN2765E4515,0.035716219082357836
5kmN2765E4520,0.041658545284751936
5kmN2765E4525,0.006760413988026459
5kmN2765E4530,0.02866831874424758
5kmN2765E4535,0.029742531392443983
5kmN2770E4135,-0.011367890668911279
5kmN2770E4140,-0.0223428639082075
5kmN2770E4145,-0.020847796152383566
5kmN2770E4165,-0.021676122518682228
5kmN2770E4170,0.0051825022648149255
5kmN2770E4185,0.17513847953941675
5kmN2770E4190,0.1695681755313501
5kmN2770E4195,0.15088082305037132
5kmN2770E4200,0.12350724598262103
5kmN2770E4205,0.10330275813607548
5kmN2770E4210,0.08813298606624728
5kmN2770E4215,0.07624513599493027
5kmN2770E4220,0.05860014900504934
5kmN2770E4225,0.06584550105447118
5kmN2770E4230,0.06454474360511589
5kmN2770E4235,0.06610727467212468
5kmN2770E4240,0.035873488779933904
5kmN2770E4245,-0.055542537293535144
5kmN2770E4250,-0.07525742082804554
5kmN2770E4255,-0.08100320249575971
5kmN2770E4260,-0.06636563873859952
5kmN2770E4265,-0.058886584758649885
5kmN2770E4270,-0.07157997080085737
5kmN2770E4275,-0.07536355692726798
5kmN2770E4280,-0.03779634172495033
5kmN2770E4285,0.022525780946282797
5kmN2770E4290,0.03240872618875762
5kmN2770E4295,0.03946146746244006
5kmN2770E4300,0.025187286552956767
5kmN2770E4305,0.002774909675772652
5kmN2770E4310,0.005039265011143407
5kmN2770E4315,0.009767519779551231
5kmN2770E4320,0.013414720983773637
5kmN2770E4325,-0.007150131317265579
5kmN2770E4330,0.00843911670927136
5kmN2770E4335,0.04128705468765509
5kmN2770E4340,0.033073865439785244
5kmN2770E4345,0.04387479676705475
5kmN2770E4350,0.04075565935500888
5kmN2770E4355,0.03368108911013046
5kmN2770E4360,0.03653096346271725
5kmN2770E4365,0.024389141657240654
5kmN2770E4370,0.011966694422908875
5kmN2770E4375,-0.04564892783642052
5kmN2770E4380,-0.11356164851789377
5kmN2770E4385,-0.13116427470935488
5kmN2770E4390,-0.1014082038992651
5kmN2770E4395,-0.08899939576210313
5kmN2770E4400,-0.1153307297141402
5kmN2770E4405,0.17315606315592474
5kmN2770E4410,0.22711807684334556
5kmN2770E4415,0.22135147566950908
5kmN2770E4420,0.210693625527897
5kmN2770E4425,0.23925573560974706
5kmN2770E4430,0.2438818420258096
5kmN2770E4435,0.24034099107909734
5kmN2770E4440,0.23066519393000612
5kmN2770E4445,0.22360923795297777
5kmN2770E4450,0.22929483010608093
5kmN2770E4455,0.09287797960215045
5kmN2770E4460,0.10508896433820958
5kmN2770E4465,0.10801655088849638
5kmN2770E4470,0.10425721244252178
5kmN2770E4475,0.05615238403751449
5kmN2770E4480,0.04424750234245822
5kmN2770E4485,0.04118538375350969
5kmN2770E4490,0.06143606985984168
5kmN2770E4495,0.03964845799170663
5kmN2770E4500,0.03112387019097343
5kmN2770E4505,0.027933066689672575
5kmN2770E4510,0.020261702173978657
5kmN2770E4515,0.04862658605354975
5kmN2770E4520,0.046673297648631984
5kmN2770E4525,0.023468118468565308
5kmN2770E4530,0.020373559656940293
5kmN2775E4140,-0.02320751499791071
5kmN2775E4145,0.011708647577618553
5kmN2775E4185,0.17171953791885985
5kmN2775E4190,0.16117167365973706
5kmN2775E4195,0.15651805965408028
5kmN2775E4200,0.13054358323688886
5kmN2775E4205,0.10898659798630178
5kmN2775E4210,0.07860976829785346
5kmN2775E4215,0.02264254463772078
5kmN2775E4220,0.046504057820299344
5kmN2775E4225,0.055656592613331585
5kmN2775E4230,0.07833113719581575
5kmN2775E4235,0.08898710862835899
5kmN2775E4240,0.052252337500440005
5kmN2775E4245,-0.07601435030005216
5kmN2775E4250,-0.08226756976998284
5kmN2775E4255,-0.08359037630360122
5kmN2775E4260,-0.09062176558859542
5kmN2775E4265,-0.08537012895795998
5kmN2775E4270,-0.007353552098397859
5kmN2775E4275,0.024135623548852736
5kmN2775E4280,0.036982926305726915
5kmN2775E4285,0.0341039591746542
5kmN2775E4290,0.0399921542914336
5kmN2775E4295,0.03422087078139083
5kmN2775E4300,0.018532801789599873
5kmN2775E4305,-0.013201088714209885
5kmN2775E4310,0.011466121053889666
5kmN2775E4315,0.01575481220996794
5kmN2775E4320,0.0198715324178928
5kmN2775E4325,0.0058765847871965204
5kmN2775E4330,0.022262174049394484
5kmN2775E4335,0.03253709616508488
5kmN2775E4340,0.03771312714468711
5kmN2775E4345,0.06311919177008002
5kmN2775E4350,0.04232245144669711
5kmN2775E4355,0.037480798765301554
5kmN2775E4360,0.04145853438983049
5kmN2775E4365,0.047475965257746694
5kmN2775E4380,-0.0984986550338347
5kmN2775E4385,-0.10522491194035143
5kmN2775E4390,-0.10083805933666577
5kmN2775E4395,-0.08283353773249028
5kmN2775E4400,0.03919133703741376
5kmN2775E4405,0.13347917002813017
5kmN2775E4410,0.20382148875273887
5kmN2775E4415,0.19058005669616512
5kmN2775E4420,0.1374479342847547
5kmN2775E4425,0.204613064235392
5kmN2775E4430,0.24685304794209545
5kmN2775E4435,0.2881623314442257
5kmN2775E4440,0.25832581661689524
5kmN2775E4445,0.2153394020214337
5kmN2775E4450,0.14404342787250318
5kmN2775E4455,0.061889808059254925
5kmN2775E4460,0.09734479212104985
5kmN2775E4465,0.10884548646944264
5kmN2775E4470,0.1034896217205708
5kmN2775E4475,0.0544968092201617
5kmN2775E4480,0.045702467760411286
5kmN2775E4485,0.04504140678007634
5kmN2775E4490,0.06874321795314503
5kmN2775E4495,0.047014381121115084
5kmN2775E4500,0.03523666355087707
5kmN2775E4505,0.032634916133816916
5kmN2775E4510,0.0445058109651735
5kmN2775E4515,0.09703096016392593
5kmN2775E4520,0.07244398029572235
5kmN2775E4525,0.04287129552431454
5kmN2780E4180,0.06750710633268228
5kmN2780E4185,0.14631870035081793
5kmN2780E4190,0.15265876990197802
5kmN2780E4195,0.1438827512776349
5kmN2780E4200,0.13316022396174082
5kmN2780E4205,0.11358249190160341
5kmN2780E4210,0.05027489316070505
5kmN2780E4215,0.004695429601722978
5kmN2780E4220,0.011996955419064648
5kmN2780E4225,0.04801490399291644
5kmN2780E4230,0.07909044322176018
5kmN2780E4235,0.12051915974936492
5kmN2780E4240,0.12476878949661077
5kmN2780E4250,0.007602836155541637
5kmN2780E4255,0.03525706400023776
5kmN2780E4260,-0.07559237728680535
5kmN2780E4265,-0.03020037942482212
5kmN2780E4270,0.03398485200416007
5kmN2780E4275,0.02181698884971911
5kmN2780E4280,0.028818751075846055
5kmN2780E4285,0.033320831958669694
5kmN2780E4290,0.029295351283170568
5kmN2780E4295,0.027511226398902383
5kmN2780E4300,0.012016197172805554
5kmN2780E4305,0.005581698849211253
5kmN2780E4310,0.0034726884285722903
5kmN2780E4315,0.009262957451651566
5kmN2780E4320,0.030279419265455132
5kmN2780E4325,0.016012788129294048
5kmN2780E4330,0.05024557480943731
5kmN2780E4335,0.04869351940109465
5kmN2780E4340,0.04349697865993002
5kmN2780E4345,0.05638635986277024
5kmN2780E4350,0.047102022064646976
5kmN2780E4355,0.03500551974588878
5kmN2780E4360,0.05272756471798812
5kmN2780E4385,-0.1036521494273739
5kmN2780E4390,-0.08457027046928133
5kmN2780E4395,-0.0007744782100493619
5kmN2780E4400,0.08422934213843924
5kmN2780E4405,0.0727938944500422
5kmN2780E4410,0.07042289780465166
5kmN2780E4415,0.06393121400843038
5kmN2780E4420,0.09987864894399065
5kmN2780E4425,0.2110041490215761
5kmN2780E4430,0.2364078115414559
5kmN2780E4435,0.31510102563445913
5kmN2780E4440,0.26312076820829705
5kmN2780E4445,0.2228258664997511
5kmN2780E4450,0.08795798041075703
5kmN2780E4455,0.04620572862744832
5kmN2780E4460,0.06789217723262037
5kmN2780E4465,0.08196911973367049
5kmN2780E4470,0.08752957599168079
5kmN2780E4475,0.06579321203496949
5kmN2780E4480,0.05158913280698224
5kmN2780E4485,0.05551897157559421
5kmN2780E4490,0.06463311675493205
5kmN2780E4495,0.06961041027713336
5kmN2780E4500,0.06195058999996644
5kmN2780E4505,0.035230021514894766
5kmN2780E4510,0.06323406648878316
5kmN2780E4515,0.0911276415384529
5kmN2780E4520,0.09558491963655752
5kmN2780E4525,0.08537990288545777
5kmN2785E4140,-0.05697980296338517
5kmN2785E4185,0.019042376981807274
5kmN2785E4190,0.05423549869689753
5kmN2785E4195,0.07172113689313689
5kmN2785E4200,0.0518809428222585
5kmN2785E4205,0.05201278739906309
5kmN2785E4210,0.01927342936858359
5kmN2785E4215,0.009176072976249089
5kmN2785E4220,0.005102566023816035
5kmN2785E4225,0.07347659231073386
5kmN2785E4230,0.11155301116795274
5kmN2785E4235,0.1283169351335059
5kmN2785E4240,0.12024751090962343
5kmN2785E4245,0.11917839490104773
5kmN2785E4250,0.11746112663108882
5kmN2785E4255,0.09974446614144389
5kmN2785E4260,-0.08705085307793595
5kmN2785E4265,-0.06883303071674934
5kmN2785E4270,0.044421520469185294
5kmN2785E4275,0.05529535783195205
5kmN2785E4280,0.0414384818486804
5kmN2785E4285,0.05283388680220824
5kmN2785E4290,0.040976203784720305
5kmN2785E4295,0.05031622310511233
5kmN2785E4300,0.021474410442694436
5kmN2785E4305,0.008792831863267847
5kmN2785E4310,-0.007515171899768941
5kmN2785E4315,-0.002650019104675355
5kmN2785E4320,0.014004639199718505
5kmN2785E4325,0.02089853231389871
5kmN2785E4330,0.04253096780851215
5kmN2785E4335,0.06089928534706052
5kmN2785E4340,0.03382341873072836
5kmN2785E4345,0.01111637865538806
5kmN2785E4350,0.023569962834466468
5kmN2785E4355,0.044334406857552744
5kmN2785E4360,0.04404458618632881
5kmN2785E4385,-0.08559334866575605
5kmN2785E4400,0.08481553443061071
5kmN2785E4405,0.07723679284500656
5kmN2785E4410,0.047610599860822
5kmN2785E4415,0.05216564623707942
5kmN2785E4420,0.08819742538260489
5kmN2785E4425,0.17712127123086074
5kmN2785E4430,0.22129372098112166
5kmN2785E4435,0.20720286257956916
5kmN2785E4440,0.2314455996916897
5kmN2785E4445,0.2271686305282553
5kmN2785E4450,0.11258743672512367
5kmN2785E4455,0.06869853611417061
5kmN2785E4460,0.008381967031489107
5kmN2785E4465,-0.09506665382760104
5kmN2785E4470,-0.10993865187347873
5kmN2785E4475,-0.03698980161865778
5kmN2785E4480,0.05238482901645741
5kmN2785E4485,0.06729243520865502
5kmN2785E4490,0.06709415220206777
5kmN2785E4495,0.04674632096339548
5kmN2785E4500,0.060647311208806565
5kmN2785E4505,0.06616162344166948
5kmN2785E4510,0.08046979685426217
5kmN2785E4515,0.09948845828090416
5kmN2785E4520,0.08198249973234126
5kmN2785E4525,0.09205765613415623
5kmN2785E4530,0.07697974219332548
5kmN2790E4165,0.025660710774193685
5kmN2790E4185,0.00463130320120364
5kmN2790E4190,0.012762725398604735
5kmN2790E4195,0.049119632342354835
5kmN2790E4200,0.03971192678391666
5kmN2790E4205,0.03693587244229768
5kmN2790E4210,0.026137009366244995
5kmN2790E4215,0.008054568875538237
5kmN2790E4220,0.011981278461998646
5kmN2790E4225,0.09499822251198653
5kmN2790E4230,0.087930207976913
5kmN2790E4235,0.09029463939140844
5kmN2790E4240,0.1169774382326079
5kmN2790E4245,0.12298830032643349
5kmN2790E4250,0.12940208777642367
5kmN2790E4255,-0.03508478782629948
5kmN2790E4260,-0.08533405628416552
5kmN2790E4265,-0.08001612454511109
5kmN2790E4270,0.035055135114307134
5kmN2790E4275,0.0767279752716602
5kmN2790E4280,0.05629534121582888
5kmN2790E4285,0.040330530542739745
5kmN2790E4290,0.04370580982067754
5kmN2790E4295,0.038479607341774136
5kmN2790E4300,0.03065058951724023
5kmN2790E4305,0.0036673909810328864
5kmN2790E4310,-0.015422820929380465
5kmN2790E4315,-0.008627895329212265
5kmN2790E4320,0.029234827427787435
5kmN2790E4325,0.018922132704180944
5kmN2790E4330,0.03715781504771956
5kmN2790E4335,0.055286535068708204
5kmN2790E4340,0.026166223287268364
5kmN2790E4345,0.0033106350987029687
5kmN2790E4350,0.01074911089554989
5kmN2790E4355,0.006899914789322614
5kmN2790E4400,0.07063998077273992
5kmN2790E4405,0.0782427872854238
5kmN2790E4410,0.08035807338667209
5kmN2790E4415,0.043923424168283265
5kmN2790E4420,0.009935846777195667
5kmN2790E4425,0.004377807218937088
5kmN2790E4430,0.15430524997680944
5kmN2790E4435,0.23358418210336912
5kmN2790E4440,0.21125630827282382
5kmN2790E4445,0.23283119722814966
5kmN2790E4450,-0.02163341949578501
5kmN2790E4455,-0.14761702856907283
5kmN2790E4460,-0.1382614722973047
5kmN2790E4465,-0.13499332520878649
5kmN2790E4470,-0.11758225079315635
5kmN2790E4475,-0.11558149782904653
5kmN2790E4480,-0.09609277438539182
5kmN2790E4485,0.01878107950469929
5kmN2790E4490,0.06871684710172737
5kmN2790E4495,0.06299425788527419
5kmN2790E4500,0.04723247769643224
5kmN2790E4505,0.05709562723843237
5kmN2790E4510,0.06363714196747475
5kmN2790E4515,0.09150704863496109
5kmN2790E4520,0.09099333464502538
5kmN2790E4525,0.10128009172971969
5kmN2790E4530,0.08989442716375404
5kmN2790E4535,0.08666249860261963
5kmN2790E4540,0.11660724186371968
5kmN2795E4150,-0.006340621234206395
5kmN2795E4155,-0.021029391536726505
5kmN2795E4160,-0.0019849760167116037
5kmN2795E4165,0.037129858825405815
5kmN2795E4170,0.02249609665638358
5kmN2795E4175,0.018230706507758015
5kmN2795E4180,0.02766836375604298
5kmN2795E4185,0.0071858022210739
5kmN2795E4190,0.0002681114909771909
5kmN2795E4195,0.03757982770729637
5kmN2795E4200,0.04499523217880974
5kmN2795E4205,0.03225337877457865
5kmN2795E4210,0.02989808090484075
5kmN2795E4215,0.008476558083063246
5kmN2795E4220,0.05334295222877361
5kmN2795E4225,0.09681630442372313
5kmN2795E4230,0.0872948841252025
5kmN2795E4235,0.07956910570059242
5kmN2795E4240,0.11315120204850712
5kmN2795E4245,0.11995604005511298
5kmN2795E4250,0.11633606368432237
5kmN2795E4255,0.11405875558933978
5kmN2795E4260,0.04292288333949118
5kmN2795E4265,0.04789222692992154
5kmN2795E4270,0.07951851261333848
5kmN2795E4275,0.0721884536807697
5kmN2795E4280,0.06597251096119411
5kmN2795E4285,0.05211573127894875
5kmN2795E4290,0.04598278722757257
5kmN2795E4295,0.024917725413026615
5kmN2795E4300,0.03408773112330987
5kmN2795E4305,0.02495618582079226
5kmN2795E4310,0.006564345044863584
5kmN2795E4315,0.014199327403883272
5kmN2795E4320,0.022487346977569628
5kmN2795E4325,0.032810254054139315
5kmN2795E4330,0.03778809398927763
5kmN2795E4335,0.0526477833173668
5kmN2795E4340,0.03439793489128684
5kmN2795E4345,0.007014796432767562
5kmN2795E4350,0.007835305626016947
5kmN2795E4355,0.008383472891863475
5kmN2795E4360,0.01243852017147587
5kmN2795E4405,0.05883987693052489
5kmN2795E4410,0.035794950832438166
5kmN2795E4415,0.02170630806936452
5kmN2795E4420,0.019843669131022493
5kmN2795E4425,0.02782036057803884
5kmN2795E4430,0.05723817279259824
5kmN2795E4435,0.16732721651828292
5kmN2795E4440,0.11281995065325018
5kmN2795E4445,0.14101881169685898
5kmN2795E4450,-0.11595493977517701
5kmN2795E4455,-0.15631798227780747
5kmN2795E4460,-0.14159141560348876
5kmN2795E4465,-0.12988683438666637
5kmN2795E4470,-0.12317944241427442
5kmN2795E4475,-0.12108739803317248
5kmN2795E4480,-0.1216556639607693
5kmN2795E4485,-0.003151791033818796
5kmN2795E4490,0.06571410680342504
5kmN2795E4495,0.06899739615198086
5kmN2795E4500,0.06548056051167683
5kmN2795E4505,0.05207920202096172
5kmN2795E4510,0.0702408074506641
5kmN2795E4515,0.08071671832261168
5kmN2795E4520,0.087904482587089
5kmN2795E4525,0.09984270566118103
5kmN2795E4530,0.09873579377004282
5kmN2795E4535,0.1190971022031515
5kmN2795E4540,0.11159704314895397
5kmN2795E4545,0.09533659249809179
5kmN2800E4150,-0.023049214559848763
5kmN2800E4155,-0.0222293824081492
5kmN2800E4160,-0.02539197662486803
5kmN2800E4165,0.01824675627702399
5kmN2800E4170,0.01758090540600371
5kmN2800E4175,0.005277866049323704
5kmN2800E4180,0.016740933927844814
5kmN2800E4185,0.012140213247441523
5kmN2800E4190,0.008699714079203585
5kmN2800E4195,0.04539903838330295
5kmN2800E4200,0.10852119035824909
5kmN2800E4205,0.11774837997098866
5kmN2800E4210,0.019425469175371718
5kmN2800E4215,0.0027135020253237496
5kmN2800E4220,-0.0025837184563718973
5kmN2800E4225,0.0746115705692662
5kmN2800E4230,0.0924785544041419
5kmN2800E4235,0.0940527223260458
5kmN2800E4240,0.08572231604150013
5kmN2800E4245,0.09034356115803116
5kmN2800E4250,0.11497258492720316
5kmN2800E4255,0.11421704774856872
5kmN2800E4260,0.08763428400969384
5kmN2800E4265,0.07499408485024092
5kmN2800E4270,0.07850859396181295
5kmN2800E4275,0.07828363674347977
5kmN2800E4280,0.07279156126407277
5kmN2800E4285,0.06158860477017311
5kmN2800E4290,0.04434385199798224
5kmN2800E4295,0.03840065032660406
5kmN2800E4300,0.020041351699292997
5kmN2800E4305,0.021070033098819968
5kmN2800E4310,0.017910411198584997
5kmN2800E4315,0.05875585115643317
5kmN2800E4320,0.014781560625665768
5kmN2800E4325,0.03378682900179725
5kmN2800E4330,0.045858937223886675
5kmN2800E4335,0.04351564530358712
5kmN2800E4340,0.018836182880201557
5kmN2800E4345,0.010813903333707853
5kmN2800E4350,0.015341577918082966
5kmN2800E4355,0.004320939338555457
5kmN2800E4410,0.03555575845401461
5kmN2800E4415,0.04625427976352904
5kmN2800E4420,0.041986410340535504
5kmN2800E4425,0.0363386166739252
5kmN2800E4430,0.02273335298721839
5kmN2800E4435,0.044688558038179046
5kmN2800E4440,0.07846767049871134
5kmN2800E4445,0.06274487550779259
5kmN2800E4450,-0.11149159985470153
5kmN2800E4455,-0.19057082548260323
5kmN2800E4460,-0.15409540372714808
5kmN2800E4465,-0.1280611068889255
5kmN2800E4470,-0.11971427683358749
5kmN2800E4475,-0.12417636352495554
5kmN2800E4480,-0.11796083399136698
5kmN2800E4485,-0.046951300182897004
5kmN2800E4490,0.057754801904396885
5kmN2800E4495,0.06776489997293905
5kmN2800E4500,0.06827557359779868
5kmN2800E4505,0.07087998462109135
5kmN2800E4510,0.08545802189073548
5kmN2800E4515,0.10086770569139081
5kmN2800E4520,0.11509978600118623
5kmN2800E4525,0.1198907417846923
5kmN2800E4530,0.13311519374026637
5kmN2800E4535,0.13881576242193205
5kmN2800E4540,0.15054613678262163
5kmN2800E4545,0.14208165229842246
5kmN2800E4550,0.109074992626633
5kmN2800E4555,0.008301586154130292
5kmN2800E4560,-0.0647130406551677
5kmN2805E4150,-0.021847784710585405
5kmN2805E4155,-0.02126665340639461
5kmN2805E4160,-0.042090406471198494
5kmN2805E4165,-0.0014311950440417942
5kmN2805E4170,0.006091730967336062
5kmN2805E4175,0.004034606938906005
5kmN2805E4180,0.014906416598992611
5kmN2805E4185,0.010605731287090553
5kmN2805E4190,0.07502663191988274
5kmN2805E4195,0.10598613192093836
5kmN2805E4200,0.1670784452850285
5kmN2805E4205,0.13775439237950587
5kmN2805E4210,0.02312732567070172
5kmN2805E4215,0.006375067278614838
5kmN2805E4220,0.006796181098197351
5kmN2805E4225,0.06121896823948747
5kmN2805E4230,0.08901012809630804
5kmN2805E4235,0.08009646972366286
5kmN2805E4240,0.0638882191706133
5kmN2805E4245,0.016665895310650464
5kmN2805E4250,-0.003823262520352977
5kmN2805E4255,0.07062577574639883
5kmN2805E4260,0.07994377808939596
5kmN2805E4265,0.06323835672067779
5kmN2805E4270,0.07313916227175388
5kmN2805E4275,0.07612848613856354
5kmN2805E4280,0.07866718974477138
5kmN2805E4285,0.07053157007664726
5kmN2805E4290,0.05655532323632598
5kmN2805E4295,0.04123919060808734
5kmN2805E4300,0.031139098070962046
5kmN2805E4305,0.03161238642962019
5kmN2805E4310,0.06503184519469929
5kmN2805E4315,0.036523999322556136
5kmN2805E4320,-0.009772698818973774
5kmN2805E4325,0.022870704476614045
5kmN2805E4330,0.03323959998407558
5kmN2805E4335,0.0031704933228576537
5kmN2805E4340,0.007917968909535833
5kmN2805E4345,0.008443052678823143
5kmN2805E4350,0.005580652050983265
5kmN2805E4355,0.010656245901198014
5kmN2805E4410,0.04846655893294978
5kmN2805E4415,0.04905819399443402
5kmN2805E4420,0.04731446258540063
5kmN2805E4425,0.051013483664232154
5kmN2805E4430,0.0707848624507329
5kmN2805E4435,0.09737447182847558
5kmN2805E4440,0.08769259045942895
5kmN2805E4445,0.05400160543689858
5kmN2805E4450,-0.11773982868806632
5kmN2805E4455,-0.2284351215110078
5kmN2805E4460,-0.1651370292917142
5kmN2805E4465,-0.1278770680518553
5kmN2805E4470,-0.12280831278848581
5kmN2805E4475,-0.12325019600725157
5kmN2805E4480,-0.09995743771808832
5kmN2805E4485,-0.01809609168326995
5kmN2805E4490,0.004630439758621457
5kmN2805E4495,0.03659702561392797
5kmN2805E4500,0.0765724696803394
5kmN2805E4505,0.08209859235624067
5kmN2805E4510,0.09406849632086292
5kmN2805E4515,0.12462122149425192
5kmN2805E4520,0.13316798762382137
5kmN2805E4525,0.1294634654514445
5kmN2805E4530,0.14104814434519808
5kmN2805E4535,0.14832522439574514
5kmN2805E4540,0.15378782192298834
5kmN2805E4545,0.163495146339722
5kmN2805E4550,0.09214502802873914
5kmN2805E4555,-0.04018297599007914
5kmN2805E4560,-0.048190097906217644
5kmN2805E4565,-0.06739779975682625
5kmN2810E4150,-0.018292999100130214
5kmN2810E4155,-0.01930498918863005
5kmN2810E4160,-0.03395835509891415
5kmN2810E4165,-0.04058864115892885
5kmN2810E4170,-0.010134506940732257
5kmN2810E4175,-0.007560409689745862
5kmN2810E4180,0.012900932995924819
5kmN2810E4185,0.004302696838766579
5kmN2810E4190,0.12510640837730141
5kmN2810E4195,0.1536579098789681
5kmN2810E4200,0.1576049480373981
5kmN2810E4205,0.1413075586301613
5kmN2810E4210,0.11702663377534447
5kmN2810E4215,0.10821682336964839
5kmN2810E4220,0.10441718144338863
5kmN2810E4225,0.10590862522452124
5kmN2810E4230,-0.02315487203112787
5kmN2810E4235,-0.038611641235023836
5kmN2810E4240,-0.061759544040965925
5kmN2810E4245,-0.057431413302287515
5kmN2810E4250,-0.08205361112351206
5kmN2810E4255,0.0152125935252449
5kmN2810E4260,0.06428341474036436
5kmN2810E4265,0.0660812768044316
5kmN2810E4270,0.0672031418987307
5kmN2810E4275,0.07231684017741455
5kmN2810E4280,0.0673919918132154
5kmN2810E4285,0.06826832025116975
5kmN2810E4290,0.0694774759704479
5kmN2810E4295,0.055591437413608585
5kmN2810E4300,0.04021738295465893
5kmN2810E4305,0.03198309810994732
5kmN2810E4310,0.01892663468258135
5kmN2810E4315,0.05178770441849975
5kmN2810E4320,0.03829131506365148
5kmN2810E4325,-0.0007054160293115397
5kmN2810E4330,0.002640769940258636
5kmN2810E4335,-0.016187991176545014
5kmN2810E4340,-0.01080341998527018
5kmN2810E4345,0.006567239174954859
5kmN2810E4350,-0.005003306787969286
5kmN2810E4355,0.009633526735836367
5kmN2810E4415,0.06318120120353492
5kmN2810E4420,0.056738152424544344
5kmN2810E4425,0.046497860804189314
5kmN2810E4430,0.0803413779938589
5kmN2810E4435,0.10139418704930697
5kmN2810E4440,0.10316412816410031
5kmN2810E4445,0.10647797141929011
5kmN2810E4450,0.09844063339361192
5kmN2810E4455,-0.0004791248693165606
5kmN2810E4460,-0.12013921878706213
5kmN2810E4465,-0.13742147822120354
5kmN2810E4470,-0.1054495418247105
5kmN2810E4475,-0.10780615038180258
5kmN2810E4480,-0.04859372530203551
5kmN2810E4485,-0.004304388034622936
5kmN2810E4490,0.009339694751798355
5kmN2810E4495,0.008447149199341586
5kmN2810E4500,0.05287268009383661
5kmN2810E4505,0.0866519792516931
5kmN2810E4510,0.1104269090710574
5kmN2810E4515,0.13228500235439844
5kmN2810E4520,0.1223955280749065
5kmN2810E4525,0.1260782880201301
5kmN2810E4530,0.140401209388114
5kmN2810E4535,0.1416539361682458
5kmN2810E4540,0.13972776442765178
5kmN2810E4545,0.14410738963016312
5kmN2810E4550,-0.00019692014257227664
5kmN2810E4555,-0.04158821583367606
5kmN2810E4560,-0.0433955926385734
5kmN2810E4565,-0.049024415466875526
5kmN2810E4570,-0.06455279677750325
5kmN2815E4155,-0.027669989409631
5kmN2815E4160,-0.041472678412324104
5kmN2815E4165,-0.05702282670490988
5kmN2815E4170,-0.03801508014053162
5kmN2815E4175,-0.0028877012657620715
5kmN2815E4180,-0.00028432196752409267
5kmN2815E4185,-0.0032214253071197185
5kmN2815E4190,0.07630953935490858
5kmN2815E4195,0.15901385561611747
5kmN2815E4200,0.13288334678132066
5kmN2815E4205,0.1362420615696982
5kmN2815E4210,0.1337169995371934
5kmN2815E4215,0.12995371971564038
5kmN2815E4220,0.11271751401653116
5kmN2815E4225,0.1172068876305436
5kmN2815E4230,0.027646375868517592
5kmN2815E4235,-0.06340849320227901
5kmN2815E4240,-0.07286090057351646
5kmN2815E4245,-0.07321740733650742
5kmN2815E4250,-0.08037495883584889
5kmN2815E4255,-0.018721950103266938
5kmN2815E4260,0.01429840510793201
5kmN2815E4265,0.04853953909774264
5kmN2815E4270,0.07139908233937128
5kmN2815E4275,0.06380909382202421
5kmN2815E4280,0.06585446227466937
5kmN2815E4285,0.07942855406804156
5kmN2815E4290,0.0679728736297498
5kmN2815E4295,0.04879399284895117
5kmN2815E4300,0.04027738380193546
5kmN2815E4305,0.04221036463889388
5kmN2815E4310,0.02246833825322664
5kmN2815E4315,0.00351198940719763
5kmN2815E4320,0.02818860450566746
5kmN2815E4325,0.007382863219517005
5kmN2815E4330,0.005379085965007913
5kmN2815E4335,-0.011193662910125107
5kmN2815E4340,-0.015050453059525293
5kmN2815E4345,-0.010574268356396244
5kmN2815E4350,0.004325852168836464
5kmN2815E4355,0.011001939417236456
5kmN2815E4420,0.05835572640768427
5kmN2815E4425,0.052920861494050175
5kmN2815E4430,0.0651453780321643
5kmN2815E4435,0.1078987613245813
5kmN2815E4440,0.10950580275400901
5kmN2815E4445,0.1312692933923188
5kmN2815E4450,0.12884253496144144
5kmN2815E4455,0.12480819802374665
5kmN2815E4460,0.10417327980830299
5kmN2815E4465,0.030448467057241482
5kmN2815E4470,-0.01949374199676318
5kmN2815E4475,-0.006977444554877865
5kmN2815E4480,0.004467471728968192
5kmN2815E4485,0.0011217982729447573
5kmN2815E4490,0.00403120010204433
5kmN2815E4495,0.018164388806292425
5kmN2815E4500,0.03166968331021991
5kmN2815E4505,0.11583369849255098
5kmN2815E4510,0.1217440154433827
5kmN2815E4515,0.13071405761601385
5kmN2815E4520,0.1313343588145694
5kmN2815E4525,0.1354773299714449
5kmN2815E4530,0.1484176714014151
5kmN2815E4535,0.13945958828715121
5kmN2815E4540,0.14347349410546412
5kmN2815E4545,0.14382183879772892
5kmN2815E4550,0.11780676958040975
5kmN2815E4555,-0.018212832874872742
5kmN2815E4560,-0.04566690032471421
5kmN2815E4565,-0.056266251468507944
5kmN2815E4570,-0.06367399546430025
5kmN2820E4155,-0.024488461984560228
5kmN2820E4160,-0.030611172988396884
5kmN2820E4165,-0.054387437410228945
5kmN2820E4170,-0.049882358121997206
5kmN2820E4175,-0.026079569423649696
5kmN2820E4180,-0.010677274648867696
5kmN2820E4185,-0.0018435462302813233
5kmN2820E4190,0.1355670882585434
5kmN2820E4195,0.15673089602099002
5kmN2820E4200,0.1492823273128218
5kmN2820E4205,0.15806644738335243
5kmN2820E4210,0.1433841593483943
5kmN2820E4215,0.1298418313776118
5kmN2820E4220,0.10312671659893907
5kmN2820E4225,0.09770968885469272
5kmN2820E4230,0.11666077263713842
5kmN2820E4235,0.005479598942803268
5kmN2820E4240,-0.07407664710600503
5kmN2820E4245,-0.06691741658102324
5kmN2820E4250,-0.08437358439734582
5kmN2820E4255,-0.051726445260761866
5kmN2820E4260,0.04680018420937199
5kmN2820E4265,0.016713891591006946
5kmN2820E4270,0.04602954777680171
5kmN2820E4275,0.07939322566015097
5kmN2820E4280,0.09537278662928589
5kmN2820E4285,0.10489348348859093
5kmN2820E4290,0.07053168158397158
5kmN2820E4295,0.06049511779409464
5kmN2820E4300,0.04187288821317675
5kmN2820E4305,0.0433890523450608
5kmN2820E4310,0.02840699714682718
5kmN2820E4315,0.02485185383363886
5kmN2820E4320,0.023062388323090988
5kmN2820E4325,0.007849695329371409
5kmN2820E4330,0.0315763555350585
5kmN2820E4335,0.0564587771263817
5kmN2820E4340,0.0038113330021415925
5kmN2820E4345,-0.04939134404697082
5kmN2820E4350,-0.03621018747061827
5kmN2820E4355,-0.03859980774344701
5kmN2820E4360,-0.02263225431448132
5kmN2820E4410,-0.029526321898726532
5kmN2820E4415,0.0015692263113059324
5kmN2820E4420,0.05835509701466704
5kmN2820E4425,0.05620635104697347
5kmN2820E4430,0.05138763022428741
5kmN2820E4435,0.042933083651340354
5kmN2820E4440,0.07131025051030256
5kmN2820E4445,0.13902931732837204
5kmN2820E4450,0.14173972220881476
5kmN2820E4455,0.13210247518439616
5kmN2820E4460,0.13030221352598909
5kmN2820E4465,0.03991945988516621
5kmN2820E4470,0.01245029937114911
5kmN2820E4475,-0.007912218834572271
5kmN2820E4480,-0.005377041325794141
5kmN2820E4485,0.00987554005559721
5kmN2820E4490,0.017991112819278482
5kmN2820E4495,0.028599959715984308
5kmN2820E4500,0.03873379051242287
5kmN2820E4505,0.09937086768982961
5kmN2820E4510,0.12548057030195725
5kmN2820E4515,0.12517508411013895
5kmN2820E4520,0.1406109479487886
5kmN2820E4525,0.1496150351789503
5kmN2820E4530,0.15662447485985725
5kmN2820E4535,0.14577313135818742
5kmN2820E4540,0.1452584234981345
5kmN2820E4545,0.1446777085958887
5kmN2820E4550,0.02338122287592842
5kmN2820E4555,-0.011777664875244565
5kmN2820E4560,-0.04151126523534959
5kmN2820E4565,-0.04506757855633714
5kmN2820E4570,-0.06013534215987004
5kmN2820E4575,-0.047740655310223756
5kmN2825E4155,-0.01503849868320889
5kmN2825E4160,-0.015073108660060841
5kmN2825E4165,-0.04477410745211591
5kmN2825E4170,-0.06175782805528224
5kmN2825E4175,-0.05533045271329545
5kmN2825E4180,-0.02562937223186007
5kmN2825E4185,0.003609524547424331
5kmN2825E4190,0.15015829796732957
5kmN2825E4195,0.1475811864033636
5kmN2825E4200,0.14537208759205109
5kmN2825E4205,0.16562145875869735
5kmN2825E4210,0.15466335007887083
5kmN2825E4215,0.12361715408398274
5kmN2825E4220,0.10546618531322943
5kmN2825E4225,0.12981549912106716
5kmN2825E4230,0.3322897254686113
5kmN2825E4235,0.23335911537353377
5kmN2825E4240,-0.03266486383856426
5kmN2825E4245,-0.05235660444556012
5kmN2825E4250,-0.06861800915768007
5kmN2825E4255,-0.028514503970332172
5kmN2825E4260,0.05021319801015103
5kmN2825E4265,0.04143340312740329
5kmN2825E4270,0.08942668849251967
5kmN2825E4275,0.12314340682915242
5kmN2825E4280,0.15048608698659266
5kmN2825E4285,0.1525283282399726
5kmN2825E4290,0.10018065092305706
5kmN2825E4295,0.07972087432827879
5kmN2825E4300,0.057084350036217424
5kmN2825E4305,0.04741831116083481
5kmN2825E4310,0.04548309942885115
5kmN2825E4315,0.05189287892164285
5kmN2825E4320,0.04140643849796061
5kmN2825E4325,0.04522646253291482
5kmN2825E4330,0.07746566349456899
5kmN2825E4335,0.09812361495023944
5kmN2825E4340,0.08006579964859628
5kmN2825E4345,-0.02938256642610443
5kmN2825E4350,-0.05223837992786767
5kmN2825E4355,-0.0577703088815838
5kmN2825E4360,-0.03495442556267042
5kmN2825E4365,-0.03312176631456182
5kmN2825E4370,-0.022741374060992137
5kmN2825E4410,0.003581302823641108
5kmN2825E4415,-0.011130825161496133
5kmN2825E4420,0.04042005674353244
5kmN2825E4425,0.05798033508195355
5kmN2825E4430,0.05375078124896837
5kmN2825E4435,0.039941353533971324
5kmN2825E4440,0.06178275175685133
5kmN2825E4445,0.13213611601234448
5kmN2825E4450,0.14221534130597552
5kmN2825E4455,0.1464033106472133
5kmN2825E4460,0.15070565103698302
5kmN2825E4465,0.02724722796483972
5kmN2825E4470,0.04426846674815069
5kmN2825E4475,0.16261046747948224
5kmN2825E4480,0.17214496629961362
5kmN2825E4485,0.03199266060072348
5kmN2825E4490,0.027770312187960777
5kmN2825E4495,0.036073379985548215
5kmN2825E4500,0.04343589682747023
5kmN2825E4505,0.0903081958224618
5kmN2825E4510,0.0942709705370692
5kmN2825E4515,0.09328527723112465
5kmN2825E4520,0.12933666665410687
5kmN2825E4525,0.14970148982320874
5kmN2825E4530,0.1465559099178254
5kmN2825E4535,0.14948539118624404
5kmN2825E4540,0.1368474068590017
5kmN2825E4545,0.133462464421441
5kmN2825E4550,-0.025745435347863055
5kmN2825E4555,-0.03296180751395145
5kmN2825E4560,-0.035236210471815355
5kmN2825E4565,-0.03538638076532302
5kmN2825E4570,-0.028910423589517842
5kmN2825E4575,-0.021579689235564303
5kmN2825E4590,0.02686413534360732
5kmN2825E4595,0.0055129492907353694
5kmN2830E4155,0.021218476154034382
5kmN2830E4160,0.015813409995696942
5kmN2830E4165,-0.054542355576674695
5kmN2830E4170,-0.05391138955698965
5kmN2830E4175,-0.07009153278354047
5kmN2830E4180,-0.06408936620015138
5kmN2830E4185,-0.016341145297993853
5kmN2830E4190,0.12357699542741618
5kmN2830E4195,0.13061217898840244
5kmN2830E4200,0.15404848123044915
5kmN2830E4205,0.15427534062388099
5kmN2830E4210,0.1321090015760537
5kmN2830E4215,0.10523527018981849
5kmN2830E4220,0.10859015440118247
5kmN2830E4225,0.14546062831610568
5kmN2830E4230,0.285393113872874
5kmN2830E4235,0.31935227274744
5kmN2830E4240,0.2991479441207296
5kmN2830E4245,0.2896566121897495
5kmN2830E4250,0.15746106515606872
5kmN2830E4255,0.1300062193584641
5kmN2830E4260,0.08734012428327445
5kmN2830E4265,0.1083561227869897
5kmN2830E4270,0.09035851212847612
5kmN2830E4275,0.11917260442300354
5kmN2830E4280,0.1152100876841407
5kmN2830E4285,0.12460314114784415
5kmN2830E4290,0.1092963678350791
5kmN2830E4295,0.10672553290868322
5kmN2830E4300,0.0835353364307336
5kmN2830E4305,0.07033963638746166
5kmN2830E4310,0.07271662930515924
5kmN2830E4315,0.07594620043681666
5kmN2830E4320,0.08691547919855458
5kmN2830E4325,0.10841572818967884
5kmN2830E4330,0.10059360366239542
5kmN2830E4335,0.11557431677570393
5kmN2830E4340,0.07936124539447337
5kmN2830E4345,-0.029595520677974663
5kmN2830E4350,-0.032076175716182376
5kmN2830E4355,-0.03702708401417548
5kmN2830E4360,-0.042831061625568656
5kmN2830E4365,-0.03972784792042405
5kmN2830E4370,-0.027174169491394784
5kmN2830E4410,0.010715847959704566
5kmN2830E4415,0.004630361070966094
5kmN2830E4420,0.04800326296807969
5kmN2830E4425,0.06149426887771198
5kmN2830E4430,0.04346681024033444
5kmN2830E4435,0.03314518632010574
5kmN2830E4440,0.03818440911033083
5kmN2830E4445,0.1065146363301175
5kmN2830E4450,0.1236196217999031
5kmN2830E4455,0.07794908532774228
5kmN2830E4460,0.05090009159425238
5kmN2830E4465,0.009938908202342195
5kmN2830E4470,0.007956325050158058
5kmN2830E4475,0.00601803335338838
5kmN2830E4480,0.01530577553961493
5kmN2830E4485,0.1088176912714203
5kmN2830E4490,0.005029206339988684
5kmN2830E4495,0.06763738998665758
5kmN2830E4500,0.08575566208303603
5kmN2830E4505,0.09648400570589108
5kmN2830E4510,0.10058201771886771
5kmN2830E4515,0.07602573206737576
5kmN2830E4520,0.08621258331725878
5kmN2830E4525,0.13447947171393532
5kmN2830E4530,0.14830993294398293
5kmN2830E4535,0.1368851172898191
5kmN2830E4540,0.07315767053393524
5kmN2830E4545,-0.00989216654282804
5kmN2830E4550,-0.03135969345606121
5kmN2830E4555,-0.027052640105586667
5kmN2830E4560,-0.029055046072590462
5kmN2830E4565,-0.01717761280485658
5kmN2830E4570,0.020221214439048618
5kmN2830E4575,0.06308655169260113
5kmN2830E4580,-0.014126593047001257
5kmN2830E4585,-0.02543927431083748
5kmN2830E4590,-0.010434745074795027
5kmN2830E4595,0.025236783113484096
5kmN2835E4160,-0.012039720049791314
5kmN2835E4165,-0.05698314563739071
5kmN2835E4170,-0.05128634027481538
5kmN2835E4175,-0.08513739391994052
5kmN2835E4180,-0.07998464196601363
5kmN2835E4185,0.034734855151576816
5kmN2835E4190,0.12342627063260997
5kmN2835E4195,0.11975813498284635
5kmN2835E4200,0.13808883073293884
5kmN2835E4205,0.13001826564023322
5kmN2835E4210,0.13258443492265926
5kmN2835E4215,0.12126687555283683
5kmN2835E4220,0.11138786229030254
5kmN2835E4225,0.10936054385975874
5kmN2835E4230,0.23314135847517517
5kmN2835E4235,0.3422503892260629
5kmN2835E4240,0.3253571324001444
5kmN2835E4245,0.32407810321581426
5kmN2835E4250,0.3333088867046693
5kmN2835E4255,0.2766139267907835
5kmN2835E4260,0.08387348299298991
5kmN2835E4265,0.09929584257744312
5kmN2835E4270,0.09143176099423353
5kmN2835E4275,0.107477009353796
5kmN2835E4280,0.12011867146858807
5kmN2835E4285,0.10416336110609539
5kmN2835E4290,0.08008343027101439
5kmN2835E4295,0.07630465431171793
5kmN2835E4300,0.07210380743923706
5kmN2835E4305,0.09393234634519482
5kmN2835E4310,0.0964271475366481
5kmN2835E4315,0.11296297589685467
5kmN2835E4320,0.11991349343716057
5kmN2835E4325,0.12869441689481026
5kmN2835E4330,0.10412371209328108
5kmN2835E4335,0.1082866058939467
5kmN2835E4340,0.01755343502263687
5kmN2835E4345,0.016639545744115997
5kmN2835E4350,0.0015733674760610994
5kmN2835E4355,-0.02438014079510581
5kmN2835E4360,-0.02162754016568119
5kmN2835E4365,-0.015436716184494326
5kmN2835E4370,0.023653464284364545
5kmN2835E4375,0.09861073326556746
5kmN2835E4380,0.1201646164238403
5kmN2835E4385,0.1163546122909613
5kmN2835E4390,0.14243047081250737
5kmN2835E4395,0.049970056135970886
5kmN2835E4400,0.00917748146163766
5kmN2835E4405,0.0038483184256183633
5kmN2835E4410,-0.0013557383709400794
5kmN2835E4415,0.005504009831137635
5kmN2835E4420,0.0168092178676712
5kmN2835E4425,0.051451891366417396
5kmN2835E4430,0.041889263768543294
5kmN2835E4435,0.06328417706677203
5kmN2835E4440,0.060095274854360975
5kmN2835E4445,0.020461991709053023
5kmN2835E4450,0.007500458255961018
5kmN2835E4455,0.0176206093745174
5kmN2835E4460,0.008683494401653807
5kmN2835E4465,0.015032851478409104
5kmN2835E4470,0.01179286811935551
5kmN2835E4475,0.0034724885180847653
5kmN2835E4480,-0.0013101176844858564
5kmN2835E4485,0.011404495655595898
5kmN2835E4490,0.00836658617553529
5kmN2835E4495,0.07147687598239666
5kmN2835E4500,0.05139152753799975
5kmN2835E4505,0.07735718753732407
5kmN2835E4510,0.07174488141871299
5kmN2835E4515,0.07830044794700403
5kmN2835E4520,0.0805388602459258
5kmN2835E4525,0.08526599616977804
5kmN2835E4530,0.09367110295411207
5kmN2835E4535,0.10174594868961798
5kmN2835E4540,0.013399150040979357
5kmN2835E4545,-0.03540191331168635
5kmN2835E4550,-0.03957823704136598
5kmN2835E4555,-0.03617964312411759
5kmN2835E4560,-0.038871899898507645
5kmN2835E4565,0.022902289431786405
5kmN2835E4570,0.0477285321121515
5kmN2835E4575,0.044279837791038945
5kmN2835E4580,-0.015845837531740237
5kmN2835E4585,-0.002343974157423212
5kmN2835E4590,0.008987990665658141
5kmN2835E4595,0.03176243233124987
5kmN2835E4600,0.03343843840131144
5kmN2840E4165,-0.07597971773549789
5kmN2840E4170,-0.04184369787887293
5kmN2840E4175,0.008235710022717002
5kmN2840E4180,0.055109183003113904
5kmN2840E4185,0.08911429312824815
5kmN2840E4190,0.3315158078614156
5kmN2840E4195,0.14811881936388133
5kmN2840E4200,0.12840177469704842
5kmN2840E4205,0.13421286423120277
5kmN2840E4210,0.12045721871009352
5kmN2840E4215,0.13286812908531076
5kmN2840E4220,0.1175665115535339
5kmN2840E4225,0.10599369630992811
5kmN2840E4230,0.12364155728468756
5kmN2840E4235,0.2997281983472249
5kmN2840E4240,0.3252522415802735
5kmN2840E4245,0.2897602820226749
5kmN2840E4250,0.31626635665610764
5kmN2840E4255,0.14268193309135446
5kmN2840E4260,0.1138681557857914
5kmN2840E4265,0.08208689254363619
5kmN2840E4270,0.09096750527392533
5kmN2840E4275,0.11006731747396842
5kmN2840E4280,0.12440817186795139
5kmN2840E4285,0.09803112892799301
5kmN2840E4290,0.0851628401962275
5kmN2840E4295,0.0702149356655789
5kmN2840E4300,0.08280318555706243
5kmN2840E4305,0.10173754474048224
5kmN2840E4310,0.11041504769566549
5kmN2840E4315,0.10573829532555595
5kmN2840E4320,0.12952914153311873
5kmN2840E4325,0.12495827377095606
5kmN2840E4330,0.10581546423694493
5kmN2840E4335,0.12023447533518117
5kmN2840E4340,0.08340692068023686
5kmN2840E4345,0.11358877869005013
5kmN2840E4350,0.08986538325192953
5kmN2840E4355,0.060290757951229484
5kmN2840E4360,-0.011057473313292432
5kmN2840E4365,0.04217888350890375
5kmN2840E4370,0.14222312827306563
5kmN2840E4375,0.12540119675876746
5kmN2840E4380,0.10890937644536686
5kmN2840E4385,0.1202309985458914
5kmN2840E4390,0.11737715445884273
5kmN2840E4395,0.008639602168865085
5kmN2840E4400,0.015458827062471286
5kmN2840E4405,-0.005210852896496865
5kmN2840E4410,-0.023142643541049474
5kmN2840E4415,-0.027064483664377942
5kmN2840E4420,0.07013704900452394
5kmN2840E4425,0.05622732443843831
5kmN2840E4430,0.050339142487246746
5kmN2840E4435,0.0507136685509037
5kmN2840E4440,0.05348879457676445
5kmN2840E4445,0.015388559632827342
5kmN2840E4450,0.030046781901097552
5kmN2840E4455,0.025118149175441806
5kmN2840E4460,0.018295673202970597
5kmN2840E4465,0.021320880424492983
5kmN2840E4470,0.008726594749982108
5kmN2840E4475,0.011660517170889367
5kmN2840E4480,0.005425107148967434
5kmN2840E4485,0.0072098361547597856
5kmN2840E4490,0.019204277272854953
5kmN2840E4495,0.04709540523125094
5kmN2840E4500,0.05693751223329957
5kmN2840E4505,0.06516146102915532
5kmN2840E4510,0.05456047798423663
5kmN2840E4515,0.0620623130860469
5kmN2840E4520,0.07265061858020214
5kmN2840E4525,0.06972633830815372
5kmN2840E4530,0.05974625007258033
5kmN2840E4535,0.02996558068547217
5kmN2840E4540,0.009372176901435103
5kmN2840E4545,0.004032026499509123
5kmN2840E4550,-0.0581001443714253
5kmN2840E4555,-0.03704732244979442
5kmN2840E4560,-0.023905273696002705
5kmN2840E4565,-0.01956994643810428
5kmN2840E4570,-0.013537857579654755
5kmN2840E4575,-0.006995717495315745
5kmN2840E4580,-0.004758390069997953
5kmN2840E4585,-0.0021801325843444075
5kmN2840E4590,0.02267324540231963
5kmN2840E4595,0.039140126910257145
5kmN2840E4600,0.03527971113284312
5kmN2845E4170,0.037878292021103765
5kmN2845E4175,0.06831107212302429
5kmN2845E4180,0.12386446940321444
5kmN2845E4185,0.2802473516052375
5kmN2845E4190,0.3946748776637491
5kmN2845E4195,0.22776634832020906
5kmN2845E4200,0.11840447666250381
5kmN2845E4210,0.1158293792294971
5kmN2845E4215,0.12620651543391725
5kmN2845E4220,0.12861685016458288
5kmN2845E4225,0.11274941424261992
5kmN2845E4230,0.12927787530640766
5kmN2845E4235,0.2884256374418501
5kmN2845E4240,0.34360505571131955
5kmN2845E4245,0.3289602395669237
5kmN2845E4250,0.2996078630062386
5kmN2845E4255,0.2809754973247617
5kmN2845E4260,0.2557114974166941
5kmN2845E4265,0.12257205565012691
5kmN2845E4270,0.11483020573053443
5kmN2845E4275,0.13076981422673742
5kmN2845E4280,0.1447673276008684
5kmN2845E4285,0.12070835723008463
5kmN2845E4290,0.11010338434052774
5kmN2845E4295,0.10543678245067367
5kmN2845E4300,0.11158956175423518
5kmN2845E4305,0.13040975993914045
5kmN2845E4310,0.14160209773354554
5kmN2845E4315,0.12374631086514415
5kmN2845E4320,0.12754251400399363
5kmN2845E4325,0.12845997278842386
5kmN2845E4330,0.12615169248729544
5kmN2845E4335,0.13105994938829874
5kmN2845E4340,0.12236705867097586
5kmN2845E4345,0.12404249743148141
5kmN2845E4350,0.14329657790724404
5kmN2845E4355,0.13946225153295574
5kmN2845E4360,0.04684156583248292
5kmN2845E4365,0.08321183753373335
5kmN2845E4370,0.1538557287591814
5kmN2845E4375,0.14799292901443042
5kmN2845E4380,0.14060761428332674
5kmN2845E4385,0.1420775668495222
5kmN2845E4390,0.10767396846490898
5kmN2845E4395,-0.002406863739465498
5kmN2845E4400,0.012910632133785321
5kmN2845E4405,0.01138198455371825
5kmN2845E4410,-0.0034047515958717522
5kmN2845E4415,0.1038019020370991
5kmN2845E4420,0.23002493285352177
5kmN2845E4425,0.2080049686557256
5kmN2845E4430,0.03361167952690933
5kmN2845E4435,0.049949340586071395
5kmN2845E4440,0.049779633048891686
5kmN2845E4445,0.026858203475728287
5kmN2845E4450,0.036178448478912134
5kmN2845E4455,0.027347203237241324
5kmN2845E4460,0.02424668771850702
5kmN2845E4465,0.02960792003524093
5kmN2845E4470,0.010063077930714565
5kmN2845E4475,0.013568742894978503
5kmN2845E4480,-0.0020190969510126
5kmN2845E4485,-0.011944418125677148
5kmN2845E4490,0.017129088871324694
5kmN2845E4495,0.07006767075232687
5kmN2845E4500,0.07077889153088407
5kmN2845E4505,0.054704318602538465
5kmN2845E4510,0.049442932130155326
5kmN2845E4515,0.05643585338559576
5kmN2845E4520,0.06617643854831151
5kmN2845E4525,0.04751230152873659
5kmN2845E4530,-0.0058739992994226164
5kmN2845E4535,-0.012658808060250715
5kmN2845E4540,0.007774518490190452
5kmN2845E4545,0.011217529292411377
5kmN2845E4550,-0.004432827836007458
5kmN2845E4555,-0.007492516910997227
5kmN2845E4560,-0.021762709652694
5kmN2845E4565,-0.009398058259495246
5kmN2845E4570,0.0026362462361113614
5kmN2845E4575,-0.007884326525795626
5kmN2845E4580,-0.005210254103660994
5kmN2845E4585,0.016707582078812788
5kmN2845E4590,0.030732202985692902
5kmN2845E4595,0.0419804701423655
5kmN2845E4600,0.04551817905298439
5kmN2850E4170,0.07034257265937172
5kmN2850E4175,0.042226160995990414
5kmN2850E4180,0.06571969314808887
5kmN2850E4185,0.2264041776727399
5kmN2850E4190,0.3833451740563749
5kmN2850E4195,0.1139788826171364
5kmN2850E4200,0.11651885071239676
5kmN2850E4205,0.12096166237247519
5kmN2850E4210,0.11814282643218138
5kmN2850E4215,0.1328151710995743
5kmN2850E4220,0.12977349326983387
5kmN2850E4225,0.1277446900831854
5kmN2850E4230,0.17613225158676676
5kmN2850E4235,0.3280126312008884
5kmN2850E4240,0.3519023443319634
5kmN2850E4245,0.34383526096507117
5kmN2850E4250,0.2482080941526842
5kmN2850E4255,0.30108714053509095
5kmN2850E4260,0.27200151802822986
5kmN2850E4265,0.20426165686426728
5kmN2850E4270,0.13946663289870903
5kmN2850E4275,0.14656773109530746
5kmN2850E4280,0.15039482523842526
5kmN2850E4285,0.14572680197407323
5kmN2850E4290,0.1325218647771742
5kmN2850E4295,0.11334221803655262
5kmN2850E4300,0.1099546310130125
5kmN2850E4305,0.09669763272195242
5kmN2850E4310,0.10520629014780669
5kmN2850E4315,0.11474746591808152
5kmN2850E4320,0.12299714188762415
5kmN2850E4325,0.10809860272926797
5kmN2850E4330,0.12009361233478344
5kmN2850E4335,0.11014939981889144
5kmN2850E4340,0.09601956601687897
5kmN2850E4345,0.11064631145576179
5kmN2850E4350,0.14869809192889288
5kmN2850E4355,0.17072084257687492
5kmN2850E4360,0.1569092500748544
5kmN2850E4365,0.15944100731332972
5kmN2850E4370,0.1582801265367086
5kmN2850E4375,0.15968741847052614
5kmN2850E4380,0.16457953097645692
5kmN2850E4385,0.16662433969873902
5kmN2850E4390,0.10642439033880807
5kmN2850E4395,0.02227513107283982
5kmN2850E4400,0.02882567678097958
5kmN2850E4405,0.020790855050669993
5kmN2850E4410,0.06007432846629379
5kmN2850E4415,0.18403346924943137
5kmN2850E4420,0.20135416479511986
5kmN2850E4425,0.255578872636318
5kmN2850E4430,0.0474556158843758
5kmN2850E4435,0.05871292310791232
5kmN2850E4440,0.08254994315338149
5kmN2850E4445,0.02089542712485118
5kmN2850E4450,0.012975945889120127
5kmN2850E4455,0.04493584909999937
5kmN2850E4460,0.023317423150605032
5kmN2850E4465,0.04264205282615344
5kmN2850E4470,0.015660574000220806
5kmN2850E4480,-0.07386746079720768
5kmN2850E4485,-0.08255318645188764
5kmN2850E4490,-0.0862675705947265
5kmN2850E4495,-0.025744020832864117
5kmN2850E4500,-0.005788077863810803
5kmN2850E4505,-0.059256506815876575
5kmN2850E4510,-0.08726861876168723
5kmN2850E4515,-0.03518737199670119
5kmN2850E4520,0.02406181866838608
5kmN2850E4525,-0.0057374076330575785
5kmN2850E4530,-0.005539418957154096
5kmN2850E4535,0.008136754993900763
5kmN2850E4540,-0.007577848046917024
5kmN2850E4545,-0.0008090712256252908
5kmN2850E4550,0.013553202172997825
5kmN2850E4555,0.03313286281971639
5kmN2850E4560,-0.028493732617930145
5kmN2850E4565,-0.009912943238804484
5kmN2850E4570,-0.000663738001133507
5kmN2850E4575,-0.012907120059306831
5kmN2850E4580,-0.02350560457436557
5kmN2850E4585,-0.005050818495581588
5kmN2850E4590,0.009244257100969877
5kmN2850E4595,0.018124707970711695
5kmN2850E4600,0.008572950137411717
5kmN2855E4180,0.05140376870586011
5kmN2855E4185,0.23621065494908655
5kmN2855E4190,0.14627584931164436
5kmN2855E4195,0.09678389922933142
5kmN2855E4200,0.12119288232911962
5kmN2855E4205,0.11778275885555206
5kmN2855E4210,0.1298111330398739
5kmN2855E4215,0.138535792523006
5kmN2855E4220,0.1335492017364021
5kmN2855E4225,0.14056695210868572
5kmN2855E4230,0.13409239775756893
5kmN2855E4235,0.1778404898350456
5kmN2855E4240,0.3559342287557991
5kmN2855E4245,0.2885319678614345
5kmN2855E4250,0.23222481627646563
5kmN2855E4255,0.2582397434666612
5kmN2855E4260,0.3316786167261509
5kmN2855E4265,0.16702504026153292
5kmN2855E4270,0.13393450015899172
5kmN2855E4275,0.15456110459686584
5kmN2855E4280,0.17197694671404967
5kmN2855E4285,0.16366140898272136
5kmN2855E4290,0.1676119633302166
5kmN2855E4295,0.16093652090364333
5kmN2855E4300,0.15117777646160943
5kmN2855E4305,0.12627187413979765
5kmN2855E4310,0.12129575944577131
5kmN2855E4315,0.10821723648695616
5kmN2855E4320,0.10425415846745942
5kmN2855E4325,0.07525971772904155
5kmN2855E4330,0.10917880961778939
5kmN2855E4335,0.11992012813101638
5kmN2855E4340,0.11940423134469547
5kmN2855E4345,0.11604156953908973
5kmN2855E4350,0.1237983530224403
5kmN2855E4355,0.1650603138323483
5kmN2855E4360,0.1738700205044306
5kmN2855E4365,0.16894039012870085
5kmN2855E4370,0.16194936739015425
5kmN2855E4375,0.16673420767944722
5kmN2855E4380,0.17181031483598125
5kmN2855E4385,0.17801625767128798
5kmN2855E4390,0.123040819993261
5kmN2855E4395,0.018529726481683412
5kmN2855E4400,0.02602690598351104
5kmN2855E4405,0.011280701249124572
5kmN2855E4410,0.0008944085982870859
5kmN2855E4415,-0.011291502299940234
5kmN2855E4420,0.04605165745311145
5kmN2855E4425,0.02380937157172139
5kmN2855E4430,0.007042634784327276
5kmN2855E4435,0.02308025243115154
5kmN2855E4440,0.015595937019691294
5kmN2855E4445,0.03547004566049858
5kmN2855E4450,0.06146275230795417
5kmN2855E4455,0.05267651662434075
5kmN2855E4460,0.03210145917914442
5kmN2855E4465,0.020704491104789557
5kmN2855E4470,0.043765417173217275
5kmN2855E4485,-0.09633625157006004
5kmN2855E4490,-0.07552079246643567
5kmN2855E4495,-0.08940241708754904
5kmN2855E4500,-0.08795449234298319
5kmN2855E4505,-0.0991775878938374
5kmN2855E4510,-0.10771490219179242
5kmN2855E4515,-0.11721201391989094
5kmN2855E4520,-0.0794337052983203
5kmN2855E4525,-0.04112378762715335
5kmN2855E4530,-0.03589795133798268
5kmN2855E4535,-0.013443034955796518
5kmN2855E4540,-0.009087473624822595
5kmN2855E4545,-0.009275471406518465
5kmN2855E4550,0.02487815247746583
5kmN2855E4555,0.037824524290221484
5kmN2855E4560,-0.02749907429278864
5kmN2855E4565,-0.02055404089830526
5kmN2855E4570,-0.0178809630356484
5kmN2855E4575,-0.022385364777435857
5kmN2855E4580,-0.010955139198063846
5kmN2855E4585,-0.0009052732754896153
5kmN2855E4590,0.009527521050549992
5kmN2855E4595,0.01000750343026452
5kmN2855E4600,0.014891365357568076
5kmN2860E4180,0.060973702157553766
5kmN2860E4185,0.08681678933866743
5kmN2860E4190,0.06857481636209031
5kmN2860E4195,0.0559799327540228
5kmN2860E4200,0.10228479810481308
5kmN2860E4205,0.10995076035997234
5kmN2860E4210,0.11002754405216014
5kmN2860E4215,0.11931812938988307
5kmN2860E4220,0.11899445579395429
5kmN2860E4225,0.15425943651661084
5kmN2860E4230,0.13599124557478282
5kmN2860E4235,0.15375858613146223
5kmN2860E4240,0.24737952283649037
5kmN2860E4245,0.22365108030425468
5kmN2860E4250,0.22348657872696737
5kmN2860E4255,0.24018884887596553
5kmN2860E4260,0.257044769700558
5kmN2860E4265,0.22059571745420786
5kmN2860E4270,0.16973063907941624
5kmN2860E4275,0.1627464429939542
5kmN2860E4280,0.19214552327905365
5kmN2860E4285,0.17342255927557865
5kmN2860E4290,0.1891666687343094
5kmN2860E4295,0.1981395362898128
5kmN2860E4300,0.17194696394471448
5kmN2860E4305,0.14412756926830078
5kmN2860E4310,0.12307665151599007
5kmN2860E4315,0.12014429944275712
5kmN2860E4320,0.107174245794223
5kmN2860E4325,0.10847861410712395
5kmN2860E4330,0.10597350237718756
5kmN2860E4335,0.11880430499035669
5kmN2860E4340,0.12616469168220085
5kmN2860E4345,0.12283304677734558
5kmN2860E4350,0.1284785434534227
5kmN2860E4355,0.16999404030375492
5kmN2860E4360,0.17584936181398353
5kmN2860E4365,0.1712021366353474
5kmN2860E4370,0.16889485546170482
5kmN2860E4375,0.18453598212657119
5kmN2860E4380,0.19250231725413913
5kmN2860E4385,0.20175586155287445
5kmN2860E4390,0.12301138625775315
5kmN2860E4395,0.024394582237653284
5kmN2860E4400,0.028684803689842484
5kmN2860E4405,0.017164950687390337
5kmN2860E4410,0.008276558505479328
5kmN2860E4415,0.006479026703256799
5kmN2860E4420,0.00399838339448301
5kmN2860E4425,0.0025583548394365746
5kmN2860E4430,0.024508997759534093
5kmN2860E4435,0.017274144374203063
5kmN2860E4440,0.017753156390203237
5kmN2860E4445,0.03266455030734833
5kmN2860E4450,0.05439781153931533
5kmN2860E4455,0.036197556688063015
5kmN2860E4460,0.025695791841799875
5kmN2860E4465,0.03590097887820584
5kmN2860E4470,0.02443444861488661
5kmN2860E4495,-0.06830831338024293
5kmN2860E4500,-0.09212111558201
5kmN2860E4505,-0.016790510664889458
5kmN2860E4510,-0.08991447879757516
5kmN2860E4515,-0.12232290984296254
5kmN2860E4520,-0.10555072685046393
5kmN2860E4525,-0.10156840719024116
5kmN2860E4530,-0.032018794334495115
5kmN2860E4535,-0.027701157224904904
5kmN2860E4540,0.009760036692848473
5kmN2860E4545,0.02936589252839583
5kmN2860E4550,0.045469904838253306
5kmN2860E4555,0.008749575857333158
5kmN2860E4560,-0.014719882914710214
5kmN2860E4565,-0.017767309732966474
5kmN2860E4570,-0.014429092709033475
5kmN2860E4575,-0.002336179975000352
5kmN2860E4580,0.0011880902442780172
5kmN2860E4585,0.015273423258831964
5kmN2860E4590,0.01638814603834704
5kmN2860E4595,0.020198282477219165
5kmN2865E4180,0.06992719902562233
5kmN2865E4185,0.07034060277886736
5kmN2865E4190,0.10360614550584385
5kmN2865E4195,0.05217828940439623
5kmN2865E4200,0.05286073919390705
5kmN2865E4205,0.08959878239389474
5kmN2865E4210,0.09080931210321425
5kmN2865E4215,0.10747940832024105
5kmN2865E4220,0.12431602735933533
5kmN2865E4225,0.1302912521475605
5kmN2865E4230,0.12910499109734797
5kmN2865E4235,0.13354424565772374
5kmN2865E4240,0.20357823461214325
5kmN2865E4245,0.23167386878778623
5kmN2865E4250,0.2305762814859847
5kmN2865E4255,0.22909510088136148
5kmN2865E4260,0.24528964361563393
5kmN2865E4265,0.24768342762397594
5kmN2865E4270,0.21955494536023296
5kmN2865E4275,0.1833527399330742
5kmN2865E4280,0.1732609961949852
5kmN2865E4285,0.18421139149101956
5kmN2865E4290,0.2030956792834766
5kmN2865E4295,0.18729378350250916
5kmN2865E4300,0.15481050871522267
5kmN2865E4305,0.13132412846960845
5kmN2865E4310,0.11412848797493283
5kmN2865E4315,0.138433084524842
5kmN2865E4320,0.13487458552339537
5kmN2865E4325,0.12688794310236384
5kmN2865E4330,0.1152839038598415
5kmN2865E4335,0.11313163058202272
5kmN2865E4340,0.12516021727173746
5kmN2865E4345,0.12668909575718523
5kmN2865E4350,0.13968694093638967
5kmN2865E4355,0.1820912477137353
5kmN2865E4360,0.17865059260640603
5kmN2865E4365,0.18099984108352832
5kmN2865E4370,0.20136986513519756
5kmN2865E4375,0.19799731087705513
5kmN2865E4380,0.21795424680301956
5kmN2865E4385,0.22080109520372315
5kmN2865E4390,0.21140387665321636
5kmN2865E4395,0.14283133155310773
5kmN2865E4400,0.008796385841856727
5kmN2865E4405,0.008492831649642138
5kmN2865E4410,0.017254891571352696
5kmN2865E4415,0.014549865999360548
5kmN2865E4420,0.010114573581422606
5kmN2865E4425,0.017032325992198297
5kmN2865E4430,0.028822414565036217
5kmN2865E4435,0.02056402137402631
5kmN2865E4440,0.023194463366041265
5kmN2865E4445,0.038708332564966696
5kmN2865E4450,0.05622469551863779
5kmN2865E4455,0.04148388793852792
5kmN2865E4460,0.015143683260269603
5kmN2865E4465,0.03339792857999102
5kmN2865E4470,0.02166819090039407
5kmN2865E4500,-0.09551528669673795
5kmN2865E4505,0.045695963410291585
5kmN2865E4510,0.021117898286402703
5kmN2865E4515,-0.08397394308861506
5kmN2865E4520,-0.10798079298379526
5kmN2865E4525,-0.10012659797211237
5kmN2865E4530,-0.009221891612472999
5kmN2865E4535,0.01712866043208322
5kmN2865E4540,0.05320943232909875
5kmN2865E4545,0.0795660089091963
5kmN2865E4550,0.08306987990987252
5kmN2865E4555,0.08513109601155466
5kmN2865E4560,0.005100481911753496
5kmN2865E4565,-0.012753006514756804
5kmN2865E4570,-0.01267497474490642
5kmN2865E4575,0.003802932546407234
5kmN2865E4580,0.01840493109054031
5kmN2865E4585,0.018392573948788626
5kmN2865E4590,0.010223901263950175
5kmN2865E4595,0.023459344381274505
5kmN2870E4185,0.07489978409739495
5kmN2870E4190,0.09604761661613959
5kmN2870E4195,0.0914758577331038
5kmN2870E4200,0.09410198553616689
5kmN2870E4205,0.12420095449218133
5kmN2870E4210,0.12372814425726458
5kmN2870E4215,0.11595016867133953
5kmN2870E4220,0.1236921110090261
5kmN2870E4225,0.12689290431613265
5kmN2870E4230,0.136666888767503
5kmN2870E4235,0.15118972109697582
5kmN2870E4240,0.1796139377567576
5kmN2870E4245,0.24036738689326193
5kmN2870E4250,0.24594569806201277
5kmN2870E4255,0.23048451254176805
5kmN2870E4260,0.24183458023497312
5kmN2870E4265,0.22519021906961023
5kmN2870E4270,0.21546611781864627
5kmN2870E4275,0.1793378760702225
5kmN2870E4280,0.18529739864803296
5kmN2870E4285,0.19928050456957164
5kmN2870E4290,0.19890797505371932
5kmN2870E4295,0.1297602474537603
5kmN2870E4300,0.0817303193274112
5kmN2870E4305,0.03182536046058723
5kmN2870E4310,0.059538012048620415
5kmN2870E4315,0.10908287257313135
5kmN2870E4320,0.13617359339833862
5kmN2870E4325,0.13244743758702646
5kmN2870E4330,0.12716966206001568
5kmN2870E4335,0.12325623155928334
5kmN2870E4340,0.13068836880286316
5kmN2870E4345,0.13709952800409636
5kmN2870E4350,0.16507285527743598
5kmN2870E4355,0.186968787603434
5kmN2870E4360,0.18093408520928872
5kmN2870E4365,0.1803148967037589
5kmN2870E4370,0.21504180214021557
5kmN2870E4375,0.22570556507020367
5kmN2870E4380,0.22366254715491451
5kmN2870E4385,0.21347790525014498
5kmN2870E4390,0.2063041985652595
5kmN2870E4395,0.20147978601592864
5kmN2870E4400,0.09149096755735625
5kmN2870E4405,0.013797746716470341
5kmN2870E4410,0.010693896975455183
5kmN2870E4415,0.00481787810475999
5kmN2870E4420,0.007986418103655482
5kmN2870E4425,0.00383850544554383
5kmN2870E4430,0.017358747854043968
5kmN2870E4435,0.024888149967045498
5kmN2870E4440,0.04636130376449782
5kmN2870E4445,0.047195384228303244
5kmN2870E4450,0.05478413650630776
5kmN2870E4455,0.055677765676678814
5kmN2870E4500,-0.09618630130682851
5kmN2870E4505,-0.08742422391432436
5kmN2870E4510,-0.11556838216577048
5kmN2870E4515,-0.10629547051480526
5kmN2870E4520,-0.10828973514603468
5kmN2870E4525,-0.10107128827596984
5kmN2870E4530,0.01620604090678629
5kmN2870E4535,0.05934432118831162
5kmN2870E4540,0.07493064807178912
5kmN2870E4545,0.08659732307518697
5kmN2870E4550,0.10664528023095615
5kmN2870E4555,0.1045911209433586
5kmN2870E4560,0.03745637458622897
5kmN2870E4565,-0.0028493377747596527
5kmN2870E4570,0.00011235511022783529
5kmN2870E4575,0.011110460361369034
5kmN2870E4580,0.004734674507430925
5kmN2870E4585,0.0053705202854039125
5kmN2870E4590,0.009133666867412682
5kmN2875E4175,-0.031851796811393995
5kmN2875E4180,0.05089706303020633
5kmN2875E4185,0.050284925910433154
5kmN2875E4190,0.01671965809466358
5kmN2875E4195,0.1020399866306669
5kmN2875E4200,0.21628548347878457
5kmN2875E4205,0.16078860989716665
5kmN2875E4210,0.12413007740597451
5kmN2875E4215,0.10434341240350534
5kmN2875E4220,0.10312245521582455
5kmN2875E4225,0.10824678832043166
5kmN2875E4230,0.1427200373911285
5kmN2875E4235,0.1663731099186156
5kmN2875E4240,0.22505942305040375
5kmN2875E4245,0.24874519815566326
5kmN2875E4250,0.24485944253202505
5kmN2875E4255,0.24851682918550516
5kmN2875E4260,0.22833342892491298
5kmN2875E4265,0.23257827965457692
5kmN2875E4270,0.23202206655576663
5kmN2875E4275,0.19993555409835886
5kmN2875E4280,0.19039076839308386
5kmN2875E4285,0.2077916418802469
5kmN2875E4290,0.1466090885132626
5kmN2875E4295,0.04812101695679824
5kmN2875E4300,0.026138842764109244
5kmN2875E4305,0.026178678527284865
5kmN2875E4310,0.028947671244921203
5kmN2875E4315,0.035595011958219014
5kmN2875E4320,0.13973730851072932
5kmN2875E4325,0.14051469633760122
5kmN2875E4330,0.13665999603209555
5kmN2875E4335,0.14518155200923172
5kmN2875E4340,0.1379681654202676
5kmN2875E4345,0.11430816836979776
5kmN2875E4350,0.12155028105276908
5kmN2875E4355,0.14858469401793495
5kmN2875E4360,0.17526240230990717
5kmN2875E4365,0.16313289781362078
5kmN2875E4370,0.22401779640551744
5kmN2875E4375,0.23244124844459196
5kmN2875E4380,0.22219158833786024
5kmN2875E4385,0.21335745310194398
5kmN2875E4390,0.19821618178473271
5kmN2875E4395,0.2097484099247709
5kmN2875E4400,0.21251613642952372
5kmN2875E4405,0.05295414694981085
5kmN2875E4410,0.001964084977240377
5kmN2875E4415,0.00027397224453520885
5kmN2875E4420,-0.007127454276114886
5kmN2875E4425,-0.006068036506438987
5kmN2875E4430,0.02101785899442582
5kmN2875E4435,0.058725725464014195
5kmN2875E4440,0.04468899292714559
5kmN2875E4455,0.05464399082983171
5kmN2875E4505,-0.08770464288793683
5kmN2875E4510,-0.08782442659187228
5kmN2875E4515,-0.08852401600581872
5kmN2875E4520,-0.08843819155971933
5kmN2875E4525,-0.05848025155205516
5kmN2875E4530,0.05449439350755708
5kmN2875E4535,0.08556502346345723
5kmN2875E4540,0.09015814850526749
5kmN2875E4545,0.08552295980255797
5kmN2875E4550,0.088484757167895
5kmN2875E4555,0.10636730191673638
5kmN2875E4560,0.08119849044467986
5kmN2875E4565,0.029235106123629395
5kmN2875E4580,0.01398240148098423
5kmN2875E4585,0.012594731146813476
5kmN2880E4155,-0.007638116666611627
5kmN2880E4165,-0.03657492406512147
5kmN2880E4170,-0.09618509646461132
5kmN2880E4175,-0.07898705750474982
5kmN2880E4180,0.05642013216218336
5kmN2880E4185,0.07185992735520474
5kmN2880E4190,0.028132547049897927
5kmN2880E4195,0.0464550039310101
5kmN2880E4200,0.17370669634620522
5kmN2880E4205,0.1679771905403202
5kmN2880E4210,0.12086294774724199
5kmN2880E4215,0.11002687361787555
5kmN2880E4220,0.10756494144539708
5kmN2880E4225,0.1100250067268091
5kmN2880E4230,0.11877876586539851
5kmN2880E4235,0.15223210116644476
5kmN2880E4240,0.161471607698205
5kmN2880E4245,0.13973230015819482
5kmN2880E4250,0.15628373416354951
5kmN2880E4255,0.20406580658589757
5kmN2880E4260,0.12806569211354035
5kmN2880E4265,0.13590459788301718
5kmN2880E4270,0.14265303159793652
5kmN2880E4275,0.19844864460073341
5kmN2880E4280,0.20394596740204196
5kmN2880E4285,0.15634580946179438
5kmN2880E4290,0.09141426864377417
5kmN2880E4295,0.01635986601737821
5kmN2880E4300,0.006245416120823022
5kmN2880E4305,0.01331537120828269
5kmN2880E4310,0.009288152997154575
5kmN2880E4315,0.030381362416875418
5kmN2880E4320,0.05568592256752611
5kmN2880E4325,0.05129463399518658
5kmN2880E4330,0.08079203935484877
5kmN2880E4335,0.07494160867269314
5kmN2880E4340,0.10451214550110621
5kmN2880E4345,0.09971552902025904
5kmN2880E4350,0.10755033575695672
5kmN2880E4355,0.10547296652015509
5kmN2880E4360,0.11404290583470184
5kmN2880E4365,0.08660205171988067
5kmN2880E4370,0.1978846658051056
5kmN2880E4375,0.21793198659617807
5kmN2880E4380,0.22233848490719538
5kmN2880E4385,0.21555066282422575
5kmN2880E4390,0.20413966239182157
5kmN2880E4395,0.21673817563857511
5kmN2880E4400,0.21379194927638434
5kmN2880E4405,0.12271499007904602
5kmN2880E4410,0.0027915859946744948
5kmN2880E4415,0.005190808275920167
5kmN2880E4420,-0.002552871398225437
5kmN2880E4425,-0.005692830590889486
5kmN2880E4430,0.022559594698433327
5kmN2880E4435,0.06062297947997705
5kmN2880E4500,-0.004576740132439222
5kmN2880E4505,-0.046212301806117184
5kmN2880E4510,-0.07233290806730597
5kmN2880E4515,-0.07545000453568307
5kmN2880E4520,-0.06199190797090942
5kmN2880E4525,0.011952734506627427
5kmN2880E4530,0.08842377138608776
5kmN2880E4535,0.08102469864702655
5kmN2880E4540,0.0923201222802919
5kmN2880E4545,0.09081695993964872
5kmN2880E4550,0.08206409035618445
5kmN2880E4555,0.10234235437855244
5kmN2880E4560,0.1093970312262747
5kmN2885E4145,-0.022067331119344002
5kmN2885E4150,-0.029221505028480532
5kmN2885E4155,-0.0150795803460127
5kmN2885E4160,-0.016070931097874386
5kmN2885E4165,-0.028053189435794212
5kmN2885E4170,-0.09153476739576338
5kmN2885E4175,-0.09818683754200985
5kmN2885E4180,-0.006775924719048365
5kmN2885E4185,0.04595091231503268
5kmN2885E4190,0.04441016248921392
5kmN2885E4195,0.024246237719553032
5kmN2885E4200,0.0555459968760936
5kmN2885E4205,0.09575022584301043
5kmN2885E4210,0.10230086576706188
5kmN2885E4215,0.09918296999854079
5kmN2885E4220,0.12180596837581206
5kmN2885E4225,0.12068273931725226
5kmN2885E4230,0.12726192296806188
5kmN2885E4235,0.12214529602605345
5kmN2885E4240,0.13151874502788324
5kmN2885E4245,0.1340136093081175
5kmN2885E4250,0.13071580862241472
5kmN2885E4255,0.14190796624146262
5kmN2885E4260,0.15929605994852397
5kmN2885E4265,0.15034412524898033
5kmN2885E4270,0.11932888525231622
5kmN2885E4275,0.13383137305078524
5kmN2885E4280,0.167706863488444
5kmN2885E4285,0.0733726722970886
5kmN2885E4290,0.056798531401708124
5kmN2885E4295,0.00026965086172758834
5kmN2885E4300,-0.018846577921221713
5kmN2885E4305,-0.011835938608778157
5kmN2885E4310,0.007980073189480963
5kmN2885E4315,0.01695054337997029
5kmN2885E4320,0.016630055475022387
5kmN2885E4325,0.011250535665747657
5kmN2885E4330,0.02112519830706744
5kmN2885E4335,0.0653950323839261
5kmN2885E4340,0.10370816646451664
5kmN2885E4345,0.1023372466914696
5kmN2885E4350,0.11088139072562408
5kmN2885E4355,0.10848958551822918
5kmN2885E4360,0.10521348519055179
5kmN2885E4365,0.12620465821142451
5kmN2885E4370,0.21092359392110516
5kmN2885E4375,0.20670764940464925
5kmN2885E4380,0.21275082052972616
5kmN2885E4385,0.21089801251965457
5kmN2885E4390,0.20302627247529015
5kmN2885E4395,0.1960564300370936
5kmN2885E4400,0.0960392037960956
5kmN2885E4405,0.024094660792927602
5kmN2885E4410,0.014605155866769304
5kmN2885E4415,0.0074546926921950085
5kmN2885E4420,0.029184323910817822
5kmN2885E4425,0.040727805694188546
5kmN2885E4430,0.047035804610167264
5kmN2885E4435,0.059454280650979685
5kmN2885E4440,0.06038893074244772
5kmN2885E4500,0.02997388870674922
5kmN2885E4505,-0.023565392284962183
5kmN2885E4510,-0.06878289628841638
5kmN2885E4515,-0.06520994224490861
5kmN2885E4520,-0.05235455456482935
5kmN2885E4525,0.06996696158145854
5kmN2885E4530,0.08194626138495664
5kmN2885E4535,0.0951271580963351
5kmN2885E4540,0.08551665542135495
5kmN2885E4545,0.08038964275291782
5kmN2885E4550,0.09393645375224374
5kmN2885E4555,0.09648090455294839
5kmN2885E4560,0.10542375519416913
5kmN2890E4110,0.08311718833663617
5kmN2890E4120,0.0795810871758239
5kmN2890E4135,-0.024756711588856617
5kmN2890E4140,-0.02784600636411505
5kmN2890E4145,-0.033410285625896485
5kmN2890E4155,-0.03129761359145933
5kmN2890E4160,-0.027752095542547428
5kmN2890E4165,-0.05804172236274613
5kmN2890E4170,-0.06645291557055943
5kmN2890E4175,-0.10202992426205071
5kmN2890E4180,-0.08499495880949254
5kmN2890E4185,-0.03680384256385788
5kmN2890E4190,-0.030023329432035673
5kmN2890E4195,0.04154453225533239
5kmN2890E4200,0.04329922136116876
5kmN2890E4205,0.08932715813878139
5kmN2890E4210,0.08357751834180346
5kmN2890E4215,0.08296296656184043
5kmN2890E4220,0.10864300200751506
5kmN2890E4225,0.12615722968755474
5kmN2890E4230,0.12926733699293552
5kmN2890E4235,0.12850558435643655
5kmN2890E4240,0.13753595665746027
5kmN2890E4245,0.13860803568490482
5kmN2890E4250,0.12586298831092527
5kmN2890E4255,0.16514002404053324
5kmN2890E4260,0.24693349129096487
5kmN2890E4265,0.16462667001890913
5kmN2890E4270,0.10305069503745823
5kmN2890E4275,0.12615239814103438
5kmN2890E4280,0.16740919601072965
5kmN2890E4285,0.16729001755405148
5kmN2890E4290,0.1437277074706017
5kmN2890E4295,0.05628753642428877
5kmN2890E4300,-0.006695405895783213
5kmN2890E4305,-0.0023643213164231958
5kmN2890E4310,0.002222941338182155
5kmN2890E4315,0.007657455879987729
5kmN2890E4320,0.007549007109924427
5kmN2890E4325,0.01783312750617283
5kmN2890E4330,0.03413325853423943
5kmN2890E4335,0.05541833684158243
5kmN2890E4340,0.11151333820566073
5kmN2890E4345,0.1116102032738589
5kmN2890E4350,0.10526920384514493
5kmN2890E4355,0.10970066260687616
5kmN2890E4360,0.10643037170257375
5kmN2890E4365,0.11356039572164989
5kmN2890E4370,0.18724418228006212
5kmN2890E4375,0.2073517336897479
5kmN2890E4380,0.19712300220968249
5kmN2890E4385,0.09785414857435865
5kmN2890E4390,0.11871288551487275
5kmN2890E4395,0.04009835460521499
5kmN2890E4400,0.00039849233423977504
5kmN2890E4405,-0.002441484346205114
5kmN2890E4410,0.005207230095675419
5kmN2890E4415,0.02702294986219711
5kmN2890E4420,0.04586974002094568
5kmN2890E4425,0.0451252331284433
5kmN2890E4430,0.062111457184279684
5kmN2890E4435,0.06445050982129275
5kmN2890E4440,0.06347182543031088
5kmN2890E4445,0.056587553675674834
5kmN2890E4450,0.032441154435618486
5kmN2890E4495,0.028739760391722602
5kmN2890E4500,0.030623614036164093
5kmN2890E4505,0.029805895679442473
5kmN2890E4510,0.011889690493476102
5kmN2890E4515,-0.0016600479030129955
5kmN2890E4520,-0.0013135280707390895
5kmN2890E4525,0.0832330555707404
5kmN2890E4530,0.08866699693167496
5kmN2890E4535,0.09905033163266863
5kmN2890E4540,0.0822799935757223
5kmN2890E4545,0.08334110569225539
5kmN2890E4550,0.08793016285922883
5kmN2890E4555,0.10485632630614428
5kmN2895E4085,-0.030008152557440715
5kmN2895E4130,-0.03781018208227538
5kmN2895E4135,-0.05264127935592233
5kmN2895E4140,-0.056403432860135494
5kmN2895E4145,-0.04881593911229798
5kmN2895E4150,-0.03967105205971566
5kmN2895E4155,-0.04780659184631986
5kmN2895E4160,-0.024658570272129754
5kmN2895E4165,-0.033079417597109306
5kmN2895E4170,-0.05748767866752574
5kmN2895E4175,-0.09528553055496464
5kmN2895E4180,-0.1485762228752132
5kmN2895E4185,-0.10361896188752284
5kmN2895E4190,-0.00872219035319971
5kmN2895E4195,0.05011739151466871
5kmN2895E4200,0.043543692873756756
5kmN2895E4205,0.08755579265584701
5kmN2895E4210,0.09386551005636379
5kmN2895E4215,0.09488680149327383
5kmN2895E4220,0.10810435997479453
5kmN2895E4225,0.12377171039066548
5kmN2895E4230,0.13376905619314092
5kmN2895E4235,0.11326641944960708
5kmN2895E4240,0.1277265548992878
5kmN2895E4245,0.13967568507992667
5kmN2895E4250,0.1683520027467751
5kmN2895E4255,0.2398961125437709
5kmN2895E4260,0.13674510824946726
5kmN2895E4265,0.09428337930406971
5kmN2895E4270,0.10083268665911299
5kmN2895E4275,0.13273451580376192
5kmN2895E4280,0.1452515649479002
5kmN2895E4285,0.16071468081570495
5kmN2895E4290,0.1553170913227489
5kmN2895E4295,0.12764805602824394
5kmN2895E4300,0.034339606605601036
5kmN2895E4305,0.003424295176454012
5kmN2895E4310,0.013232131998132779
5kmN2895E4315,0.014144175751905907
5kmN2895E4320,0.016188453819632548
5kmN2895E4325,0.01854886652906987
5kmN2895E4330,0.07724273824420555
5kmN2895E4335,0.11907762359563306
5kmN2895E4340,0.11294022331672182
5kmN2895E4345,0.1094647769245779
5kmN2895E4350,0.1119428186003959
5kmN2895E4355,0.1110589542948251
5kmN2895E4360,0.11271413702901545
5kmN2895E4365,0.09888988780454178
5kmN2895E4370,0.12333339755825351
5kmN2895E4375,0.17997563230691893
5kmN2895E4380,0.1296897142655446
5kmN2895E4385,0.015613968722770266
5kmN2895E4390,-0.007954017737107522
5kmN2895E4395,-0.0164500507884488
5kmN2895E4400,-0.01878927655737289
5kmN2895E4405,-0.011402152540589294
5kmN2895E4410,-0.004413218628428417
5kmN2895E4415,0.03120476824391022
5kmN2895E4420,0.04126632372630501
5kmN2895E4425,0.051281239018914626
5kmN2895E4430,0.06414966648996215
5kmN2895E4435,0.05591567938752706
5kmN2895E4440,0.06153441722892611
5kmN2895E4445,0.061056592585479325
5kmN2895E4450,0.06179360263396058
5kmN2895E4470,-0.05730507741335128
5kmN2895E4490,0.01082130208002996
5kmN2895E4495,0.020033379661302864
5kmN2895E4500,0.015241253659537546
5kmN2895E4505,0.019802703773388497
5kmN2895E4510,0.012391787630434303
5kmN2895E4515,0.01709323843865279
5kmN2895E4520,0.024697478979402665
5kmN2895E4525,0.023160519758372133
5kmN2895E4530,0.03050869992299704
5kmN2895E4535,0.06465619672296646
5kmN2895E4540,0.054827109753269154
5kmN2895E4545,0.028027319029909736
5kmN2895E4550,0.08672888724724825
5kmN2900E4125,0.00011484101462294616
5kmN2900E4130,-0.037234499339513005
5kmN2900E4135,-0.05503700800492045
5kmN2900E4140,-0.06301094481378089
5kmN2900E4145,-0.08057026932097233
5kmN2900E4150,-0.054109065101294485
5kmN2900E4155,-0.044337438365202764
5kmN2900E4160,-0.02051283040792562
5kmN2900E4165,-0.04533662842863717
5kmN2900E4170,-0.07412828192993742
5kmN2900E4175,-0.08037761585352837
5kmN2900E4180,-0.15410751764588973
5kmN2900E4185,-0.10376524678448423
5kmN2900E4190,0.007730445702574862
5kmN2900E4195,0.04695215491946317
5kmN2900E4200,0.015235551488432864
5kmN2900E4205,0.09028573908783502
5kmN2900E4210,0.11094598284714902
5kmN2900E4215,0.11534566350885342
5kmN2900E4220,0.09845552756203324
5kmN2900E4225,0.09756211791259192
5kmN2900E4230,0.08752288875004352
5kmN2900E4235,0.08465103018405667
5kmN2900E4240,0.0933082290912936
5kmN2900E4245,0.13600560492219266
5kmN2900E4250,0.1359552612412514
5kmN2900E4255,0.13489516553217545
5kmN2900E4260,0.11880947203979003
5kmN2900E4265,0.11764512626454954
5kmN2900E4270,0.1252209229837181
5kmN2900E4275,0.1199875066064216
5kmN2900E4280,0.15374050884453933
5kmN2900E4285,0.16865197244515945
5kmN2900E4290,0.1601462722130782
5kmN2900E4295,0.15241976923425088
5kmN2900E4300,0.11162102564983717
5kmN2900E4305,0.018298800378648256
5kmN2900E4310,0.021176068460813324
5kmN2900E4315,0.015385577076442336
5kmN2900E4320,0.0191601645978636
5kmN2900E4325,0.02111896044556541
5kmN2900E4330,0.10133510055083333
5kmN2900E4335,0.11691102924573793
5kmN2900E4340,0.12179520194007093
5kmN2900E4345,0.12156823191983845
5kmN2900E4350,0.1150766912872978
5kmN2900E4355,0.10944340124535967
5kmN2900E4360,0.14082484432423203
5kmN2900E4365,0.14784165515817504
5kmN2900E4370,0.07873659977182412
5kmN2900E4375,0.07003012112869234
5kmN2900E4380,0.05911921981977081
5kmN2900E4385,0.010636716090207943
5kmN2900E4390,-0.0028914338757859426
5kmN2900E4395,-0.024738200751323103
5kmN2900E4400,-0.03791313040786143
5kmN2900E4405,-0.013097891334591771
5kmN2900E4410,-0.003909057827376217
5kmN2900E4415,0.03307812235838664
5kmN2900E4420,0.04381104327938723
5kmN2900E4425,0.04294280089640501
5kmN2900E4430,0.057710781277914514
5kmN2900E4435,0.05629529254003221
5kmN2900E4440,0.05970537317964689
5kmN2900E4445,0.061314844373538485
5kmN2900E4450,0.059582977948696686
5kmN2900E4455,0.07227172941586196
5kmN2900E4460,0.018851587603744335
5kmN2900E4465,-0.06669401466408004
5kmN2900E4470,-0.06430789478675919
5kmN2900E4480,-0.044862042508162225
5kmN2900E4485,-0.05012138693170132
5kmN2900E4490,-0.008248752491002986
5kmN2900E4495,0.030717488915188718
5kmN2900E4500,0.017266496892317018
5kmN2900E4505,0.0064267030926185575
5kmN2900E4510,-0.008995352891417563
5kmN2900E4515,-0.005445666118784331
5kmN2900E4520,0.01321713453180634
5kmN2900E4525,0.020703287208409082
5kmN2900E4530,0.028401964204556263
5kmN2900E4535,0.045518903425991186
5kmN2900E4540,0.04298820533449338
5kmN2900E4545,0.04463470980150114
5kmN2905E4075,0.027310307719575766
5kmN2905E4080,0.0036028584539107844
5kmN2905E4130,-0.005057512812376375
5kmN2905E4135,-0.04179898670456916
5kmN2905E4140,-0.04477399791903114
5kmN2905E4145,-0.05363184543781985
5kmN2905E4150,-0.045673303079422634
5kmN2905E4155,-0.02713899886096094
5kmN2905E4160,-0.007108258099427056
5kmN2905E4165,-0.05616893906571929
5kmN2905E4170,-0.06489681948728104
5kmN2905E4175,-0.038464924210293905
5kmN2905E4180,-0.07835417156572705
5kmN2905E4185,-0.08506989681372323
5kmN2905E4190,-0.03162669203540491
5kmN2905E4195,0.04165709416547614
5kmN2905E4200,0.02799429252613231
5kmN2905E4205,0.03294203710237659
5kmN2905E4210,0.08094859730505624
5kmN2905E4215,0.07083509729753976
5kmN2905E4220,0.06394373179422175
5kmN2905E4225,0.0838896305565589
5kmN2905E4230,0.0955719845086126
5kmN2905E4235,0.09382026671981741
5kmN2905E4240,0.0999770455447993
5kmN2905E4245,0.11713568769773564
5kmN2905E4250,0.12965596556763817
5kmN2905E4255,0.1194135747221449
5kmN2905E4260,0.1342948143636234
5kmN2905E4265,0.13357533674921795
5kmN2905E4270,0.12269525743215726
5kmN2905E4275,0.11766741890899063
5kmN2905E4280,0.16404544362585508
5kmN2905E4285,0.17017416224108334
5kmN2905E4290,0.15728743023054864
5kmN2905E4295,0.15591163479496892
5kmN2905E4300,0.15663509569881945
5kmN2905E4305,0.13343673415138765
5kmN2905E4310,0.027687996774769047
5kmN2905E4315,0.027749196970319162
5kmN2905E4320,0.022657865354063084
5kmN2905E4325,0.02343240667966376
5kmN2905E4330,0.0866211169198482
5kmN2905E4335,0.11962423067693279
5kmN2905E4340,0.12752619711271698
5kmN2905E4345,0.12076532682686042
5kmN2905E4350,0.12013081545686838
5kmN2905E4355,0.2855884933190846
5kmN2905E4360,0.3264179697716989
5kmN2905E4365,0.1627700767417526
5kmN2905E4370,0.07847894323156102
5kmN2905E4375,0.07325698798811048
5kmN2905E4380,0.06088881019064962
5kmN2905E4385,0.009601053860848974
5kmN2905E4390,-0.020122134959876803
5kmN2905E4395,-0.02696599571994107
5kmN2905E4400,-0.04753159738133128
5kmN2905E4405,-0.024200470021286502
5kmN2905E4410,0.010479463178828918
5kmN2905E4415,0.04573332743430625
5kmN2905E4420,0.04329969960881086
5kmN2905E4425,0.02301832680255006
5kmN2905E4430,0.05706129514569164
5kmN2905E4435,0.054981681358314244
5kmN2905E4440,0.05698085443814399
5kmN2905E4450,0.06732004295437588
5kmN2905E4455,0.08587718556983368
5kmN2905E4460,0.09824460902390758
5kmN2905E4465,-0.06610708890474926
5kmN2905E4470,-0.05562738615295465
5kmN2905E4475,-0.08725524918831623
5kmN2905E4480,-0.05399691783287741
5kmN2905E4485,-0.041623809685781166
5kmN2905E4490,-0.05855674586464865
5kmN2905E4495,-0.012272229146255031
5kmN2905E4500,0.00913240373543639
5kmN2905E4505,0.0059016562889872
5kmN2905E4510,-0.0007940663012305782
5kmN2905E4515,0.004785847299887902
5kmN2905E4520,0.012565306379540842
5kmN2905E4525,0.018107068342322286
5kmN2905E4530,0.03869527049449911
5kmN2905E4535,0.033198038938050234
5kmN2905E4540,0.03834072370204161
5kmN2905E4545,0.03961157676882843
5kmN2910E4075,0.03931404521580506
5kmN2910E4080,-0.000255254624351664
5kmN2910E4135,-0.014459478371264989
5kmN2910E4140,-0.0268717591828882
5kmN2910E4145,-0.030401485480164192
5kmN2910E4150,-0.04053342450820596
5kmN2910E4155,-0.038361859337118276
5kmN2910E4165,-0.06632100078381953
5kmN2910E4170,-0.055382039995796606
5kmN2910E4175,-0.025266190806301436
5kmN2910E4180,-0.012859794899075239
5kmN2910E4185,-0.028548055762359414
5kmN2910E4190,0.011250952574801354
5kmN2910E4195,0.011967374445789714
5kmN2910E4200,0.017332471722682763
5kmN2910E4205,0.0894816464644615
5kmN2910E4210,0.06951279002687993
5kmN2910E4215,0.06292167487125841
5kmN2910E4220,0.07369873386711107
5kmN2910E4225,0.10457606354401033
5kmN2910E4230,0.11255757933797267
5kmN2910E4235,0.10787819429264575
5kmN2910E4240,0.11138523688209936
5kmN2910E4245,0.11692696122468685
5kmN2910E4250,0.09125964611528378
5kmN2910E4255,0.08348358057380956
5kmN2910E4260,0.11303868283269508
5kmN2910E4265,0.1021950135144328
5kmN2910E4270,0.13302796840347203
5kmN2910E4275,0.1326344756946285
5kmN2910E4280,0.13604387455987854
5kmN2910E4285,0.1648914213930882
5kmN2910E4290,0.15705657853252697
5kmN2910E4295,0.15816584979862386
5kmN2910E4300,0.15634601235002715
5kmN2910E4305,0.16734588396174857
5kmN2910E4310,0.03634261118953208
5kmN2910E4315,0.02853565659525764
5kmN2910E4320,0.034420005473020265
5kmN2910E4325,0.04006597141519441
5kmN2910E4330,0.1170480639793905
5kmN2910E4335,0.12720658320219613
5kmN2910E4340,0.14435471221914417
5kmN2910E4345,0.14181881680784666
5kmN2910E4350,0.12058096765694498
5kmN2910E4355,0.21475319436966428
5kmN2910E4360,0.2945844443330611
5kmN2910E4365,0.16199362163210995
5kmN2910E4370,0.06682245515263607
5kmN2910E4375,0.05718842694966464
5kmN2910E4380,0.04375598313079482
5kmN2910E4385,-0.021840626722052114
5kmN2910E4390,-0.0007667882809542781
5kmN2910E4395,0.04637696765438637
5kmN2910E4400,-0.04314840385394342
5kmN2910E4405,-0.036991309497234226
5kmN2910E4410,0.04744578642085734
5kmN2910E4415,0.12261928872789912
5kmN2910E4420,0.05453239829893475
5kmN2910E4425,0.04472156824752738
5kmN2910E4430,0.045566745493738514
5kmN2910E4435,0.05128952339823373
5kmN2910E4440,0.07718620562828127
5kmN2910E4445,0.08793668733739093
5kmN2910E4450,0.13952724961720558
5kmN2910E4455,0.14665316067441203
5kmN2910E4460,0.13613542075987956
5kmN2910E4465,-0.05071100283238089
5kmN2910E4470,-0.07805264569908071
5kmN2910E4475,-0.08558039237434373
5kmN2910E4480,-0.0432911185467823
5kmN2910E4485,-0.05047353638817481
5kmN2910E4490,-0.04998207441835395
5kmN2910E4495,-0.05274886441305354
5kmN2910E4500,-0.009204666495282898
5kmN2910E4505,0.017700109341189152
5kmN2910E4510,0.012996317423682735
5kmN2910E4515,0.01965736329152251
5kmN2910E4520,0.0017059741552146734
5kmN2910E4525,0.015331288422664457
5kmN2910E4530,0.011848380657753843
5kmN2910E4535,0.010321561979367455
5kmN2910E4540,0.028551426811295688
5kmN2915E4070,0.050703322026646125
5kmN2915E4075,0.03466122474900607
5kmN2915E4080,-0.012493352708488004
5kmN2915E4085,-0.042518071339799235
5kmN2915E4135,-0.02316434599386391
5kmN2915E4140,-0.031674590858137286
5kmN2915E4145,-0.02710673874540187
5kmN2915E4150,-0.06321932398768332
5kmN2915E4155,-0.0686612074073415
5kmN2915E4160,-0.055970230213714056
5kmN2915E4165,0.010788350948507996
5kmN2915E4170,0.01953146083921742
5kmN2915E4175,0.039686657041474394
5kmN2915E4180,0.06874354513707887
5kmN2915E4185,0.026088990030766868
5kmN2915E4190,-0.000665185998044493
5kmN2915E4195,0.022176316976317778
5kmN2915E4200,0.036985567118776375
5kmN2915E4205,0.08385881225203817
5kmN2915E4210,0.023164379922204298
5kmN2915E4215,0.07885741485891481
5kmN2915E4220,0.12308589923817392
5kmN2915E4225,0.15939503197178645
5kmN2915E4230,0.13715685309043554
5kmN2915E4235,0.11850606139277214
5kmN2915E4240,0.11578882621033554
5kmN2915E4245,0.0809016607807071
5kmN2915E4250,0.07390252934276431
5kmN2915E4255,0.07531073802831711
5kmN2915E4260,0.08008670760808523
5kmN2915E4265,0.07762662540555149
5kmN2915E4270,0.10725119475095402
5kmN2915E4275,0.08638386486312608
5kmN2915E4280,0.14605512872863008
5kmN2915E4285,0.1317162062487586
5kmN2915E4290,0.1663525728289104
5kmN2915E4295,0.16113473838172548
5kmN2915E4300,0.15804734162367162
5kmN2915E4305,0.15981734393645486
5kmN2915E4310,0.09910998176364921
5kmN2915E4315,0.11589844814307762
5kmN2915E4320,0.0883342369570739
5kmN2915E4325,0.04899727618058089
5kmN2915E4330,0.1220133614834471
5kmN2915E4335,0.12870495418529967
5kmN2915E4340,0.14543502347666637
5kmN2915E4345,0.13373497564766218
5kmN2915E4350,0.12148866537059522
5kmN2915E4355,0.10904780183536655
5kmN2915E4360,0.10142052170598087
5kmN2915E4365,0.09039386265283211
5kmN2915E4370,0.07973089231626868
5kmN2915E4375,0.06893847945765408
5kmN2915E4380,0.0667429409839479
5kmN2915E4385,0.04514599796610025
5kmN2915E4390,0.04298583021674934
5kmN2915E4395,0.1676900620832269
5kmN2915E4400,0.007764069948580976
5kmN2915E4405,-0.021605353702350283
5kmN2915E4410,0.11359352093227942
5kmN2915E4415,0.1456557990622566
5kmN2915E4420,0.09643904069151824
5kmN2915E4425,0.039728188179117385
5kmN2915E4430,0.03966819160415508
5kmN2915E4435,0.049655752339624326
5kmN2915E4440,0.13377831125659473
5kmN2915E4445,0.14379366353814987
5kmN2915E4450,0.14642618940561736
5kmN2915E4455,0.14111201262028716
5kmN2915E4460,0.15169317722964648
5kmN2915E4465,0.07988583100925556
5kmN2915E4470,-0.05990762392256033
5kmN2915E4475,-0.07804844873140199
5kmN2915E4480,-0.08566990886400855
5kmN2915E4485,-0.05252747717854683
5kmN2915E4490,-0.05290261242628763
5kmN2915E4495,-0.07341022587563034
5kmN2915E4500,-0.002738987572706242
5kmN2915E4505,0.019029918213110453
5kmN2915E4510,0.01475894895859442
5kmN2915E4515,0.02588132762837786
5kmN2915E4520,0.040676430396894336
5kmN2915E4525,0.010281200477641084
5kmN2915E4530,0.009020007445696698
5kmN2915E4535,0.013109285661456915
5kmN2920E4070,0.07642098687753784
5kmN2920E4075,0.05980371402838558
5kmN2920E4080,-0.0063926525838199355
5kmN2920E4085,-0.024728427976446365
5kmN2920E4090,-0.0017366520670794028
5kmN2920E4105,-0.056807914950568805
5kmN2920E4115,-0.04642377189908248
5kmN2920E4130,-0.005640487016203954
5kmN2920E4135,-0.06124501877827099
5kmN2920E4140,-0.07449717349811524
5kmN2920E4145,-0.07273082549815557
5kmN2920E4150,-0.06181160431952293
5kmN2920E4155,-0.05481800241883994
5kmN2920E4160,-0.04234427306470867
5kmN2920E4165,-0.0482535051540291
5kmN2920E4170,0.008635607611618912
5kmN2920E4175,0.05046946975617278
5kmN2920E4180,0.07430074940935794
5kmN2920E4185,0.037716094067082595
5kmN2920E4190,0.006133498529690973
5kmN2920E4195,0.0004998177477395505
5kmN2920E4200,0.020147751302431516
5kmN2920E4205,0.025865014379038487
5kmN2920E4220,0.15051351648993122
5kmN2920E4225,0.19962611375930206
5kmN2920E4230,0.18702213431555004
5kmN2920E4235,0.18775445577058583
5kmN2920E4240,0.13335325704513135
5kmN2920E4245,0.10927447579978586
5kmN2920E4250,0.08348075516644043
5kmN2920E4255,0.07937575163324934
5kmN2920E4260,0.07772006864960135
5kmN2920E4265,0.07989707008159791
5kmN2920E4270,0.06791413254753298
5kmN2920E4275,0.05921552795376739
5kmN2920E4280,0.06809425225474797
5kmN2920E4285,0.061585309697649415
5kmN2920E4290,0.14133569964642395
5kmN2920E4295,0.15277639873712112
5kmN2920E4300,0.1431212359042814
5kmN2920E4305,0.14696104954471245
5kmN2920E4310,0.15267953030595793
5kmN2920E4315,0.16058135817436822
5kmN2920E4320,0.16446675824315032
5kmN2920E4325,0.16795460529755213
5kmN2920E4330,0.13321828104752148
5kmN2920E4335,0.13412780164359323
5kmN2920E4340,0.14855795896118734
5kmN2920E4345,0.14329213696985482
5kmN2920E4350,0.13348755392106287
5kmN2920E4355,0.12309904954444678
5kmN2920E4360,0.10721098213372654
5kmN2920E4365,0.09341928858030091
5kmN2920E4370,0.07470684255461946
5kmN2920E4375,0.12433552144626303
5kmN2920E4380,0.10841519272439237
5kmN2920E4385,0.07387406565429022
5kmN2920E4390,0.05837025874125029
5kmN2920E4395,0.13333330793780682
5kmN2920E4400,0.12352399279093629
5kmN2920E4405,0.09374598688773328
5kmN2920E4410,0.10724726056597611
5kmN2920E4415,0.12082886954530025
5kmN2920E4420,0.1385248185237512
5kmN2920E4425,0.06949768798376538
5kmN2920E4430,0.07819277786894527
5kmN2920E4435,0.11898858297333315
5kmN2920E4440,0.14157223221664628
5kmN2920E4445,0.13782293439810028
5kmN2920E4450,0.12376129256873097
5kmN2920E4455,0.124719224008768
5kmN2920E4460,0.13326078956537407
5kmN2920E4465,0.04807170275617517
5kmN2920E4470,-0.06027173797654267
5kmN2920E4475,-0.07510251173979693
5kmN2920E4480,-0.06063608178323504
5kmN2920E4485,-0.05506004192404673
5kmN2920E4490,-0.06040186271462272
5kmN2920E4495,-0.06204821118706222
5kmN2920E4500,-0.022699777597683046
5kmN2920E4505,0.009630419436305993
5kmN2920E4510,0.018128314555965697
5kmN2920E4515,0.02471416639053825
5kmN2920E4520,0.05123499496945422
5kmN2925E4070,0.09086206859313495
5kmN2925E4075,0.06259562090255566
5kmN2925E4080,0.0559100132735017
5kmN2925E4085,0.033838565060546055
5kmN2925E4090,0.023590729143395994
5kmN2925E4095,0.0031948254571074197
5kmN2925E4100,-0.0097436293309342
5kmN2925E4105,0.07392848419871845
5kmN2925E4110,0.0675538871744738
5kmN2925E4115,0.03788987809133054
5kmN2925E4120,0.03743731206259221
5kmN2925E4125,0.05075715758528343
5kmN2925E4130,0.024526313378674502
5kmN2925E4135,-0.028476439687643074
5kmN2925E4140,-0.05487372970667287
5kmN2925E4145,-0.10597353939379617
5kmN2925E4150,-0.06638912868702707
5kmN2925E4155,-0.04742495519704182
5kmN2925E4160,-0.04013017235043659
5kmN2925E4165,-0.07487976715946165
5kmN2925E4170,-0.016105197387893566
5kmN2925E4175,0.05819170954941866
5kmN2925E4180,0.06417086213046058
5kmN2925E4185,0.03657840706495469
5kmN2925E4190,0.0067636918566035265
5kmN2925E4195,0.036918426743252214
5kmN2925E4200,0.09853229150832643
5kmN2925E4220,0.10398042522516812
5kmN2925E4225,0.15561884490018374
5kmN2925E4230,0.1716494567593781
5kmN2925E4235,0.21435788516799803
5kmN2925E4240,0.19638386966811572
5kmN2925E4245,0.11562869822964078
5kmN2925E4250,0.11094732509930652
5kmN2925E4255,0.11111224865833585
5kmN2925E4260,0.08466429748074977
5kmN2925E4265,0.0773470281306945
5kmN2925E4270,0.06136245634045656
5kmN2925E4275,0.06044519650256497
5kmN2925E4280,0.06028367806678603
5kmN2925E4285,0.12909297255505753
5kmN2925E4290,0.14657481392994517
5kmN2925E4295,0.1457780469221201
5kmN2925E4300,0.1430016671351082
5kmN2925E4305,0.14084278815930157
5kmN2925E4310,0.14810237637728516
5kmN2925E4315,0.15083844855597728
5kmN2925E4320,0.15219510157236807
5kmN2925E4325,0.1451971158990573
5kmN2925E4330,0.1147187277037553
5kmN2925E4335,0.13055648890417593
5kmN2925E4340,0.13981104814736833
5kmN2925E4345,0.14277894922011647
5kmN2925E4350,0.12761106120993443
5kmN2925E4355,0.1275225783798779
5kmN2925E4360,0.11606039501655702
5kmN2925E4365,0.1043777327848136
5kmN2925E4370,0.12618526399026142
5kmN2925E4375,0.10905374814031238
5kmN2925E4380,0.09111759569599953
5kmN2925E4385,0.08451115340001325
5kmN2925E4390,0.11549822339910157
5kmN2925E4395,0.1281500380766294
5kmN2925E4400,0.17890303295095716
5kmN2925E4405,0.07497419157938234
5kmN2925E4410,0.09368735135210815
5kmN2925E4415,0.13167224144371556
5kmN2925E4420,0.15210257745788133
5kmN2925E4425,0.15091978084431149
5kmN2925E4430,0.15100121281554035
5kmN2925E4435,0.13294876097636166
5kmN2925E4440,0.136314172081414
5kmN2925E4445,0.12394451871160389
5kmN2925E4450,0.03161151551445779
5kmN2925E4455,0.03942253643729754
5kmN2925E4460,0.13321858159145444
5kmN2925E4465,0.05490417429981731
5kmN2925E4470,-0.05923423341522227
5kmN2925E4475,-0.06481323421207202
5kmN2925E4480,-0.0758925864415429
5kmN2925E4485,-0.06477180273280864
5kmN2925E4490,-0.05700451756625208
5kmN2925E4495,-0.06777886148889223
5kmN2925E4500,-0.05935865392712497
5kmN2925E4505,0.011789634609677968
5kmN2925E4510,0.025120022569198264
5kmN2925E4515,0.04233577061801047
5kmN2930E4055,0.1015598937212095
5kmN2930E4065,0.1115742908851115
5kmN2930E4070,0.09300184431875519
5kmN2930E4075,0.05851730765960117
5kmN2930E4080,0.06747982752337534
5kmN2930E4085,0.05720228754808637
5kmN2930E4090,0.030641977929928343
5kmN2930E4095,0.04530578246585165
5kmN2930E4100,0.11121351664198237
5kmN2930E4105,0.15529410405918043
5kmN2930E4110,0.15062365055953086
5kmN2930E4115,0.1424458181265983
5kmN2930E4120,0.13576304344043427
5kmN2930E4125,0.05780643921651657
5kmN2930E4130,0.0429897916652453
5kmN2930E4135,0.0003528507339638498
5kmN2930E4140,-0.04367100411587077
5kmN2930E4145,-0.047710289766261016
5kmN2930E4150,-0.043880172091113945
5kmN2930E4155,-0.031947280359703234
5kmN2930E4160,-0.05010405057220202
5kmN2930E4165,-0.06384986956097649
5kmN2930E4170,-0.00993484552542051
5kmN2930E4175,0.04526593174479787
5kmN2930E4180,0.05396507856440991
5kmN2930E4185,0.030917379598711492
5kmN2930E4190,0.015996015373295425
5kmN2930E4195,0.06335186978622936
5kmN2930E4200,0.1535006866365741
5kmN2930E4220,0.08582755232762673
5kmN2930E4225,0.12891157378510706
5kmN2930E4230,0.17056125952691772
5kmN2930E4235,0.19907778166342155
5kmN2930E4240,0.2014992455998203
5kmN2930E4245,0.15407688091752936
5kmN2930E4250,0.13242545030928896
5kmN2930E4255,0.11340558163151565
5kmN2930E4260,0.10336967373725414
5kmN2930E4265,0.08029518955834059
5kmN2930E4270,0.06646414109447485
5kmN2930E4275,0.05851010184138755
5kmN2930E4280,0.05421644409470078
5kmN2930E4285,0.1346906808311401
5kmN2930E4290,0.1436806630090135
5kmN2930E4295,0.13800606225490986
5kmN2930E4300,0.1414905344960533
5kmN2930E4305,0.14264165404642937
5kmN2930E4310,0.1414489266827753
5kmN2930E4315,0.06005930431618836
5kmN2930E4320,0.0863402607154593
5kmN2930E4325,0.13030087524927797
5kmN2930E4330,0.1111490854732678
5kmN2930E4335,0.12627376452391004
5kmN2930E4340,0.12317463152644015
5kmN2930E4345,0.13560731139574322
5kmN2930E4350,0.12117781634017638
5kmN2930E4355,0.10572201066046572
5kmN2930E4360,0.11205530077487247
5kmN2930E4365,0.0986644792295901
5kmN2930E4370,0.11147570651434863
5kmN2930E4375,0.12019303692409089
5kmN2930E4380,0.10402641603514101
5kmN2930E4385,0.11945138031590063
5kmN2930E4390,0.14274066571802108
5kmN2930E4395,0.10469641947879399
5kmN2930E4400,0.12751411908805074
5kmN2930E4405,0.09353506123785454
5kmN2930E4410,0.09614997971484562
5kmN2930E4415,0.13351043779871472
5kmN2930E4420,0.15411580819838855
5kmN2930E4425,0.15247412056714943
5kmN2930E4430,0.15316336525165455
5kmN2930E4435,0.12692306910442297
5kmN2930E4440,0.13322517318128124
5kmN2930E4445,0.13223241533068086
5kmN2930E4450,0.13184660305553775
5kmN2930E4455,0.10480592553771911
5kmN2930E4460,0.15112128401431768
5kmN2930E4465,0.1200615610369109
5kmN2930E4470,-0.012209695365718753
5kmN2930E4475,-0.05305611032187879
5kmN2930E4480,-0.07330578495408052
5kmN2930E4485,-0.06007284863134271
5kmN2930E4490,-0.06163235409753598
5kmN2930E4495,-0.06312268221220702
5kmN2930E4500,-0.04930102683737975
5kmN2930E4505,-0.006229362688284834
5kmN2930E4510,0.02108890562612703
5kmN2935E4055,0.06178464467210887
5kmN2935E4060,0.08431205269055775
5kmN2935E4065,0.10590841412750207
5kmN2935E4070,0.07902950965175576
5kmN2935E4075,0.07291476326537377
5kmN2935E4080,0.06668869806874378
5kmN2935E4085,0.05381831469388443
5kmN2935E4090,0.05544827957691911
5kmN2935E4095,0.07549063895109881
5kmN2935E4100,0.16469253400516115
5kmN2935E4105,0.16626430438932588
5kmN2935E4110,0.15999964607475498
5kmN2935E4115,0.15054234796926697
5kmN2935E4120,0.14661182201402206
5kmN2935E4125,0.05330638133679483
5kmN2935E4130,0.034664557267399476
5kmN2935E4135,0.03426652893387322
5kmN2935E4140,0.01837087462350162
5kmN2935E4145,-0.005704852596044807
5kmN2935E4150,-0.03665555291592676
5kmN2935E4155,-0.030850265907085894
5kmN2935E4160,-0.0010995884996828353
5kmN2935E4165,0.003445869076424024
5kmN2935E4170,0.02345970917182333
5kmN2935E4175,0.05293449978169801
5kmN2935E4180,0.0292440348922276
5kmN2935E4185,0.032816639190015595
5kmN2935E4190,0.007116963719121239
5kmN2935E4195,0.032701370907708915
5kmN2935E4200,0.09829031940677829
5kmN2935E4220,0.08805525295945432
5kmN2935E4225,0.1662104659181473
5kmN2935E4230,0.2505541041525989
5kmN2935E4235,0.25920111609191526
5kmN2935E4240,0.21635428344359212
5kmN2935E4245,0.1951461326214176
5kmN2935E4250,0.1772698264906098
5kmN2935E4255,0.1085058290433828
5kmN2935E4260,0.09849756946023358
5kmN2935E4265,0.08906126380051105
5kmN2935E4270,0.06442069561322117
5kmN2935E4275,0.05408490542887129
5kmN2935E4280,0.04731757517344781
5kmN2935E4285,0.11670434515215655
5kmN2935E4290,0.1404901159613985
5kmN2935E4295,0.1281013690532869
5kmN2935E4300,0.12726347814742844
5kmN2935E4305,0.11717777747818797
5kmN2935E4310,0.11822224736169701
5kmN2935E4315,0.05571449814615309
5kmN2935E4320,0.05854376910197964
5kmN2935E4325,0.09654321188101095
5kmN2935E4330,0.11364265741853297
5kmN2935E4335,0.10822481446388799
5kmN2935E4340,0.11538544411898238
5kmN2935E4345,0.11762717205796613
5kmN2935E4350,0.10853712796737075
5kmN2935E4355,0.11429475446146653
5kmN2935E4360,0.10565911177229476
5kmN2935E4365,0.10039297849474343
5kmN2935E4370,0.09883620814567473
5kmN2935E4375,0.09302646333125797
5kmN2935E4380,0.16061808011889384
5kmN2935E4385,0.22100133614734113
5kmN2935E4390,0.395915170491051
5kmN2935E4395,0.16006887646046503
5kmN2935E4400,0.16926535698401107
5kmN2935E4405,0.1650415278142885
5kmN2935E4410,0.13255774563964753
5kmN2935E4415,0.1325600828301766
5kmN2935E4420,0.16091826009529056
5kmN2935E4425,0.16764286496930017
5kmN2935E4430,0.15232187951329595
5kmN2935E4435,0.14134428597578297
5kmN2935E4440,0.14421750696796254
5kmN2935E4445,0.14312462584671204
5kmN2935E4450,0.14149679568548246
5kmN2935E4455,0.14716100627498707
5kmN2935E4460,0.13193919695555045
5kmN2935E4465,0.14256821537050463
5kmN2935E4470,0.019470173169102545
5kmN2935E4475,-0.06208763014398355
5kmN2935E4480,-0.05844944447083772
5kmN2935E4485,-0.020164790956399115
5kmN2935E4490,0.005839487221924677
5kmN2935E4495,-0.02172621457670776
5kmN2935E4500,-0.04103044642988252
5kmN2935E4505,-0.0342750967438093
5kmN2935E4510,-0.021981789665605433
5kmN2940E4055,0.022525364773432255
5kmN2940E4060,0.041770274418215514
5kmN2940E4065,0.04558351827922186
5kmN2940E4070,0.0307384587077566
5kmN2940E4075,0.03137243193496514
5kmN2940E4080,0.0538450900769068
5kmN2940E4085,0.06369465696949117
5kmN2940E4090,0.052380050797782574
5kmN2940E4095,0.05689863373563642
5kmN2940E4100,0.16105119372535137
5kmN2940E4105,0.17301157643547005
5kmN2940E4110,0.1740824375679868
5kmN2940E4115,0.16793829277217076
5kmN2940E4120,0.16730590437746062
5kmN2940E4125,0.1170140256770113
5kmN2940E4130,0.0432015368233265
5kmN2940E4135,0.04008218390347207
5kmN2940E4140,0.04372009122400622
5kmN2940E4145,0.03834945245902144
5kmN2940E4150,-0.010618828100106503
5kmN2940E4155,0.002655225711250264
5kmN2940E4160,0.05780038403175042
5kmN2940E4165,0.046676969042631855
5kmN2940E4170,0.04520914551456906
5kmN2940E4175,0.042507525243738686
5kmN2940E4180,0.04542334603188697
5kmN2940E4185,0.02553223141474842
5kmN2940E4190,-0.01265163683930709
5kmN2940E4195,-0.024164427146738554
5kmN2940E4200,0.00928163756847672
5kmN2940E4215,0.1675599751202151
5kmN2940E4220,0.09208554473836544
5kmN2940E4225,0.18980708879277808
5kmN2940E4230,0.22678617061939815
5kmN2940E4235,0.24703795679584703
5kmN2940E4240,0.21230525791137303
5kmN2940E4245,0.1904563487999274
5kmN2940E4250,0.17609620460476477
5kmN2940E4255,0.16868800344977827
5kmN2940E4260,0.16716280146415488
5kmN2940E4265,0.1176822104416082
5kmN2940E4270,0.06979508441696969
5kmN2940E4275,0.059454405900507434
5kmN2940E4280,0.04244785446316812
5kmN2940E4285,0.10986730646771503
5kmN2940E4290,0.12324195936643878
5kmN2940E4295,0.12834056912892605
5kmN2940E4300,0.11429029083011566
5kmN2940E4305,0.12286962334148283
5kmN2940E4310,0.0727469908256734
5kmN2940E4315,0.040037544286641746
5kmN2940E4320,0.030144322291904613
5kmN2940E4325,0.06751529530405204
5kmN2940E4330,0.07690936959600875
5kmN2940E4335,0.09865879671183059
5kmN2940E4340,0.10979041249218202
5kmN2940E4345,0.11867448017320692
5kmN2940E4350,0.10661200020805783
5kmN2940E4355,0.10198326882718889
5kmN2940E4360,0.10533002186493029
5kmN2940E4365,0.09493398604840436
5kmN2940E4370,0.08692435888042249
5kmN2940E4375,0.174719710051012
5kmN2940E4380,0.18222294318554239
5kmN2940E4385,0.301635757361362
5kmN2940E4390,0.5416713478065298
5kmN2940E4395,0.23907913062803807
5kmN2940E4400,0.12195015085070793
5kmN2940E4405,0.14837274975721215
5kmN2940E4410,0.15276217035815404
5kmN2940E4415,0.15468424203536574
5kmN2940E4420,0.1712036433126879
5kmN2940E4425,0.16473205660091664
5kmN2940E4430,0.16815137087312848
5kmN2940E4435,0.1514912606839406
5kmN2940E4440,0.14330414608205322
5kmN2940E4445,0.14402322607278084
5kmN2940E4450,0.14688357054876178
5kmN2940E4455,0.14847106270070892
5kmN2940E4460,0.14863271289746327
5kmN2940E4465,0.08593177759306664
5kmN2940E4470,0.04537545986227404
5kmN2940E4475,-0.01858502560951819
5kmN2940E4480,-0.016955226847670313
5kmN2940E4485,0.02738110705548291
5kmN2940E4490,0.024780977328278497
5kmN2940E4495,0.0177763018032962
5kmN2940E4500,0.016018902676076585
5kmN2940E4505,0.012026983929594393
5kmN2945E4055,-0.032585233553855175
5kmN2945E4060,-0.01690954651100457
5kmN2945E4065,0.008877098022383845
5kmN2945E4070,-0.00709632629808199
5kmN2945E4075,-0.002463493925269844
5kmN2945E4080,0.010535847759657713
5kmN2945E4085,0.009855390059192282
5kmN2945E4090,0.042239111561674425
5kmN2945E4095,0.09038589332759733
5kmN2945E4100,0.16563577413068836
5kmN2945E4105,0.18162905906779842
5kmN2945E4110,0.18202541651418264
5kmN2945E4115,0.18132396763623487
5kmN2945E4120,0.17334045284181904
5kmN2945E4125,0.16157264920990727
5kmN2945E4130,0.16476100007834688
5kmN2945E4135,0.06243993118884428
5kmN2945E4140,0.03154957435074446
5kmN2945E4145,0.03383380459169982
5kmN2945E4150,0.027178897664935475
5kmN2945E4155,0.05632921484217018
5kmN2945E4160,0.059910974234188896
5kmN2945E4165,0.0689859372033294
5kmN2945E4170,0.05762710974747076
5kmN2945E4175,0.03456247611848029
5kmN2945E4180,0.029702597720204726
5kmN2945E4185,0.006398389126315462
5kmN2945E4190,-0.048593996239577
5kmN2945E4195,-0.06626171163496408
5kmN2945E4200,-0.051699298729672716
5kmN2945E4205,0.13820653872210015
5kmN2945E4210,0.15104643985128205
5kmN2945E4215,0.17061769437664348
5kmN2945E4220,0.15351778872524102
5kmN2945E4225,0.20738318069471345
5kmN2945E4230,0.22866210163955952
5kmN2945E4235,0.24024996197054446
5kmN2945E4240,0.1897180469816671
5kmN2945E4245,0.1563099636621314
5kmN2945E4250,0.16091283402333212
5kmN2945E4255,0.18400119819973731
5kmN2945E4260,0.16276088978477335
5kmN2945E4265,0.14824951051484417
5kmN2945E4270,0.08891834673302929
5kmN2945E4275,0.07813581797750452
5kmN2945E4280,0.07076880235580135
5kmN2945E4285,0.09812171998417385
5kmN2945E4290,0.1143759985461637
5kmN2945E4295,0.11113136619051545
5kmN2945E4300,0.11282690462124623
5kmN2945E4305,0.11183368585979986
5kmN2945E4310,0.0458497863169163
5kmN2945E4315,0.03480489090815764
5kmN2945E4320,0.04222651079718032
5kmN2945E4325,0.039898016564749506
5kmN2945E4330,0.04280738996542177
5kmN2945E4335,0.06257078458565735
5kmN2945E4340,0.062313711932104776
5kmN2945E4345,0.09202122877766694
5kmN2945E4350,0.10556386411184354
5kmN2945E4355,0.10112239643935733
5kmN2945E4360,0.09427152872790867
5kmN2945E4365,0.09380443758885348
5kmN2945E4370,0.08922563168487335
5kmN2945E4375,0.14439744949319727
5kmN2945E4380,0.19522356291704887
5kmN2945E4385,0.2692402980324684
5kmN2945E4390,0.21019911812032122
5kmN2945E4395,0.11046271032642652
5kmN2945E4400,0.04486108758118734
5kmN2945E4405,0.06754170280956606
5kmN2945E4410,0.07192735773479711
5kmN2945E4415,0.14506210687451881
5kmN2945E4420,0.13316488902422768
5kmN2945E4425,0.14903911337246592
5kmN2945E4430,0.16848766629225093
5kmN2945E4435,0.14745694783974705
5kmN2945E4440,0.072697746150657
5kmN2945E4445,0.09966432405486464
5kmN2945E4450,0.1337491346815221
5kmN2945E4455,0.12455454776402419
5kmN2945E4460,0.11193781836367689
5kmN2945E4465,0.008837896125065636
5kmN2945E4470,-0.010328890350150721
5kmN2945E4475,-0.002043395287288585
5kmN2945E4480,0.01054366814497526
5kmN2945E4485,0.02682355642468698
5kmN2945E4490,0.03638452771937095
5kmN2945E4495,0.0393973705743606
5kmN2945E4500,0.03584756539535916
5kmN2950E4060,-0.020127938804402612
5kmN2950E4065,-0.006365195480547092
5kmN2950E4070,-0.013736067451150247
5kmN2950E4075,-0.0086612526164081
5kmN2950E4080,0.004905827639661076
5kmN2950E4085,0.008930229036236859
5kmN2950E4090,0.01401684569351308
5kmN2950E4095,0.012507612572357552
5kmN2950E4100,0.02734243617061477
5kmN2950E4105,0.13545624173770626
5kmN2950E4110,0.19348647333379176
5kmN2950E4115,0.1797910134766405
5kmN2950E4120,0.185751072115923
5kmN2950E4125,0.17238215229061515
5kmN2950E4135,0.08968953911429661
5kmN2950E4140,0.035218138887700645
5kmN2950E4145,0.01967521631314878
5kmN2950E4150,0.0228896940048941
5kmN2950E4155,0.04004986831346097
5kmN2950E4160,0.0502260398860912
5kmN2950E4165,0.04053780491958581
5kmN2950E4170,0.06152942688583707
5kmN2950E4175,0.036956677544657035
5kmN2950E4180,0.024651089979509933
5kmN2950E4185,-0.024108798027900336
5kmN2950E4190,-0.05536592205736163
5kmN2950E4195,-0.07435200725166541
5kmN2950E4200,-0.01166186393307389
5kmN2950E4205,0.13267669065400325
5kmN2950E4210,0.14726557732426065
5kmN2950E4215,0.16184069069079446
5kmN2950E4220,0.1558431654460095
5kmN2950E4225,0.2238574803597387
5kmN2950E4230,0.2179760070269616
5kmN2950E4235,0.18960912651487852
5kmN2950E4240,0.1717930435857774
5kmN2950E4245,0.1329429372004659
5kmN2950E4250,0.14031935832032244
5kmN2950E4255,0.17586887705204604
5kmN2950E4260,0.14898383787771463
5kmN2950E4265,0.14150289521171783
5kmN2950E4270,0.1532423385570353
5kmN2950E4275,0.1452227790982438
5kmN2950E4280,0.13209311734589352
5kmN2950E4285,0.12751256760768553
5kmN2950E4290,0.12575259946708794
5kmN2950E4295,0.09813512442832567
5kmN2950E4300,0.10296734871181146
5kmN2950E4305,0.10011620251151354
5kmN2950E4310,0.03904825648261212
5kmN2950E4315,0.008704797666223119
5kmN2950E4320,0.02134652834267689
5kmN2950E4325,0.01663091173363676
5kmN2950E4330,0.02704013084619933
5kmN2950E4335,0.03354526691701365
5kmN2950E4340,0.04797049012937998
5kmN2950E4345,0.07670488392272029
5kmN2950E4350,0.102965229851461
5kmN2950E4355,0.0998675846432735
5kmN2950E4360,0.10203258667686405
5kmN2950E4365,0.1616291469691945
5kmN2950E4370,0.14683491462643244
5kmN2950E4375,0.21585597988775423
5kmN2950E4380,0.20094410121171635
5kmN2950E4385,0.17197692291269348
5kmN2950E4390,0.12137050806774985
5kmN2950E4395,0.06852829929989296
5kmN2950E4400,0.0468400054101466
5kmN2950E4405,0.07844625171359654
5kmN2950E4410,0.07823142922076004
5kmN2950E4415,0.09266791886868128
5kmN2950E4420,0.09584851427116248
5kmN2950E4425,0.10052676634635682
5kmN2950E4430,0.11578347708541675
5kmN2950E4435,0.14686138652701924
5kmN2950E4440,0.034254699166508695
5kmN2950E4460,0.012096079640904533
5kmN2950E4465,0.020414068938846786
5kmN2950E4470,-0.09218440533142114
5kmN2950E4475,-0.1372259598214643
5kmN2950E4480,-0.04850681191207118
5kmN2950E4485,0.034408843287914936
5kmN2950E4490,0.04367491351804481
5kmN2950E4495,0.04560661774339586
5kmN2950E4500,0.041381841041559286
5kmN2955E4060,-0.037464693313996156
5kmN2955E4065,-0.025214587229872187
5kmN2955E4070,-0.03223647077121833
5kmN2955E4075,-0.03057611347314687
5kmN2955E4080,-0.014898929018961005
5kmN2955E4085,-0.00166500045030471
5kmN2955E4090,0.012299437485128129
5kmN2955E4095,0.0043654010881189476
5kmN2955E4100,0.041433805163302195
5kmN2955E4105,0.12268752807331124
5kmN2955E4110,0.22315539492501757
5kmN2955E4115,0.19233682458104978
5kmN2955E4120,0.18583168924357918
5kmN2955E4125,0.17404583395143824
5kmN2955E4130,0.1575167155145596
5kmN2955E4135,0.1551196172150507
5kmN2955E4140,0.0738340815207093
5kmN2955E4145,0.028770711472297206
5kmN2955E4150,0.016704777474035204
5kmN2955E4155,0.029797189343085007
5kmN2955E4160,0.04680364616373822
5kmN2955E4165,0.03441466910463614
5kmN2955E4170,0.022136627151767563
5kmN2955E4175,-0.010268881674881769
5kmN2955E4180,-0.032616108865840154
5kmN2955E4185,-0.042643420740816895
5kmN2955E4190,-0.04470931076739587
5kmN2955E4195,-0.06430190272468228
5kmN2955E4200,-0.056633092801104346
5kmN2955E4205,-0.005996009262482671
5kmN2955E4210,0.09488658878201939
5kmN2955E4215,0.11579371147133877
5kmN2955E4220,0.14169424331383973
5kmN2955E4225,0.202016100731235
5kmN2955E4230,0.18787598884138032
5kmN2955E4235,0.15046241985858916
5kmN2955E4240,0.1501899804825721
5kmN2955E4245,0.14256026765996826
5kmN2955E4250,0.15428432878273896
5kmN2955E4255,0.14486591915579927
5kmN2955E4260,0.12124208325034369
5kmN2955E4265,0.13227573959567007
5kmN2955E4270,0.14935132199053144
5kmN2955E4275,0.14353804677029247
5kmN2955E4280,0.12822700293624684
5kmN2955E4285,0.11966311119807044
5kmN2955E4290,0.10366131981530147
5kmN2955E4295,0.040670442769708326
5kmN2955E4300,0.03360007224362235
5kmN2955E4305,0.042283188164158686
5kmN2955E4310,0.027682140482652606
5kmN2955E4315,0.08121390094204001
5kmN2955E4320,0.00472608980454986
5kmN2955E4325,0.0219923515786819
5kmN2955E4330,0.009416700036156078
5kmN2955E4335,0.019599418966296134
5kmN2955E4340,0.0358626875962651
5kmN2955E4345,0.06074543092369816
5kmN2955E4350,0.0957285591507468
5kmN2955E4355,0.0940289674514121
5kmN2955E4360,0.08273558537722109
5kmN2955E4365,0.12427357205259931
5kmN2955E4370,0.20122236189379922
5kmN2955E4375,0.20483096556795133
5kmN2955E4380,0.1867703396160048
5kmN2955E4385,0.14362796327345467
5kmN2955E4390,0.05268600456162012
5kmN2955E4395,0.04329732831143138
5kmN2955E4400,0.06522965208353756
5kmN2955E4405,0.07900803906519013
5kmN2955E4410,0.08970012621234275
5kmN2955E4415,0.09101334010930218
5kmN2955E4420,0.0950134672674765
5kmN2955E4425,0.08899388200742148
5kmN2955E4430,0.11237814754255415
5kmN2955E4435,0.14478764479055262
5kmN2955E4440,0.034782073625790444
5kmN2955E4445,0.022072271429731616
5kmN2955E4450,0.02338647429970392
5kmN2955E4455,0.011952794426498659
5kmN2955E4460,0.030394364598664014
5kmN2955E4465,0.02089722490231455
5kmN2955E4470,-0.025100510090704853
5kmN2955E4475,-0.03105855902448118
5kmN2955E4480,0.017447599421662074
5kmN2955E4485,0.03515683833786387
5kmN2955E4490,0.05447119946253359
5kmN2955E4495,0.07481521067369695
5kmN2955E4500,0.06920046271187302
5kmN2960E4065,-0.02662966130257277
5kmN2960E4070,-0.0402134355903514
5kmN2960E4075,-0.06458917306424558
5kmN2960E4080,-0.046884471063247335
5kmN2960E4085,-0.021306076927623208
5kmN2960E4090,-0.004604387718090908
5kmN2960E4095,0.011507816916644653
5kmN2960E4100,0.07638543514104329
5kmN2960E4105,0.09143714181709983
5kmN2960E4115,0.21910973670791578
5kmN2960E4120,0.19432550883583322
5kmN2960E4125,0.1713574421614139
5kmN2960E4130,0.1620186656075553
5kmN2960E4135,0.0918171780778616
5kmN2960E4140,0.04141958082673197
5kmN2960E4145,0.03024777093400971
5kmN2960E4150,0.016941044927518356
5kmN2960E4155,0.011582203218384768
5kmN2960E4160,0.025024881156058054
5kmN2960E4165,0.012873252733183072
5kmN2960E4170,-0.0201604652909797
5kmN2960E4175,-0.05253282488830385
5kmN2960E4180,-0.0631398500588698
5kmN2960E4185,-0.06681171791447549
5kmN2960E4190,-0.05482888329222485
5kmN2960E4195,-0.03967948999063925
5kmN2960E4200,-0.07922901190741155
5kmN2960E4205,-0.07765465520100062
5kmN2960E4210,-0.007278388766997074
5kmN2960E4215,0.06092357604050144
5kmN2960E4220,0.09062676737248326
5kmN2960E4225,0.12641245815985575
5kmN2960E4230,0.11541709533932074
5kmN2960E4235,0.11695559240894776
5kmN2960E4240,0.13255738430445874
5kmN2960E4245,0.13944264875749218
5kmN2960E4250,0.13907520865909967
5kmN2960E4255,0.13079282399609693
5kmN2960E4260,0.12437065514101442
5kmN2960E4265,0.13941908391286978
5kmN2960E4270,0.15206623055059798
5kmN2960E4275,0.15203869992692057
5kmN2960E4280,0.1345175089318944
5kmN2960E4285,0.17568969405991908
5kmN2960E4290,0.12359950573333517
5kmN2960E4295,0.03013457927020391
5kmN2960E4300,0.010134040381978598
5kmN2960E4305,0.011402690671027088
5kmN2960E4310,0.04890688183864572
5kmN2960E4315,0.08542133738841393
5kmN2960E4320,-0.009093247954277406
5kmN2960E4325,0.00983566320982926
5kmN2960E4330,-0.0016243731442414644
5kmN2960E4335,0.006846698396588302
5kmN2960E4340,0.022636115796588197
5kmN2960E4345,0.027521097283529306
5kmN2960E4350,0.06764912360955283
5kmN2960E4355,0.06343955439378474
5kmN2960E4360,0.06336306759003313
5kmN2960E4365,0.05616301155147574
5kmN2960E4370,0.14938174919501793
5kmN2960E4375,0.09744679431964529
5kmN2960E4380,0.10465052401310679
5kmN2960E4385,0.10965334209995445
5kmN2960E4390,0.0445726745484209
5kmN2960E4395,0.052142319846091606
5kmN2960E4400,0.07466296398181124
5kmN2960E4405,0.07537068275967321
5kmN2960E4410,0.08602404970939037
5kmN2960E4415,0.08739586851771017
5kmN2960E4420,0.1043778121765731
5kmN2960E4425,0.10853862184124446
5kmN2960E4430,0.10676663882799298
5kmN2960E4435,0.1052859553916154
5kmN2960E4440,0.030771441023074275
5kmN2960E4445,0.027446719047911627
5kmN2960E4450,0.045722310136864175
5kmN2960E4455,0.053131291532202196
5kmN2960E4460,0.04380094864125006
5kmN2960E4465,0.046131611440088094
5kmN2960E4470,0.036197431328937824
5kmN2960E4475,0.03670714856875479
5kmN2960E4480,0.04275702696652123
5kmN2960E4485,0.06985710173879683
5kmN2960E4490,0.09323799419595774
5kmN2965E4065,-0.013403155016982582
5kmN2965E4070,-0.017990934018464355
5kmN2965E4075,-0.041492636942829314
5kmN2965E4080,-0.07291799216879105
5kmN2965E4085,-0.04376873801902448
5kmN2965E4090,-0.04011844216870708
5kmN2965E4095,0.03719902350678872
5kmN2965E4100,0.09603213632869612
5kmN2965E4105,0.09137615192508047
5kmN2965E4110,0.09116776160940243
5kmN2965E4115,0.2056402966532233
5kmN2965E4120,0.2055741393871775
5kmN2965E4125,0.17744114568388125
5kmN2965E4130,0.1613827127895543
5kmN2965E4135,0.06821985236486522
5kmN2965E4140,0.04416753501598225
5kmN2965E4145,0.02465361642572872
5kmN2965E4150,0.008214688989908847
5kmN2965E4155,0.0008155002587799665
5kmN2965E4160,-0.00878425636337965
5kmN2965E4165,-0.022476200882357078
5kmN2965E4170,-0.050681133695065994
5kmN2965E4175,-0.08102184964840681
5kmN2965E4180,-0.07369645955056381
5kmN2965E4185,-0.07519497404779463
5kmN2965E4190,-0.05290920452822395
5kmN2965E4195,-0.029204248643225184
5kmN2965E4200,-0.03988573972080617
5kmN2965E4205,-0.013729916199783532
5kmN2965E4210,0.029643108760276593
5kmN2965E4215,0.048106568750662604
5kmN2965E4220,0.09898974400209753
5kmN2965E4225,0.09574514791043132
5kmN2965E4230,0.09287575697858463
5kmN2965E4235,0.10147864646223481
5kmN2965E4240,0.09584866900740119
5kmN2965E4245,0.12270431898873879
5kmN2965E4250,0.14457358778264867
5kmN2965E4255,0.11911117572467117
5kmN2965E4260,0.12213798171514334
5kmN2965E4265,0.14044857405660754
5kmN2965E4270,0.15934582722945134
5kmN2965E4275,0.15172430899022496
5kmN2965E4280,0.202036111031569
5kmN2965E4285,0.2121774154064009
5kmN2965E4290,0.2036154712688779
5kmN2965E4295,0.11281138776595587
5kmN2965E4300,0.029924774552091915
5kmN2965E4305,0.018118311543147553
5kmN2965E4310,0.03439111654603039
5kmN2965E4315,0.08534714811348176
5kmN2965E4320,0.009919163814404108
5kmN2965E4325,-0.0030382463186969244
5kmN2965E4330,-0.004876405207102197
5kmN2965E4335,-0.004898810508365936
5kmN2965E4340,0.00761618157086752
5kmN2965E4345,0.01959436083229288
5kmN2965E4350,0.054640582195856324
5kmN2965E4355,0.08320654999880422
5kmN2965E4360,0.07640286541535679
5kmN2965E4365,0.07250648869679965
5kmN2965E4370,0.06618587248139407
5kmN2965E4375,0.07443505187050348
5kmN2965E4380,0.06566665432965735
5kmN2965E4385,0.04507730613334593
5kmN2965E4390,0.04037907075464675
5kmN2965E4395,0.0453206102816332
5kmN2965E4400,0.08714310801033856
5kmN2965E4405,0.08369626751934958
5kmN2965E4410,0.08517897984675399
5kmN2965E4415,0.09955994191945267
5kmN2965E4420,0.1078005210635512
5kmN2965E4425,0.1172156652136423
5kmN2965E4430,0.11586167201460651
5kmN2965E4435,0.10415292918593921
5kmN2965E4440,0.07291160235022648
5kmN2965E4445,0.049051689679405264
5kmN2965E4450,0.046838199326305285
5kmN2965E4455,0.10912075769258317
5kmN2965E4460,0.08666497209260149
5kmN2965E4465,0.1492013617948202
5kmN2965E4470,0.08790417414559498
5kmN2965E4475,0.04946159032352432
5kmN2965E4480,0.13942921587206214
5kmN2965E4485,0.17351982432261043
5kmN2965E4490,0.19115125016449597
5kmN2965E4495,0.20576187898351744
5kmN2970E4060,0.1360793477533272
5kmN2970E4065,0.062144121770811356
5kmN2970E4070,-0.0011290125994748434
5kmN2970E4075,-0.003793653766007321
5kmN2970E4080,-0.05588384752185965
5kmN2970E4085,-0.05015779174891849
5kmN2970E4090,-0.041298018118569424
5kmN2970E4095,-0.028559211019657638
5kmN2970E4100,0.07593179565585723
5kmN2970E4105,0.09814831260765777
5kmN2970E4110,0.09241268289547777
5kmN2970E4115,0.10244631293433448
5kmN2970E4120,0.18102691072188082
5kmN2970E4125,0.1860370871801757
5kmN2970E4130,0.14686289778520767
5kmN2970E4135,0.06922812719107452
5kmN2970E4140,0.0438703823052678
5kmN2970E4145,0.03728497204068726
5kmN2970E4150,0.028324668155819965
5kmN2970E4155,0.0002994504882718463
5kmN2970E4160,-0.029275266711702663
5kmN2970E4165,-0.0609812450482935
5kmN2970E4170,-0.06682110130399604
5kmN2970E4175,-0.051658998786114296
5kmN2970E4180,-0.0765634858771102
5kmN2970E4185,-0.07138111225882293
5kmN2970E4190,-0.046877852944711834
5kmN2970E4195,-0.037934878843541575
5kmN2970E4200,-0.05348631768254908
5kmN2970E4205,0.010395764845697902
5kmN2970E4210,0.021419754175011463
5kmN2970E4215,0.05363664131540985
5kmN2970E4220,0.13950195204796584
5kmN2970E4225,0.13313339405922955
5kmN2970E4230,0.09289447296641129
5kmN2970E4235,0.09252370864058052
5kmN2970E4240,0.09429427039683991
5kmN2970E4245,0.11010581044458378
5kmN2970E4250,0.11512937117003705
5kmN2970E4255,0.1187462634473449
5kmN2970E4260,0.12335531381252263
5kmN2970E4265,0.12341286871093332
5kmN2970E4270,0.06227775092130866
5kmN2970E4280,0.23692702697075443
5kmN2970E4285,0.22904007785193742
5kmN2970E4290,0.20938758108211733
5kmN2970E4295,0.2103598334921513
5kmN2970E4300,0.1692882694715904
5kmN2970E4305,0.061216452102407226
5kmN2970E4310,0.011559123011277456
5kmN2970E4315,0.003379285556222439
5kmN2970E4320,0.011241251193964907
5kmN2970E4325,-0.0023112536217266832
5kmN2970E4330,0.00512703655128971
5kmN2970E4335,0.009459695560930792
5kmN2970E4340,0.014023329580295396
5kmN2970E4345,0.018216868761953775
5kmN2970E4350,0.04984587261379503
5kmN2970E4355,0.06786917912462742
5kmN2970E4360,0.028938751353870085
5kmN2970E4365,0.05390436126315734
5kmN2970E4370,0.06882882017121283
5kmN2970E4375,0.07059792191994407
5kmN2970E4380,0.0566689454006693
5kmN2970E4385,0.022887740604745244
5kmN2970E4390,0.02646896877086996
5kmN2970E4395,0.07171161354191469
5kmN2970E4400,0.07917098687575636
5kmN2970E4405,0.07741149188856011
5kmN2970E4410,0.08794865252974832
5kmN2970E4415,0.10271583932190748
5kmN2970E4420,0.11711079372852273
5kmN2970E4425,0.12374415670061695
5kmN2970E4430,0.11967766090550808
5kmN2970E4435,0.12045228437915062
5kmN2970E4440,0.1268607427842388
5kmN2970E4445,0.12257510317029635
5kmN2970E4450,0.1097113315903846
5kmN2970E4455,0.1850660126877492
5kmN2970E4460,0.19006316457790406
5kmN2970E4465,0.19129456969815684
5kmN2970E4470,0.18684149125901328
5kmN2970E4475,0.13953543763589887
5kmN2970E4480,0.1810193345884178
5kmN2970E4485,0.18735031373043598
5kmN2970E4490,0.20035928565750194
5kmN2970E4495,0.21046507527708097
5kmN2975E4050,0.1338729371877887
5kmN2975E4055,0.15164153090208649
5kmN2975E4060,0.14618401584808327
5kmN2975E4065,0.1352954469425528
5kmN2975E4070,0.07215067520322999
5kmN2975E4075,0.017175651469983566
5kmN2975E4080,0.00629744470146093
5kmN2975E4085,-0.0015203110243541262
5kmN2975E4090,0.04107705104559739
5kmN2975E4095,0.03265314309753259
5kmN2975E4100,0.05225904716871271
5kmN2975E4105,0.07301846036089882
5kmN2975E4110,0.09093149971510739
5kmN2975E4115,0.08601488344369956
5kmN2975E4120,0.1407876436462991
5kmN2975E4125,0.1787135514638516
5kmN2975E4130,0.17632636410034092
5kmN2975E4135,0.16089068027481318
5kmN2975E4140,0.1237563523324956
5kmN2975E4145,0.0746744596720807
5kmN2975E4150,0.04250321976481641
5kmN2975E4155,0.021255808984632696
5kmN2975E4160,-0.020872209395940478
5kmN2975E4165,-0.04867148518365866
5kmN2975E4170,-0.058365635255113846
5kmN2975E4175,-0.04166612705975509
5kmN2975E4180,-0.033484470898202556
5kmN2975E4185,-0.05700489342684395
5kmN2975E4190,-0.02514426736760028
5kmN2975E4195,-0.03968173103028544
5kmN2975E4200,-0.04424867612585501
5kmN2975E4205,0.011542249114163433
5kmN2975E4210,0.01341441489494094
5kmN2975E4215,0.027830603840122398
5kmN2975E4220,0.07571608383314388
5kmN2975E4225,0.15523413115721918
5kmN2975E4230,0.10093822923978188
5kmN2975E4235,0.06461358632092423
5kmN2975E4240,0.08892434081679021
5kmN2975E4245,0.09268003952155246
5kmN2975E4250,0.02948652034740104
5kmN2975E4255,0.07327707084683022
5kmN2975E4260,0.12059673391835751
5kmN2975E4265,0.11728678826938416
5kmN2975E4270,0.04919632521741327
5kmN2975E4275,0.04420583144004586
5kmN2975E4280,0.23287294400703187
5kmN2975E4285,0.24532202443242512
5kmN2975E4290,0.21780436535843592
5kmN2975E4295,0.22090924453464933
5kmN2975E4300,0.21776433708126308
5kmN2975E4305,0.21103407460639464
5kmN2975E4310,0.18030715229863098
5kmN2975E4315,0.024178916539615097
5kmN2975E4320,0.010033343699107855
5kmN2975E4325,0.02355875608025243
5kmN2975E4330,0.01496954893146335
5kmN2975E4335,0.010822508887075588
5kmN2975E4340,0.01828006153220324
5kmN2975E4345,0.018094179250681186
5kmN2975E4350,0.03718660048758471
5kmN2975E4355,0.0006677494906819348
5kmN2975E4360,-0.04865784308847049
5kmN2975E4365,-0.04748089916864151
5kmN2975E4370,0.037362099440997554
5kmN2975E4375,0.051075801914436836
5kmN2975E4380,0.013910446637499796
5kmN2975E4385,-0.00014447461296901443
5kmN2975E4390,0.038043415994366614
5kmN2975E4395,0.0833228261577657
5kmN2975E4400,0.07542786417867531
5kmN2975E4405,0.0866790106387394
5kmN2975E4410,0.10035252951187168
5kmN2975E4415,0.10887674562989935
5kmN2975E4420,0.11800678394470826
5kmN2975E4425,0.11438090017931918
5kmN2975E4430,0.07411112772603057
5kmN2975E4435,0.08526467687571393
5kmN2975E4440,0.1364075896337998
5kmN2975E4445,0.1491087373972616
5kmN2975E4450,0.16285343269661473
5kmN2975E4455,0.19933966926326235
5kmN2975E4460,0.20565725325883832
5kmN2975E4465,0.21692308084082995
5kmN2975E4470,0.19771728973631475
5kmN2975E4475,0.19240972291794955
5kmN2975E4480,0.1973604813742067
5kmN2975E4485,0.20076741210502458
5kmN2975E4490,0.20349088046349967
5kmN2975E4495,0.21468994768208027
5kmN2975E4500,0.21466970197867657
5kmN2980E4050,0.14022276628732755
5kmN2980E4055,0.1478230539308878
5kmN2980E4060,0.15396598678550233
5kmN2980E4065,0.14167592089910702
5kmN2980E4070,0.13584670086808281
5kmN2980E4075,0.1365589576120223
5kmN2980E4080,0.09000735475802396
5kmN2980E4085,0.1136379856938533
5kmN2980E4090,0.08615781940284273
5kmN2980E4095,0.07720781493941065
5kmN2980E4100,0.06407126859984347
5kmN2980E4105,0.047406075709232054
5kmN2980E4110,0.05925992568134153
5kmN2980E4115,0.06855946478971664
5kmN2980E4120,0.12036106835767407
5kmN2980E4125,0.16640990029296393
5kmN2980E4130,0.16700762079854947
5kmN2980E4135,0.15842382023979096
5kmN2980E4140,0.1439826017916564
5kmN2980E4145,0.14097704091588514
5kmN2980E4150,0.08921279571067453
5kmN2980E4155,0.036943675608474114
5kmN2980E4160,-0.0023677616174350713
5kmN2980E4165,-0.03790596357644166
5kmN2980E4170,-0.06630389448770421
5kmN2980E4175,-0.05875909990973857
5kmN2980E4180,-0.03380372154436667
5kmN2980E4185,-0.02391163347488684
5kmN2980E4190,-0.017467079778921257
5kmN2980E4195,-0.034897841628136445
5kmN2980E4200,-0.05430325898543992
5kmN2980E4205,-0.015546673850789783
5kmN2980E4210,0.013656380693683329
5kmN2980E4215,0.017422375702951964
5kmN2980E4220,0.08895138483447323
5kmN2980E4225,0.15680424610666172
5kmN2980E4230,0.1261598304897279
5kmN2980E4235,0.11029301710198167
5kmN2980E4240,0.09556362109150285
5kmN2980E4245,0.06241455864423551
5kmN2980E4250,-0.014281596971745192
5kmN2980E4255,0.09282731840085368
5kmN2980E4260,0.11589750113701017
5kmN2980E4265,0.03761444544808426
5kmN2980E4270,0.025239926967229015
5kmN2980E4275,0.041288474032363326
5kmN2980E4280,0.17920456295753334
5kmN2980E4285,0.2583586959474905
5kmN2980E4290,0.2401334569893645
5kmN2980E4295,0.22455450648207198
5kmN2980E4300,0.2131477020215663
5kmN2980E4305,0.2114805999207825
5kmN2980E4310,0.2080141142110192
5kmN2980E4315,0.16572189625561137
5kmN2980E4320,0.11407805766859652
5kmN2980E4325,0.007801329793337308
5kmN2980E4330,0.01144888729654392
5kmN2980E4335,0.0013978061764230998
5kmN2980E4340,0.00979346669449388
5kmN2980E4345,0.010713801996397598
5kmN2980E4350,0.0040469242128440275
5kmN2980E4355,-0.04849661405332317
5kmN2980E4360,-0.05019991582598682
5kmN2980E4365,-0.05817705883401092
5kmN2980E4370,-0.04867203311913787
5kmN2980E4375,0.044512523823333094
5kmN2980E4380,0.04115220030046007
5kmN2980E4385,0.04011156046176689
5kmN2980E4390,0.05064245491135544
5kmN2980E4395,0.07279347583535001
5kmN2980E4400,0.07159692885055502
5kmN2980E4405,0.08157545005525602
5kmN2980E4410,0.1032478419050894
5kmN2980E4415,0.13879282102466173
5kmN2980E4420,0.1247669858291433
5kmN2980E4425,0.09371949823674613
5kmN2980E4430,0.019773486500487103
5kmN2980E4435,0.018807658177906472
5kmN2980E4440,0.12817806446557778
5kmN2980E4445,0.1573692934432495
5kmN2980E4450,0.2003503998177893
5kmN2980E4455,0.21193148254866984
5kmN2980E4460,0.2204188447962634
5kmN2980E4465,0.21958327117757448
5kmN2980E4470,0.2160753424901225
5kmN2980E4475,0.2033048490514569
5kmN2980E4480,0.20769794596744312
5kmN2980E4485,0.20190554366686986
5kmN2980E4490,0.21979523268124057
5kmN2980E4495,0.22562713116231664
5kmN2980E4500,0.22676177624893096
5kmN2985E4045,0.154038590155541
5kmN2985E4050,0.1548553722110076
5kmN2985E4055,0.14892259089029897
5kmN2985E4060,0.14984677679638703
5kmN2985E4065,0.1415032299159159
5kmN2985E4070,0.12552588523570196
5kmN2985E4075,0.14184491142853306
5kmN2985E4080,0.13556629308689117
5kmN2985E4085,0.11542028126977022
5kmN2985E4090,0.10025038711748968
5kmN2985E4095,0.0809070285893787
5kmN2985E4100,0.06803994541688174
5kmN2985E4105,0.04702397531050673
5kmN2985E4110,0.039712396547645135
5kmN2985E4115,0.0532212859362442
5kmN2985E4120,0.14263992508158624
5kmN2985E4125,0.15334344924030008
5kmN2985E4130,0.16209799663619529
5kmN2985E4135,0.15592794478820948
5kmN2985E4140,0.14450029353261745
5kmN2985E4145,0.13519066404883495
5kmN2985E4150,0.1293192648831245
5kmN2985E4155,0.051284473794060426
5kmN2985E4160,0.023348538105594868
5kmN2985E4165,-0.03974137704120592
5kmN2985E4170,-0.054099546975485274
5kmN2985E4175,-0.07766677602803121
5kmN2985E4180,-0.06283010708567818
5kmN2985E4185,-0.05124726305194505
5kmN2985E4190,-0.004423819067680135
5kmN2985E4195,-0.013001466015297503
5kmN2985E4200,-0.023692716848321027
5kmN2985E4205,-0.033529268363917786
5kmN2985E4210,-0.017340402076060274
5kmN2985E4215,-0.02680253604885252
5kmN2985E4220,0.0836289659061416
5kmN2985E4225,0.15335693918781784
5kmN2985E4230,0.18387717263593817
5kmN2985E4235,0.17275650166232578
5kmN2985E4240,0.14057368311542096
5kmN2985E4245,0.10845113643468507
5kmN2985E4250,0.013406356423713961
5kmN2985E4255,0.04434738061392968
5kmN2985E4260,0.0010514125081803327
5kmN2985E4265,0.012004611435326329
5kmN2985E4270,0.014872069048281228
5kmN2985E4275,0.07277714989340828
5kmN2985E4280,0.25350542862721465
5kmN2985E4285,0.2621224814531136
5kmN2985E4290,0.2315826559074828
5kmN2985E4295,0.23381176714078405
5kmN2985E4300,0.2204986781753592
5kmN2985E4305,0.21996851303311102
5kmN2985E4310,0.21888748100864397
5kmN2985E4315,0.21089861632299567
5kmN2985E4320,0.13478988222295524
5kmN2985E4325,0.003536267960023376
5kmN2985E4330,0.0010315642639644462
5kmN2985E4335,0.0329223131919949
5kmN2985E4340,-0.0021683820232778483
5kmN2985E4345,0.0002277173021332235
5kmN2985E4350,-0.06196146467279523
5kmN2985E4355,-0.07488726851453115
5kmN2985E4360,-0.06450103682512515
5kmN2985E4365,-0.05812532694868355
5kmN2985E4370,-0.05187693628527379
5kmN2985E4375,0.06214579673225157
5kmN2985E4380,0.0544352272667995
5kmN2985E4385,0.04229901897787958
5kmN2985E4390,0.06295843740615253
5kmN2985E4395,0.07780029629153262
5kmN2985E4400,0.082407662049718
5kmN2985E4405,0.10061289461820361
5kmN2985E4410,0.15665671212724946
5kmN2985E4415,0.16929458225665117
5kmN2985E4420,0.16042140666703497
5kmN2985E4425,0.15335726727245164
5kmN2985E4430,0.12535933707341435
5kmN2985E4435,0.09606129786859324
5kmN2985E4440,0.13833365827593486
5kmN2985E4445,0.16899241222178285
5kmN2985E4450,0.17617576894284687
5kmN2985E4455,0.27668565712568066
5kmN2985E4460,0.3353992559141145
5kmN2985E4465,0.29189313689071067
5kmN2985E4470,0.2877286590653655
5kmN2985E4475,0.23378108166779388
5kmN2985E4480,0.2222718236151875
5kmN2985E4485,0.21024982574873957
5kmN2985E4490,0.21474113774077896
5kmN2985E4495,0.2177975606991026
5kmN2990E4040,0.17330578002317099
5kmN2990E4045,0.17570141490243485
5kmN2990E4050,0.17551274112822865
5kmN2990E4055,0.16620237456805792
5kmN2990E4060,0.15929936363759095
5kmN2990E4065,0.14754169758120017
5kmN2990E4070,0.1398862325603728
5kmN2990E4075,0.1369771839479269
5kmN2990E4080,0.13751355592644393
5kmN2990E4085,0.11254553780103321
5kmN2990E4090,0.10198140777391529
5kmN2990E4095,0.08512656177859529
5kmN2990E4100,0.07785834781702572
5kmN2990E4105,0.07530869447988597
5kmN2990E4110,0.06434060405926567
5kmN2990E4115,0.11675882721909081
5kmN2990E4120,0.15615314199540997
5kmN2990E4125,0.15660157546576348
5kmN2990E4130,0.16666576565872204
5kmN2990E4135,0.16022876470236802
5kmN2990E4140,0.14656894008206972
5kmN2990E4145,0.14307724972651942
5kmN2990E4150,0.13643368822785218
5kmN2990E4155,0.053886397372734124
5kmN2990E4160,-0.0355161174839794
5kmN2990E4165,0.016446769504883496
5kmN2990E4170,0.07000640674560532
5kmN2990E4175,0.04128382479112647
5kmN2990E4180,-0.017946984838461244
5kmN2990E4185,-0.052482474738460794
5kmN2990E4190,-0.04097855249381133
5kmN2990E4195,-0.015351933616225832
5kmN2990E4200,0.10523211969811777
5kmN2990E4205,0.20194972402716854
5kmN2990E4210,-0.024898387464873828
5kmN2990E4215,-0.09284200964542727
5kmN2990E4220,0.07716500104088281
5kmN2990E4225,0.14236455783609606
5kmN2990E4230,0.1485025102111147
5kmN2990E4235,0.14734145521674205
5kmN2990E4240,0.14543204286844624
5kmN2990E4245,0.12007490318082314
5kmN2990E4250,0.0012397120250879357
5kmN2990E4255,0.013830192940396113
5kmN2990E4260,0.013642396567141724
5kmN2990E4265,0.021611112131878385
5kmN2990E4270,0.035158237114779195
5kmN2990E4275,0.130537439075954
5kmN2990E4280,0.2653370638223976
5kmN2990E4285,0.2757761868353211
5kmN2990E4290,0.2574657269492176
5kmN2990E4295,0.2283603128689395
5kmN2990E4300,0.2241626228550354
5kmN2990E4305,0.21314917384170146
5kmN2990E4310,0.19365331747644587
5kmN2990E4315,0.17242212114681627
5kmN2990E4320,0.060810430143510175
5kmN2990E4325,0.009580493586455574
5kmN2990E4330,0.055922763561162936
5kmN2990E4335,0.19830811123496508
5kmN2990E4340,0.004550678787506146
5kmN2990E4345,-0.014743057764588119
5kmN2990E4350,-0.06474872195826847
5kmN2990E4355,-0.06530977028120655
5kmN2990E4360,-0.05991632531719393
5kmN2990E4365,-0.0494079172266072
5kmN2990E4370,-0.04207623445095321
5kmN2990E4375,0.0038753495004116845
5kmN2990E4380,0.07009954853721395
5kmN2990E4385,0.13442065317024077
5kmN2990E4390,0.19153702939990336
5kmN2990E4395,0.1943320992917542
5kmN2990E4400,0.14727318105277826
5kmN2990E4405,0.21730015496606636
5kmN2990E4410,0.21869504584766936
5kmN2990E4415,0.16826607609149757
5kmN2990E4420,0.17572114079899814
5kmN2990E4425,0.19104109051897533
5kmN2990E4430,0.19925314296573304
5kmN2990E4435,0.14690765945665185
5kmN2990E4440,0.13764993549364918
5kmN2990E4445,0.1697383146955988
5kmN2990E4450,0.19906230321442947
5kmN2990E4455,0.3791131826288523
5kmN2990E4460,0.3907928418910708
5kmN2990E4465,0.3966112984142829
5kmN2990E4470,0.39890631747024635
5kmN2990E4475,0.3567995138619399
5kmN2990E4480,0.2487106411513409
5kmN2990E4485,0.2255708954982033
5kmN2990E4490,0.21784875160237405
5kmN2995E4040,0.17765015509089188
5kmN2995E4045,0.18094807680293024
5kmN2995E4050,0.18145282985140174
5kmN2995E4055,0.1825435277642523
5kmN2995E4060,0.16890727264239086
5kmN2995E4065,0.1613929023777872
5kmN2995E4070,0.1521881267880537
5kmN2995E4075,0.15418833498694406
5kmN2995E4080,0.14986528503942076
5kmN2995E4085,0.1234926529998801
5kmN2995E4090,0.10576510342681672
5kmN2995E4095,0.10445544858043021
5kmN2995E4100,0.10006304020419077
5kmN2995E4105,0.09933305770428164
5kmN2995E4110,0.1161862610141492
5kmN2995E4115,0.12486579932114478
5kmN2995E4120,0.14596286454952412
5kmN2995E4125,0.1539168947944078
5kmN2995E4130,0.16257017168426635
5kmN2995E4135,0.15802793605235627
5kmN2995E4140,0.15474160896925615
5kmN2995E4145,0.14471420051389672
5kmN2995E4150,0.14755436255391485
5kmN2995E4155,0.05054281047316339
5kmN2995E4160,-0.0013426757880108386
5kmN2995E4165,0.06749867428295975
5kmN2995E4170,0.09278287780941527
5kmN2995E4175,0.10674923352413948
5kmN2995E4180,0.09316520245952953
5kmN2995E4185,0.06605220528040373
5kmN2995E4190,0.0643249219526478
5kmN2995E4195,0.039289253398504614
5kmN2995E4200,0.06857624747344593
5kmN2995E4205,0.2199682465776555
5kmN2995E4210,0.20284690626590313
5kmN2995E4215,0.06648989439637315
5kmN2995E4220,0.12613014467829614
5kmN2995E4225,0.20393231903242603
5kmN2995E4230,-0.003690545016869329
5kmN2995E4235,0.07647079493155884
5kmN2995E4240,0.06830066792284115
5kmN2995E4245,0.011814244154799286
5kmN2995E4250,-0.002573588242253455
5kmN2995E4255,0.029901134111641525
5kmN2995E4260,0.03220241807021337
5kmN2995E4265,0.03378002260231211
5kmN2995E4270,0.044858916968566115
5kmN2995E4275,0.10296518217453357
5kmN2995E4280,0.18398631658547987
5kmN2995E4285,0.26372230383998113
5kmN2995E4290,0.27484381935579016
5kmN2995E4295,0.2567161813571489
5kmN2995E4300,0.2510995449289537
5kmN2995E4305,0.214124593736927
5kmN2995E4310,0.16739526414095918
5kmN2995E4315,0.15053147141035472
5kmN2995E4320,0.06588888148629612
5kmN2995E4325,0.03870272515640172
5kmN2995E4330,0.018542192972030302
5kmN2995E4335,0.07792025905062777
5kmN2995E4340,0.02740188166005736
5kmN2995E4345,0.02640392760195165
5kmN2995E4350,-0.04113068529642849
5kmN2995E4355,-0.0460069653386137
5kmN2995E4360,-0.04592605515568682
5kmN2995E4365,-0.04323627250503681
5kmN2995E4370,-0.04260880925966831
5kmN2995E4375,-0.03658895097245818
5kmN2995E4380,0.051666872549737564
5kmN2995E4385,0.23547063678109337
5kmN2995E4390,0.2283194250645002
5kmN2995E4395,0.2355224102474714
5kmN2995E4400,0.2381004291049268
5kmN2995E4405,0.24346339775423115
5kmN2995E4410,0.23266365043507864
5kmN2995E4415,0.17026431521363805
5kmN2995E4420,0.17672398392591993
5kmN2995E4425,0.19211807306316642
5kmN2995E4430,0.19444505223313746
5kmN2995E4435,0.18508692593562903
5kmN2995E4440,0.15829235921620988
5kmN2995E4445,0.16434935189389022
5kmN2995E4450,0.3504152190391363
5kmN2995E4455,0.393716188331815
5kmN2995E4460,0.40313568922681503
5kmN2995E4465,0.4108964893254334
5kmN2995E4470,0.407212204177171
5kmN2995E4475,0.40643747986052536
5kmN2995E4480,0.3661179853968471
5kmN2995E4485,0.24516244322042013
5kmN3000E4040,0.17921304389606574
5kmN3000E4045,0.1796591920819108
5kmN3000E4050,0.18834780530984618
5kmN3000E4055,0.18649502109848032
5kmN3000E4060,0.18437140876188862
5kmN3000E4065,0.17830391439727655
5kmN3000E4070,0.16565699102177533
5kmN3000E4075,0.16998971124016798
5kmN3000E4080,0.17258846797255495
5kmN3000E4085,0.13732079671784564
5kmN3000E4090,0.10487695466975211
5kmN3000E4095,0.10386942603015575
5kmN3000E4100,0.12226901923714828
5kmN3000E4105,0.17417996648693634
5kmN3000E4110,0.1636171125241082
5kmN3000E4115,0.14585773924418216
5kmN3000E4120,0.12515162072224484
5kmN3000E4125,0.14414402716989833
5kmN3000E4130,0.15487191381005289
5kmN3000E4135,0.15227039359785222
5kmN3000E4140,0.1511671873372359
5kmN3000E4145,0.14933072031952743
5kmN3000E4150,0.12574501365959673
5kmN3000E4155,0.04178183042183714
5kmN3000E4160,0.08828167435870893
5kmN3000E4165,0.11039303484124147
5kmN3000E4170,0.10007457892686328
5kmN3000E4175,0.09349882516851399
5kmN3000E4180,0.09543740859168992
5kmN3000E4185,0.10253593575902414
5kmN3000E4190,0.09980315157807512
5kmN3000E4195,0.08244339088109198
5kmN3000E4200,0.1931450622756313
5kmN3000E4205,0.2895722469846042
5kmN3000E4210,0.2441111742682313
5kmN3000E4215,0.20954296308382625
5kmN3000E4220,0.20468822839721895
5kmN3000E4225,0.23497718227823744
5kmN3000E4230,0.0960392406941662
5kmN3000E4235,0.03776093858938456
5kmN3000E4240,-0.005495000827741264
5kmN3000E4245,-0.021043164093666633
5kmN3000E4250,0.005885309575008352
5kmN3000E4255,0.03668368317545931
5kmN3000E4260,0.04789312996776171
5kmN3000E4265,0.05711053034833355
5kmN3000E4270,0.071938245896432
5kmN3000E4275,0.08797129456708827
5kmN3000E4280,0.0947658496690833
5kmN3000E4285,0.23720918553941012
5kmN3000E4290,0.2733296219165365
5kmN3000E4295,0.2686381376097999
5kmN3000E4300,0.23685931991075448
5kmN3000E4305,0.1911380141544854
5kmN3000E4310,0.17642020440269968
5kmN3000E4315,0.18199205970028753
5kmN3000E4320,0.16281606576665975
5kmN3000E4325,0.15876849408600824
5kmN3000E4330,0.0813543445804511
5kmN3000E4335,0.054736177129796115
5kmN3000E4340,0.05709911634359205
5kmN3000E4345,0.039493710053485676
5kmN3000E4350,-0.04640493128814638
5kmN3000E4355,-0.04176297863967693
5kmN3000E4360,-0.05153163000745781
5kmN3000E4365,-0.03862735671948486
5kmN3000E4370,-0.02620684617982383
5kmN3000E4375,-0.01944869568053459
5kmN3000E4380,0.03182365860800401
5kmN3000E4385,0.17705144988470334
5kmN3000E4390,0.24261864301263525
5kmN3000E4395,0.21838142561570945
5kmN3000E4400,0.22050037190262234
5kmN3000E4405,0.23268452214127633
5kmN3000E4410,0.25448750035738854
5kmN3000E4415,0.21940807153828068
5kmN3000E4420,0.18463308189787608
5kmN3000E4425,0.19824178975468087
5kmN3000E4430,0.20332916812955854
5kmN3000E4435,0.25202252811520043
5kmN3000E4440,0.3029968924513291
5kmN3000E4445,0.3457237179480125
5kmN3000E4450,0.4523220287117639
5kmN3000E4455,0.39965277679007044
5kmN3000E4460,0.4054114802424376
5kmN3000E4465,0.4165151922895738
5kmN3000E4470,0.4132630421313014
5kmN3000E4475,0.41353652301890453
5kmN3000E4480,0.41556110706727395
5kmN3005E4045,0.1875133555247854
5kmN3005E4050,0.19130999751100197
5kmN3005E4055,0.1873841473348041
5kmN3005E4060,0.18448780585953495
5kmN3005E4065,0.18429593821088014
5kmN3005E4070,0.184952419473557
5kmN3005E4075,0.1820337063041822
5kmN3005E4080,0.18109054160712917
5kmN3005E4085,0.17003509472334072
5kmN3005E4090,0.14608716219633644
5kmN3005E4095,0.13802516182020452
5kmN3005E4100,0.13469180894056731
5kmN3005E4105,0.17418423013840112
5kmN3005E4110,0.16491495246231308
5kmN3005E4115,0.13618508181201083
5kmN3005E4120,0.1274497696775453
5kmN3005E4125,0.13574721059153683
5kmN3005E4130,0.1273905169757722
5kmN3005E4135,0.12663472119117336
5kmN3005E4140,0.1399825231570173
5kmN3005E4145,0.14302429002936623
5kmN3005E4150,0.0851821048032706
5kmN3005E4155,0.03658986963480215
5kmN3005E4160,0.09605957237347701
5kmN3005E4165,0.13505965987791624
5kmN3005E4170,0.09542083313893168
5kmN3005E4175,0.0888380271075434
5kmN3005E4180,0.0852353343120488
5kmN3005E4185,0.08752155006914733
5kmN3005E4190,0.10109340359542318
5kmN3005E4195,0.10253014728655707
5kmN3005E4200,0.1768628668657012
5kmN3005E4205,0.3277937292246155
5kmN3005E4210,0.3325007011480128
5kmN3005E4215,0.29348342556139373
5kmN3005E4220,0.24110247591795325
5kmN3005E4225,0.19542057352511416
5kmN3005E4230,0.10553927374505417
5kmN3005E4235,0.016190161330075614
5kmN3005E4240,0.018706588552685643
5kmN3005E4245,0.002238989419292514
5kmN3005E4250,0.019711585367788775
5kmN3005E4255,0.04025038798696834
5kmN3005E4260,0.045264797170886745
5kmN3005E4265,0.05520645736784824
5kmN3005E4270,0.07814881141344054
5kmN3005E4275,0.10490370788307285
5kmN3005E4280,0.09719303582817979
5kmN3005E4285,0.2421275908310847
5kmN3005E4290,0.27835419160603236
5kmN3005E4295,0.2589859194561405
5kmN3005E4300,0.2055837404743211
5kmN3005E4305,0.20104848635821637
5kmN3005E4310,0.18720011472909115
5kmN3005E4315,0.1867762452681725
5kmN3005E4320,0.1841783547983714
5kmN3005E4325,0.1737945509411425
5kmN3005E4330,0.173953375692407
5kmN3005E4335,0.1683218099040394
5kmN3005E4340,0.15779544968678494
5kmN3005E4345,0.052557126439229884
5kmN3005E4350,-0.002448860585576307
5kmN3005E4355,-0.04594234907822409
5kmN3005E4360,-0.03468435774247269
5kmN3005E4365,-0.04369172909727592
5kmN3005E4370,-0.02716890524504162
5kmN3005E4375,0.0617336547075269
5kmN3005E4380,0.11195205830495164
5kmN3005E4385,0.1240724459830454
5kmN3005E4390,0.20415851612187574
5kmN3005E4395,0.2382843450698363
5kmN3005E4400,0.24541930274004997
5kmN3005E4405,0.25181858323650375
5kmN3005E4410,0.1837546840201375
5kmN3005E4415,0.19296692284478167
5kmN3005E4420,0.1986142770163879
5kmN3005E4425,0.2039009355559449
5kmN3005E4430,0.21401678133799767
5kmN3005E4435,0.24499215279276054
5kmN3005E4440,0.44322877010840567
5kmN3005E4445,0.48511589420998874
5kmN3005E4450,0.4841805708621355
5kmN3005E4455,0.4547877406528821
5kmN3005E4460,0.42992946219261774
5kmN3005E4465,0.4176275650154537
5kmN3005E4470,0.4194694421474932
5kmN3005E4475,0.4237402121767645
5kmN3005E4485,0.35526289119451904
5kmN3010E4045,0.18994511548802567
5kmN3010E4050,0.1950152896977377
5kmN3010E4055,0.192736134313017
5kmN3010E4060,0.18440937627448556
5kmN3010E4065,0.17621528380451731
5kmN3010E4070,0.18274332232908147
5kmN3010E4075,0.19324214044606702
5kmN3010E4080,0.17746702241648182
5kmN3010E4085,0.17367411961920698
5kmN3010E4090,0.1527989100657684
5kmN3010E4095,0.1433504596936987
5kmN3010E4100,0.14696107731957758
5kmN3010E4105,0.17823807815474912
5kmN3010E4110,0.16645067455306045
5kmN3010E4115,0.1554798297215833
5kmN3010E4120,0.13217813760290592
5kmN3010E4125,0.10122766587275112
5kmN3010E4130,0.008987495815774627
5kmN3010E4135,0.008390684708313001
5kmN3010E4140,0.12317602877644279
5kmN3010E4145,0.0968316581611956
5kmN3010E4150,0.05264884372213885
5kmN3010E4155,0.0968058414802212
5kmN3010E4160,0.13333360786008958
5kmN3010E4165,0.12461621707516984
5kmN3010E4170,0.10727876059350511
5kmN3010E4175,0.09161551720168015
5kmN3010E4180,0.0764150577576343
5kmN3010E4185,0.07821207617276188
5kmN3010E4190,0.07733326869823787
5kmN3010E4195,0.07888193052955034
5kmN3010E4200,0.14465618312301812
5kmN3010E4205,0.3733867906463716
5kmN3010E4210,0.4299982208999414
5kmN3010E4215,0.36152088145858546
5kmN3010E4220,0.3249214550947963
5kmN3010E4225,0.21399301409471894
5kmN3010E4230,0.021055321934061788
5kmN3010E4235,0.01573026077703127
5kmN3010E4240,0.022109318647140275
5kmN3010E4245,0.012132962738699182
5kmN3010E4250,0.007403221687819039
5kmN3010E4255,0.02480045004414788
5kmN3010E4260,0.0358541074751082
5kmN3010E4265,0.05822853330907932
5kmN3010E4270,0.058060805595326226
5kmN3010E4275,0.06524795920974794
5kmN3010E4280,0.09507891025639911
5kmN3010E4290,0.18882974515965834
5kmN3010E4295,0.21943526646578282
5kmN3010E4300,0.20652847404967123
5kmN3010E4305,0.2180972165465142
5kmN3010E4310,0.20934475755771703
5kmN3010E4315,0.19249903291919257
5kmN3010E4320,0.18472106807519106
5kmN3010E4325,0.19148293426339857
5kmN3010E4330,0.17802877379406679
5kmN3010E4335,0.17682757479518152
5kmN3010E4340,0.166249341566705
5kmN3010E4345,0.10036509003221344
5kmN3010E4350,0.1208191931926697
5kmN3010E4355,0.04548498014644131
5kmN3010E4360,0.07909649531595137
5kmN3010E4365,0.018549239889841918
5kmN3010E4370,0.05502049806522313
5kmN3010E4375,0.11940270217901683
5kmN3010E4380,0.1318805803160235
5kmN3010E4385,0.13071853457606847
5kmN3010E4390,0.19497244044871354
5kmN3010E4395,0.16225071480489206
5kmN3010E4400,0.14124453345122862
5kmN3010E4405,0.1754047113227003
5kmN3010E4410,0.1585259966743408
5kmN3010E4415,0.1556487385345115
5kmN3010E4420,0.188194239948554
5kmN3010E4425,0.22943694072212223
5kmN3010E4430,0.23709058729349441
5kmN3010E4435,0.29740645038788144
5kmN3010E4440,0.4720505868593415
5kmN3010E4445,0.48397335797779156
5kmN3010E4450,0.49127230983572256
5kmN3010E4455,0.4862185275597135
5kmN3010E4460,0.4911039360523307
5kmN3010E4465,0.4672793456265093
5kmN3010E4470,0.4437386515302321
5kmN3010E4475,0.4238655880299386
5kmN3010E4480,0.38106509544819767
5kmN3010E4485,0.36478062732290684
5kmN3015E4045,0.1925658549572079
5kmN3015E4050,0.19080761980049993
5kmN3015E4055,0.19515914418349414
5kmN3015E4060,0.18695119010185035
5kmN3015E4065,0.17940580486905283
5kmN3015E4070,0.17325454163949966
5kmN3015E4075,0.1740157412111062
5kmN3015E4080,0.1620186403706531
5kmN3015E4085,0.16530949161595831
5kmN3015E4090,0.1640365631628119
5kmN3015E4095,0.1458605177224488
5kmN3015E4100,0.14114562392967211
5kmN3015E4105,0.15358094893111152
5kmN3015E4110,0.1705870589948718
5kmN3015E4115,0.15435097884734533
5kmN3015E4120,0.13749795793167874
5kmN3015E4125,0.01660227909182077
5kmN3015E4130,-0.10864010354523235
5kmN3015E4135,-0.12677697939164007
5kmN3015E4140,-0.021867163837620274
5kmN3015E4145,0.02135647501850485
5kmN3015E4150,-0.018149849460553535
5kmN3015E4155,0.12175372394649386
5kmN3015E4160,0.13198075759765132
5kmN3015E4165,0.12205789208769935
5kmN3015E4170,0.11865125768300722
5kmN3015E4175,0.12143840280724827
5kmN3015E4180,0.07717512368775131
5kmN3015E4185,0.0700302022988124
5kmN3015E4190,0.05193154453745913
5kmN3015E4195,0.06974030411606488
5kmN3015E4200,0.09040636304154742
5kmN3015E4205,0.3126804672782007
5kmN3015E4210,0.4206869644841092
5kmN3015E4215,0.3926001059309984
5kmN3015E4220,0.3477265734502508
5kmN3015E4225,0.0783899888200153
5kmN3015E4230,0.0022536861181726153
5kmN3015E4235,-0.005750871799512336
5kmN3015E4240,0.012495252367849596
5kmN3015E4245,0.014944031639478078
5kmN3015E4250,0.012933789160883447
5kmN3015E4255,0.025173100553355254
5kmN3015E4260,0.05460243021128397
5kmN3015E4265,0.053093559703406235
5kmN3015E4270,0.054019535157799003
5kmN3015E4275,0.061935365458516634
5kmN3015E4280,0.08362096598360372
5kmN3015E4285,0.08105768384251044
5kmN3015E4290,0.07937488518539959
5kmN3015E4295,0.15235032211097327
5kmN3015E4300,0.2155458621694749
5kmN3015E4305,0.21584989703595991
5kmN3015E4310,0.2264353283128373
5kmN3015E4315,0.2139514187770678
5kmN3015E4320,0.20717557709430134
5kmN3015E4325,0.20235648934457684
5kmN3015E4330,0.16965555184724912
5kmN3015E4335,0.15424099015556825
5kmN3015E4340,0.18900955670191788
5kmN3015E4345,0.13672077623995638
5kmN3015E4350,0.11979990019750092
5kmN3015E4355,0.1306150578089666
5kmN3015E4360,0.11220930256925421
5kmN3015E4365,0.07818080312937858
5kmN3015E4370,0.10106959772818941
5kmN3015E4375,0.11542500275050105
5kmN3015E4380,0.12556639578546608
5kmN3015E4385,0.36061407665499073
5kmN3015E4390,0.3058648596147297
5kmN3015E4395,0.1554974513728935
5kmN3015E4400,0.15021850081147348
5kmN3015E4405,0.17375974796630272
5kmN3015E4410,0.17550928228489932
5kmN3015E4415,0.1750600956610971
5kmN3015E4420,0.1834670630980093
5kmN3015E4425,0.1929401716897471
5kmN3015E4430,0.3301014711844845
5kmN3015E4435,0.451823718139767
5kmN3015E4440,0.4868666510026982
5kmN3015E4445,0.4964025757302789
5kmN3015E4450,0.49267032916412046
5kmN3015E4455,0.477786340320221
5kmN3015E4460,0.5010730240767909
5kmN3015E4465,0.5007006302636643
5kmN3015E4470,0.5277710963856166
5kmN3015E4480,0.3694424548698192
5kmN3015E4485,0.3723640684039504
5kmN3020E4045,0.19258502906901578
5kmN3020E4050,0.1993277311997671
5kmN3020E4055,0.19722774535831347
5kmN3020E4060,0.2096448100308737
5kmN3020E4065,0.20480746609441708
5kmN3020E4070,0.1800179505272856
5kmN3020E4075,0.1665268408772716
5kmN3020E4080,0.16130479034826806
5kmN3020E4085,0.15058097465204173
5kmN3020E4090,0.1473724095003267
5kmN3020E4095,0.1489456831918854
5kmN3020E4100,0.13950447927292509
5kmN3020E4105,0.1102776102551285
5kmN3020E4110,0.051820080417748826
5kmN3020E4115,0.015771551759834967
5kmN3020E4120,-0.06699790364903485
5kmN3020E4125,-0.11054702791281168
5kmN3020E4130,-0.11920138769837535
5kmN3020E4135,-0.12971179544485528
5kmN3020E4140,-0.12020729648912304
5kmN3020E4145,-0.08321813185718469
5kmN3020E4150,0.0001930162980365857
5kmN3020E4155,0.11773170524860066
5kmN3020E4160,0.1262286591099226
5kmN3020E4165,0.11071012797896729
5kmN3020E4170,0.10744484679261262
5kmN3020E4175,0.11158590792424894
5kmN3020E4180,0.09516789895216915
5kmN3020E4185,0.05703049600357274
5kmN3020E4190,0.027037766185153522
5kmN3020E4195,0.0372858675313521
5kmN3020E4200,0.14088503078336095
5kmN3020E4205,0.37344559307170144
5kmN3020E4210,0.365898965778343
5kmN3020E4215,0.3672519052569116
5kmN3020E4220,0.24800512115989498
5kmN3020E4225,-0.0016572920449755002
5kmN3020E4230,-0.009999024356568575
5kmN3020E4235,0.002391913538824564
5kmN3020E4240,0.007191372558390086
5kmN3020E4245,0.015690815234469302
5kmN3020E4250,0.015961220835568668
5kmN3020E4255,0.030165037615674906
5kmN3020E4260,0.05821814250068516
5kmN3020E4265,0.05946748239327421
5kmN3020E4270,0.05461304203941003
5kmN3020E4275,0.06446217256011538
5kmN3020E4280,0.0670183470823621
5kmN3020E4285,0.07567458661723944
5kmN3020E4290,0.07912533271321415
5kmN3020E4295,0.08386605864397714
5kmN3020E4300,0.1573809007891573
5kmN3020E4305,0.22256592194785763
5kmN3020E4310,0.2400900578284192
5kmN3020E4315,0.23093543113584059
5kmN3020E4320,0.19997694769220903
5kmN3020E4325,0.1838681298526998
5kmN3020E4330,0.1514622787724199
5kmN3020E4335,0.13495629849286767
5kmN3020E4340,0.1405102429867044
5kmN3020E4345,0.14381485817821033
5kmN3020E4350,0.141492751342931
5kmN3020E4355,0.13425415999419954
5kmN3020E4360,0.12140883993538493
5kmN3020E4365,0.08465785017484817
5kmN3020E4370,0.0972046627905368
5kmN3020E4375,0.13945120182203607
5kmN3020E4380,0.1354286975459234
5kmN3020E4385,0.16670726602446984
5kmN3020E4390,0.14677494819853065
5kmN3020E4395,0.1503736136625426
5kmN3020E4400,0.17746673420264714
5kmN3020E4405,0.20950816871459033
5kmN3020E4410,0.17963014045524212
5kmN3020E4415,0.19010526628872054
5kmN3020E4420,0.20259877760870848
5kmN3020E4425,0.19837333125911982
5kmN3020E4430,0.3908624246017768
5kmN3020E4435,0.4880115592266654
5kmN3020E4440,0.479003934302416
5kmN3020E4445,0.4840158272283847
5kmN3020E4450,0.40016932478084255
5kmN3020E4455,0.3617506652824072
5kmN3020E4460,0.4831788203084898
5kmN3020E4465,0.5037139614455995
5kmN3020E4470,0.5275330758847541
5kmN3020E4475,0.37746528178273087
5kmN3020E4480,0.3677144541677716
5kmN3020E4485,0.3629534768460705
5kmN3020E4490,0.3915413619902896
5kmN3025E4055,0.20544473456771295
5kmN3025E4060,0.20816366263201783
5kmN3025E4065,0.20888629086815597
5kmN3025E4070,0.19375650328927652
5kmN3025E4075,0.17084120166442163
5kmN3025E4080,0.15785477956678762
5kmN3025E4085,0.14778183102377185
5kmN3025E4090,0.13417492917810686
5kmN3025E4095,0.12752426568563408
5kmN3025E4100,0.11820623606888053
5kmN3025E4105,0.04461580631322859
5kmN3025E4110,-0.060265591635401905
5kmN3025E4115,-0.06953680009045532
5kmN3025E4120,-0.09288180093620191
5kmN3025E4125,-0.11697936674035397
5kmN3025E4130,-0.10910125523418251
5kmN3025E4135,-0.11871630398502292
5kmN3025E4140,-0.12254346851964665
5kmN3025E4145,-0.06899173448660473
5kmN3025E4150,-0.007362755041321445
5kmN3025E4155,0.11088950287319704
5kmN3025E4160,0.13520517375987562
5kmN3025E4165,0.11197465635481196
5kmN3025E4170,0.10861791706968116
5kmN3025E4175,0.08613853723065162
5kmN3025E4180,0.05815589359695306
5kmN3025E4185,0.022604540321078392
5kmN3025E4190,0.02086906307244829
5kmN3025E4195,0.028994542467387863
5kmN3025E4200,0.20736718946560065
5kmN3025E4205,0.34570646919934517
5kmN3025E4210,0.35476127682551467
5kmN3025E4215,0.33718755909000947
5kmN3025E4220,0.18294972370930895
5kmN3025E4225,-0.021033647147125023
5kmN3025E4230,-0.008494939668197976
5kmN3025E4235,0.00711262437652066
5kmN3025E4240,0.0037829012664672423
5kmN3025E4245,0.018250485873478717
5kmN3025E4250,0.02281243609081468
5kmN3025E4255,0.045385068871088396
5kmN3025E4260,0.06127253015591369
5kmN3025E4265,0.06804907342405919
5kmN3025E4270,0.06558653555132632
5kmN3025E4275,0.0653544793687702
5kmN3025E4280,0.07053792435680395
5kmN3025E4285,0.07693579487314003
5kmN3025E4290,0.083711815895709
5kmN3025E4295,0.09731674663317097
5kmN3025E4300,0.15304669941651183
5kmN3025E4305,0.2176523881343756
5kmN3025E4310,0.23774581741540463
5kmN3025E4315,0.2241508169520285
5kmN3025E4320,0.2031648467037361
5kmN3025E4325,0.18231091912016767
5kmN3025E4330,0.15821875874577046
5kmN3025E4335,0.1511410802125039
5kmN3025E4340,0.13843846452950387
5kmN3025E4345,0.1396771362592934
5kmN3025E4350,0.14094267258135473
5kmN3025E4355,0.11876571469451103
5kmN3025E4360,0.09366882699862505
5kmN3025E4365,0.09776232147608288
5kmN3025E4370,0.11136187650607099
5kmN3025E4375,0.13059307992471603
5kmN3025E4380,0.14174737427710388
5kmN3025E4385,0.15206228840192199
5kmN3025E4390,0.18244094315559445
5kmN3025E4395,0.17892032865712987
5kmN3025E4400,0.1876690056903178
5kmN3025E4405,0.21462448937203804
5kmN3025E4410,0.19326497812176452
5kmN3025E4415,0.1970852369139619
5kmN3025E4420,0.20648442067717804
5kmN3025E4425,0.2017509678505232
5kmN3025E4430,0.41919809553529175
5kmN3025E4435,0.48153886298105797
5kmN3025E4440,0.4801353906279433
5kmN3025E4445,0.4930561080649227
5kmN3025E4450,0.4641609381153024
5kmN3025E4455,0.4100314955958359
5kmN3025E4460,0.43723916488150083
5kmN3025E4465,0.3929798208590102
5kmN3025E4470,0.371490097517285
5kmN3025E4475,0.3626638958781794
5kmN3025E4480,0.3538710562552365
5kmN3025E4485,0.35914212275159896
5kmN3025E4490,0.39204375559035076
5kmN3025E4495,0.387179864553331
5kmN3030E4060,-0.02944081317880315
5kmN3030E4065,0.13825346963212398
5kmN3030E4070,0.08902851576072707
5kmN3030E4075,0.15815346514527728
5kmN3030E4080,0.05849452777175107
5kmN3030E4085,-0.029911698406858478
5kmN3030E4090,0.05406854616015416
5kmN3030E4095,0.10687898675388552
5kmN3030E4100,0.11269449269495946
5kmN3030E4105,0.051422992969969605
5kmN3030E4110,-0.041734392474085946
5kmN3030E4115,-0.043167101777086714
5kmN3030E4120,-0.07450379199865731
5kmN3030E4125,-0.1096905019482502
5kmN3030E4130,-0.1318390591265911
5kmN3030E4135,-0.15097094859423144
5kmN3030E4140,-0.15072374737933736
5kmN3030E4145,-0.12529069020998007
5kmN3030E4150,-0.1417374551798231
5kmN3030E4155,0.043370767523777665
5kmN3030E4160,0.10866415842574584
5kmN3030E4165,0.051437188899423
5kmN3030E4170,0.09443141190497822
5kmN3030E4175,0.06115136277211164
5kmN3030E4180,0.03177109113313298
5kmN3030E4185,-0.0006420417220794339
5kmN3030E4190,0.014149096753915513
5kmN3030E4195,0.03348869415137912
5kmN3030E4200,0.054791265616910834
5kmN3030E4205,0.22226632689134546
5kmN3030E4210,0.28038858474807926
5kmN3030E4215,0.10427285449898654
5kmN3030E4220,0.0012832364887595538
5kmN3030E4225,-0.019223835595221117
5kmN3030E4230,-0.025148768375521102
5kmN3030E4235,-0.014973427169954867
5kmN3030E4240,0.004158766094659816
5kmN3030E4245,0.010984648215383253
5kmN3030E4250,0.019838431279257662
5kmN3030E4255,0.038698192034343076
5kmN3030E4260,0.056694591278427214
5kmN3030E4265,0.07507630149860572
5kmN3030E4270,0.07293348630639562
5kmN3030E4275,0.08191523750606672
5kmN3030E4280,0.07948092694815234
5kmN3030E4285,0.060487465706434124
5kmN3030E4290,0.043100351390048475
5kmN3030E4295,0.05858747670078543
5kmN3030E4300,0.10472155634010516
5kmN3030E4305,0.18535561364111097
5kmN3030E4310,0.16290066777812723
5kmN3030E4315,0.21481916646506072
5kmN3030E4320,0.18803574208234725
5kmN3030E4325,0.17567091891413722
5kmN3030E4330,0.15949817128753974
5kmN3030E4335,0.15652335558785485
5kmN3030E4340,0.1415454115958174
5kmN3030E4345,0.13210218203224666
5kmN3030E4350,0.0626744875017583
5kmN3030E4355,0.09133934429451085
5kmN3030E4360,0.09897014737956711
5kmN3030E4365,0.10120098049755333
5kmN3030E4370,0.10217145963422108
5kmN3030E4375,0.1224577567780919
5kmN3030E4380,0.1451342279795999
5kmN3030E4385,0.1568717866778495
5kmN3030E4390,0.21733827478407508
5kmN3030E4395,0.22483114590620923
5kmN3030E4400,0.23990306015212237
5kmN3030E4405,0.24409209189626424
5kmN3030E4410,0.2010825574521356
5kmN3030E4415,0.19790265343429964
5kmN3030E4420,0.21059147443074744
5kmN3030E4425,0.26268340422940584
5kmN3030E4430,0.317265867486197
5kmN3030E4435,0.3990025824226884
5kmN3030E4440,0.43053822945225584
5kmN3030E4445,0.47437993730507194
5kmN3030E4450,0.4399356957415992
5kmN3030E4455,0.4799730384956258
5kmN3030E4460,0.37218384659020687
5kmN3030E4465,0.3319716081013758
5kmN3030E4470,0.3410273746755429
5kmN3030E4475,0.3524851210718325
5kmN3030E4480,0.346874457107062
5kmN3030E4485,0.3744154883300126
5kmN3030E4490,0.36502131410568506
5kmN3030E4495,0.37522939536153577
5kmN3035E4060,-0.03503944671586218
5kmN3035E4065,-0.030284042587584048
5kmN3035E4070,-0.06843357639648412
5kmN3035E4075,-0.06119266478550439
5kmN3035E4080,-0.10303874322996909
5kmN3035E4085,-0.11675806536513356
5kmN3035E4090,0.029463474978420168
5kmN3035E4095,0.11082920482311692
5kmN3035E4100,0.10002289275987747
5kmN3035E4105,0.11204890971601172
5kmN3035E4110,0.10536497949808193
5kmN3035E4115,0.07590513897585494
5kmN3035E4120,0.02208523406737828
5kmN3035E4125,-0.044946913576835446
5kmN3035E4130,-0.155982313825707
5kmN3035E4135,-0.21388297150091462
5kmN3035E4140,-0.16602815622016381
5kmN3035E4145,-0.21115234390831722
5kmN3035E4150,-0.16847426178441632
5kmN3035E4155,0.04542635575802345
5kmN3035E4160,0.03780526958190522
5kmN3035E4165,0.022452597945202213
5kmN3035E4170,0.01807846284016973
5kmN3035E4175,0.007788074541958734
5kmN3035E4180,0.008520141876944332
5kmN3035E4185,0.012868382753890462
5kmN3035E4190,0.025204194005059466
5kmN3035E4195,0.030675793235660054
5kmN3035E4200,0.03286114853946975
5kmN3035E4205,0.0397470903122657
5kmN3035E4210,0.08644037242730573
5kmN3035E4215,-0.002888854149458664
5kmN3035E4220,-0.029702825611791106
5kmN3035E4225,-0.02165441099555876
5kmN3035E4230,-0.026078553572445096
5kmN3035E4235,-0.07662055515402769
5kmN3035E4240,-0.07952362655566586
5kmN3035E4245,-0.04963797270297016
5kmN3035E4250,0.026312129677659057
5kmN3035E4255,0.06355596817983489
5kmN3035E4260,0.07160383146876609
5kmN3035E4265,0.08968828399682721
5kmN3035E4270,0.09086811774192508
5kmN3035E4275,0.09601302948480744
5kmN3035E4280,0.08853521263153125
5kmN3035E4285,0.05938172988084425
5kmN3035E4290,0.038237619775486065
5kmN3035E4295,0.03268186641279758
5kmN3035E4300,0.044150393702678314
5kmN3035E4305,0.056190140559932766
5kmN3035E4310,0.09417304970118678
5kmN3035E4315,0.11967460917959585
5kmN3035E4320,0.2068745926124367
5kmN3035E4325,0.18675034133882917
5kmN3035E4330,0.16426730021100117
5kmN3035E4335,0.1539344462304057
5kmN3035E4340,0.148533016819896
5kmN3035E4345,0.06347026301591963
5kmN3035E4350,0.017084233861422327
5kmN3035E4355,0.04556011514756375
5kmN3035E4360,0.08162383066022327
5kmN3035E4365,0.11095432302557962
5kmN3035E4370,0.12803767177517
5kmN3035E4375,0.12759355076057943
5kmN3035E4380,0.13193285034763946
5kmN3035E4385,0.13836355019635727
5kmN3035E4390,0.20153543283353215
5kmN3035E4395,0.2497698660198236
5kmN3035E4400,0.24181970259155128
5kmN3035E4405,0.24950386079987175
5kmN3035E4410,0.2144089953990968
5kmN3035E4415,0.20427005858886593
5kmN3035E4420,0.25563615454798877
5kmN3035E4425,0.32819301298817843
5kmN3035E4430,0.35010699501962483
5kmN3035E4435,0.3221711995599109
5kmN3035E4440,0.32492698587118873
5kmN3035E4445,0.3425732653849971
5kmN3035E4450,0.33978524723915504
5kmN3035E4455,0.3677994148386089
5kmN3035E4460,0.3344034983385321
5kmN3035E4465,0.32473594534792427
5kmN3035E4470,0.3220846943789526
5kmN3035E4475,0.34018560768146044
5kmN3035E4480,0.3549345307099747
5kmN3035E4485,0.36853219717476227
5kmN3035E4490,0.3788311363224845
5kmN3035E4495,0.37653775683127977
5kmN3035E4500,0.38500414574264297
5kmN3035E4505,0.36757137729918404
5kmN3035E4510,0.3662223626480123
5kmN3035E4515,0.3644187417236108
5kmN3035E4520,0.3600527869467067
5kmN3035E4525,0.3651772622529941
5kmN3035E4530,0.3712949235363042
5kmN3040E4060,-0.05529642913653787
5kmN3040E4065,-0.060981072858069585
5kmN3040E4070,-0.07202150379647004
5kmN3040E4075,-0.07533796078736305
5kmN3040E4080,-0.08727484190710416
5kmN3040E4085,-0.10394143684375651
5kmN3040E4090,0.08621844844724208
5kmN3040E4095,0.05652818847391344
5kmN3040E4100,0.09003779235892989
5kmN3040E4105,0.09384799087315698
5kmN3040E4110,0.11243640885307382
5kmN3040E4115,0.10254842330123298
5kmN3040E4120,0.06128863694405301
5kmN3040E4125,0.00989321581530761
5kmN3040E4130,-0.09531770176386328
5kmN3040E4135,-0.04971089056831174
5kmN3040E4140,-0.05779329919005671
5kmN3040E4145,-0.03498116316011507
5kmN3040E4150,0.024264413183062827
5kmN3040E4155,0.05784750591404114
5kmN3040E4160,0.017125135344674303
5kmN3040E4165,0.021618787208494195
5kmN3040E4170,0.028500755552887613
5kmN3040E4175,0.03068198457308452
5kmN3040E4180,0.03786287929525167
5kmN3040E4185,0.03719721009327648
5kmN3040E4190,0.03321099233285019
5kmN3040E4195,0.031081481207078543
5kmN3040E4200,0.02569861022855252
5kmN3040E4205,0.06530573240783927
5kmN3040E4210,0.07112526301991517
5kmN3040E4215,0.029919576814712412
5kmN3040E4220,-0.10391228122198048
5kmN3040E4225,-0.0939476764429896
5kmN3040E4230,-0.10569449764888775
5kmN3040E4235,-0.11169726447790446
5kmN3040E4240,-0.11083323220952401
5kmN3040E4245,-0.07317397419641453
5kmN3040E4250,0.0035504211793594975
5kmN3040E4255,0.06037790075439081
5kmN3040E4260,0.0875338977718812
5kmN3040E4265,0.10594406344201918
5kmN3040E4270,0.0859996048508766
5kmN3040E4275,0.08883449358804485
5kmN3040E4280,0.0566380899361239
5kmN3040E4285,0.04924397302382599
5kmN3040E4290,0.026955184649220865
5kmN3040E4295,0.025684179330763057
5kmN3040E4300,0.019346089901189634
5kmN3040E4305,0.04633880581459893
5kmN3040E4310,0.08735126360123446
5kmN3040E4315,0.1181313769814501
5kmN3040E4320,0.15699944165718657
5kmN3040E4325,0.20182860704149216
5kmN3040E4330,0.16812610195134625
5kmN3040E4335,0.15355268771515607
5kmN3040E4340,0.10363975354405658
5kmN3040E4345,0.02772789519882035
5kmN3040E4350,0.023287018762481848
5kmN3040E4355,0.014247617101147414
5kmN3040E4360,0.08209107076194033
5kmN3040E4365,0.11692586535894295
5kmN3040E4370,0.12086959429713129
5kmN3040E4375,0.1263577844583078
5kmN3040E4380,0.13556012379882443
5kmN3040E4385,0.1633210591017446
5kmN3040E4390,0.20095276335852424
5kmN3040E4395,0.2562752593376031
5kmN3040E4400,0.24970618182733334
5kmN3040E4405,0.24711294972209868
5kmN3040E4410,0.24953200668964326
5kmN3040E4415,0.18510362324990426
5kmN3040E4420,0.2551481212132739
5kmN3040E4425,0.32194030806374874
5kmN3040E4430,0.3372350561621228
5kmN3040E4435,0.3108102320708891
5kmN3040E4440,0.3174368675908087
5kmN3040E4445,0.3432412496921945
5kmN3040E4450,0.348831357596881
5kmN3040E4455,0.3461210251449207
5kmN3040E4460,0.32920756201771983
5kmN3040E4465,0.32227672302005295
5kmN3040E4470,0.31562643309803773
5kmN3040E4475,0.33727377427006267
5kmN3040E4480,0.35410643322143154
5kmN3040E4485,0.36703528633874516
5kmN3040E4490,0.3584996950764521
5kmN3040E4495,0.352544283822134
5kmN3040E4500,0.3420202938249265
5kmN3040E4505,0.35594739780706053
5kmN3040E4510,0.35703914894960986
5kmN3040E4515,0.3603604561967212
5kmN3040E4520,0.3422520161145176
5kmN3040E4525,0.3435568622721079
5kmN3040E4530,0.35513582187176784
5kmN3040E4535,0.3596360444151464
5kmN3045E4050,0.06938041425116692
5kmN3045E4065,-0.08193364151168842
5kmN3045E4070,-0.08687345010599073
5kmN3045E4075,-0.08502396880081303
5kmN3045E4080,-0.09914044756076151
5kmN3045E4085,-0.10940811469195633
5kmN3045E4090,-0.05021256518005146
5kmN3045E4095,-0.11796979267519186
5kmN3045E4100,0.05448894398418663
5kmN3045E4105,0.08427323253400348
5kmN3045E4110,0.08936544773834765
5kmN3045E4115,0.0778921203051311
5kmN3045E4120,0.04521593635518756
5kmN3045E4125,-0.0019464246633626447
5kmN3045E4130,-0.023135769199563172
5kmN3045E4135,0.035435566646474626
5kmN3045E4140,0.020752466351911525
5kmN3045E4145,0.025391821581839447
5kmN3045E4150,0.018657858876166056
5kmN3045E4155,0.04979788366804139
5kmN3045E4160,0.06094194414976717
5kmN3045E4165,0.06741005951132173
5kmN3045E4170,0.06509918853030494
5kmN3045E4175,0.05795941424860651
5kmN3045E4180,0.063882987812788
5kmN3045E4185,0.06253970346662585
5kmN3045E4190,0.05353338809427022
5kmN3045E4195,0.038288096893100254
5kmN3045E4200,0.06552896719285245
5kmN3045E4205,0.059530523106289035
5kmN3045E4210,0.038733516230921805
5kmN3045E4215,0.031733152345679805
5kmN3045E4220,-0.06591395073758838
5kmN3045E4225,-0.14430420462352675
5kmN3045E4230,-0.12345372805761445
5kmN3045E4235,-0.10753950697647857
5kmN3045E4240,-0.09379826471339986
5kmN3045E4245,-0.0893483622444064
5kmN3045E4250,-0.05848784961929476
5kmN3045E4255,0.005751276822477891
5kmN3045E4260,0.09449683890223659
5kmN3045E4265,0.0947323480723059
5kmN3045E4270,0.0854990327609974
5kmN3045E4275,0.08133101210316984
5kmN3045E4280,0.05296462933807511
5kmN3045E4285,0.04052745091348803
5kmN3045E4290,0.008400805827107671
5kmN3045E4295,-0.00566972882812844
5kmN3045E4300,-0.007352790650435481
5kmN3045E4305,0.033718580088555716
5kmN3045E4310,0.09173360926365287
5kmN3045E4315,0.10161559160951
5kmN3045E4320,0.09935000921880846
5kmN3045E4325,0.15456850067332661
5kmN3045E4330,0.14206815593447691
5kmN3045E4335,0.07101228332165288
5kmN3045E4340,0.02928793111396577
5kmN3045E4345,0.0256553491954451
5kmN3045E4350,0.03254969849753031
5kmN3045E4355,0.03069513825496406
5kmN3045E4360,0.07998568350837743
5kmN3045E4365,0.12561984154463213
5kmN3045E4370,0.12198977601355038
5kmN3045E4375,0.12393512110416038
5kmN3045E4380,0.14288407649091317
5kmN3045E4385,0.15681124032098603
5kmN3045E4390,0.2549297042726532
5kmN3045E4395,0.30240647415071803
5kmN3045E4400,0.26886150002759757
5kmN3045E4405,0.29253978550805987
5kmN3045E4410,0.3062533312633362
5kmN3045E4415,0.26477687261298455
5kmN3045E4420,0.2824947229246504
5kmN3045E4425,0.31688765174984646
5kmN3045E4430,0.32793439853026973
5kmN3045E4435,0.32291548262159475
5kmN3045E4440,0.3041785723576116
5kmN3045E4445,0.33646588718269943
5kmN3045E4450,0.3449045393432131
5kmN3045E4455,0.3419232115285037
5kmN3045E4460,0.33970683962442627
5kmN3045E4465,0.3353522410614407
5kmN3045E4470,0.3263933464449992
5kmN3045E4475,0.3244784038306112
5kmN3045E4480,0.33890510939733354
5kmN3045E4485,0.3521000844299439
5kmN3045E4490,0.3540144806871812
5kmN3045E4495,0.35966641255612397
5kmN3045E4500,0.32218133644243474
5kmN3045E4505,0.3441536177849505
5kmN3045E4510,0.33773662513063385
5kmN3045E4515,0.3471113757404351
5kmN3045E4520,0.33318007752370016
5kmN3045E4525,0.3285361000599094
5kmN3045E4530,0.3328577305727046
5kmN3045E4535,0.3381125286104254
5kmN3045E4540,0.32847817321102135
5kmN3050E4050,0.0702503495321117
5kmN3050E4055,0.06315875313202313
5kmN3050E4060,0.00381426786424377
5kmN3050E4065,-0.0801127304800539
5kmN3050E4070,-0.09418008856199173
5kmN3050E4075,-0.10218524286820696
5kmN3050E4080,-0.11747791174163075
5kmN3050E4085,-0.1228336347397248
5kmN3050E4090,-0.12220290716019166
5kmN3050E4095,-0.12040671821701282
5kmN3050E4100,-0.014331377168654569
5kmN3050E4105,0.08111734801422493
5kmN3050E4110,0.05990207166508621
5kmN3050E4115,0.037742879982816224
5kmN3050E4120,0.013737480409697633
5kmN3050E4125,-0.033012244620878706
5kmN3050E4130,0.018823814696395602
5kmN3050E4135,0.044360735699417286
5kmN3050E4140,0.04086205933249443
5kmN3050E4145,0.028937300608924743
5kmN3050E4150,0.0349258014794297
5kmN3050E4155,0.05042983772422083
5kmN3050E4160,0.07228821290321441
5kmN3050E4165,0.08904925355374133
5kmN3050E4170,0.08786019995122368
5kmN3050E4175,0.07742628506647131
5kmN3050E4180,0.07838638096272932
5kmN3050E4185,0.08363389019170814
5kmN3050E4190,0.1041713284907933
5kmN3050E4195,0.08818793919625162
5kmN3050E4200,0.08947232396639399
5kmN3050E4205,0.05596307574814596
5kmN3050E4210,0.011588415994188361
5kmN3050E4215,0.026551445527385364
5kmN3050E4220,-0.07469412808055781
5kmN3050E4225,-0.17113801702321513
5kmN3050E4230,-0.14415419930959544
5kmN3050E4235,-0.10527433372542283
5kmN3050E4240,-0.09071453012835001
5kmN3050E4245,-0.08351685148988491
5kmN3050E4250,-0.05314155024898065
5kmN3050E4255,0.04346326687412566
5kmN3050E4260,0.08154350055574489
5kmN3050E4265,0.09231714871778463
5kmN3050E4270,0.08216821850107675
5kmN3050E4275,0.0774604775943018
5kmN3050E4280,0.06506734682970083
5kmN3050E4285,0.01769418394439176
5kmN3050E4290,0.014360336792027029
5kmN3050E4295,-0.0016598265238917942
5kmN3050E4300,0.003014934634473443
5kmN3050E4305,0.027158362198084818
5kmN3050E4310,0.061524307190538086
5kmN3050E4315,0.08132843808386492
5kmN3050E4320,0.08182457742686444
5kmN3050E4325,0.05724905720598572
5kmN3050E4330,0.040338789353285054
5kmN3050E4335,0.040271924623713096
5kmN3050E4340,0.024302269170990543
5kmN3050E4345,0.02590965618216723
5kmN3050E4350,0.018803585455947402
5kmN3050E4355,0.02764113996415618
5kmN3050E4360,0.07649024756766343
5kmN3050E4365,0.05166470676064111
5kmN3050E4370,0.1087912433445255
5kmN3050E4375,0.12236682009401018
5kmN3050E4380,0.1169686010144193
5kmN3050E4385,0.1097526371173933
5kmN3050E4390,0.08966850043721974
5kmN3050E4395,0.23263666700561192
5kmN3050E4400,0.3038056433412515
5kmN3050E4405,0.30365562015941205
5kmN3050E4410,0.28301123457817867
5kmN3050E4415,0.2743846774344916
5kmN3050E4420,0.2786961223547981
5kmN3050E4425,0.2844854118256447
5kmN3050E4430,0.2921621998344418
5kmN3050E4435,0.31448251631579693
5kmN3050E4440,0.3199412265415552
5kmN3050E4445,0.3278897254913986
5kmN3050E4450,0.33320203008849336
5kmN3050E4455,0.33803520874963744
5kmN3050E4460,0.31384175968416617
5kmN3050E4465,0.15764690576046825
5kmN3050E4470,0.26938438003391274
5kmN3050E4475,0.3434373456915658
5kmN3050E4480,0.35182216789514287
5kmN3050E4485,0.34473340313197953
5kmN3050E4490,0.3481285812561383
5kmN3050E4495,0.3433707644209044
5kmN3050E4500,0.3305592381809006
5kmN3050E4505,0.32897839659894434
5kmN3050E4510,0.32577958539785024
5kmN3050E4515,0.3279328958899368
5kmN3050E4520,0.33247446689879645
5kmN3050E4525,0.3275556739112778
5kmN3050E4530,0.31152253136890606
5kmN3050E4535,0.33457388374269215
5kmN3050E4540,0.3491307343373129
5kmN3050E4545,0.3723766947263842
5kmN3055E4050,0.08779728071573034
5kmN3055E4055,0.056618542233663915
5kmN3055E4060,0.022320201584748317
5kmN3055E4065,-0.0965683946695258
5kmN3055E4070,-0.10632034490797437
5kmN3055E4075,-0.12202972853340643
5kmN3055E4080,-0.13453438738490958
5kmN3055E4085,-0.13585837052544353
5kmN3055E4090,-0.14870712905391448
5kmN3055E4095,-0.14428811996894259
5kmN3055E4100,-0.09509806495219827
5kmN3055E4105,-0.10674143984082368
5kmN3055E4110,-0.018726249425912445
5kmN3055E4115,-0.008957684887018535
5kmN3055E4120,-0.016377289583008048
5kmN3055E4125,-0.022259498805034306
5kmN3055E4130,0.03594658505336401
5kmN3055E4135,0.031447615795095696
5kmN3055E4140,0.008086526780873182
5kmN3055E4145,0.016074551947016513
5kmN3055E4150,0.04493021791311819
5kmN3055E4155,0.06534442827718068
5kmN3055E4160,0.0934277015912161
5kmN3055E4165,0.10352463233970655
5kmN3055E4170,0.0923305097802003
5kmN3055E4175,0.09632323008135629
5kmN3055E4180,0.10284394455347495
5kmN3055E4185,0.10627668783539967
5kmN3055E4190,0.16661779245988534
5kmN3055E4195,0.13592274460260467
5kmN3055E4200,0.08627860181485159
5kmN3055E4205,0.07634791023165327
5kmN3055E4210,0.06845307856900407
5kmN3055E4215,0.006197212750787329
5kmN3055E4220,-0.12539936743924665
5kmN3055E4225,-0.1413950506325265
5kmN3055E4230,-0.12410836310424339
5kmN3055E4235,-0.10633379876310972
5kmN3055E4240,-0.08045634824620523
5kmN3055E4245,-0.04383021355944777
5kmN3055E4250,0.03793242890029902
5kmN3055E4255,0.0535594010536084
5kmN3055E4260,0.06349155960835257
5kmN3055E4265,0.0792422916926257
5kmN3055E4270,0.07391049503676245
5kmN3055E4275,0.05944942220961674
5kmN3055E4280,0.06407743068003979
5kmN3055E4285,0.037646850506702245
5kmN3055E4290,0.05330739195828499
5kmN3055E4295,0.012799289890038534
5kmN3055E4300,0.017882896035211537
5kmN3055E4305,0.034941588499036114
5kmN3055E4310,0.04900386560672704
5kmN3055E4315,0.0624446917496142
5kmN3055E4320,0.06696100501124808
5kmN3055E4325,0.057385248047799875
5kmN3055E4330,0.04701327169369862
5kmN3055E4335,0.03567503474626976
5kmN3055E4340,0.01647906928974807
5kmN3055E4345,0.02471749232520004
5kmN3055E4350,0.018605922464092872
5kmN3055E4355,0.023669820475932024
5kmN3055E4360,0.02248512988281126
5kmN3055E4365,0.01375661637863601
5kmN3055E4370,0.06727769386876042
5kmN3055E4375,0.08050857749948359
5kmN3055E4380,0.08632890559315315
5kmN3055E4385,0.06771809060959466
5kmN3055E4390,0.08203144158304881
5kmN3055E4395,0.21228225590913008
5kmN3055E4400,0.28504000621338355
5kmN3055E4405,0.28223874802554105
5kmN3055E4410,0.26199995202280624
5kmN3055E4415,0.2421368569380803
5kmN3055E4420,0.254062569565642
5kmN3055E4425,0.2572322433224733
5kmN3055E4430,0.2811878763270459
5kmN3055E4435,0.3032594101824959
5kmN3055E4440,0.31620324682278167
5kmN3055E4445,0.33228377202477655
5kmN3055E4450,0.3161183703863921
5kmN3055E4455,0.09613867832196443
5kmN3055E4460,0.1784834738064709
5kmN3055E4465,0.01619794654972373
5kmN3055E4470,0.18033604501414158
5kmN3055E4475,0.32543126954540647
5kmN3055E4480,0.35604701945027784
5kmN3055E4485,0.3460817610844711
5kmN3055E4490,0.3350861721207775
5kmN3055E4495,0.29279435099337386
5kmN3055E4500,0.297967894885072
5kmN3055E4505,0.3181964098055823
5kmN3055E4510,0.3094856429965084
5kmN3055E4515,0.32838098471020816
5kmN3055E4520,0.33790445587747686
5kmN3055E4525,0.3293777785847687
5kmN3055E4530,0.3057820376378051
5kmN3055E4535,0.3101841664605207
5kmN3055E4540,0.3463423692084351
5kmN3055E4545,0.3540679135960883
5kmN3055E4550,0.3889758735328564
5kmN3055E4555,0.4004163842290491
5kmN3060E4050,0.04843746286397563
5kmN3060E4055,0.06885551537412951
5kmN3060E4060,0.04123202775040119
5kmN3060E4065,-0.05940490809292237
5kmN3060E4070,-0.051447251763470425
5kmN3060E4075,-0.07947517591487624
5kmN3060E4080,-0.1555872869841975
5kmN3060E4085,-0.1614783344296753
5kmN3060E4090,-0.16932287717445632
5kmN3060E4095,-0.16833314414688
5kmN3060E4100,-0.14771784848477965
5kmN3060E4105,-0.1262732163463886
5kmN3060E4110,-0.08110807345364102
5kmN3060E4115,-0.10653433882828958
5kmN3060E4120,-0.10822205960386208
5kmN3060E4125,-0.11180640872995284
5kmN3060E4130,-0.027224141048910855
5kmN3060E4135,0.04325054498883374
5kmN3060E4140,0.027929506363873147
5kmN3060E4145,0.003047063278182771
5kmN3060E4150,0.026840015248717708
5kmN3060E4155,0.03574217934344387
5kmN3060E4160,0.0927302041891307
5kmN3060E4165,0.09380263474612682
5kmN3060E4170,0.1037952940829181
5kmN3060E4175,0.1006526001253959
5kmN3060E4180,0.11942862784763358
5kmN3060E4185,0.15443106704819431
5kmN3060E4190,0.17173216301114624
5kmN3060E4195,0.11544491842110993
5kmN3060E4200,0.09406609136394939
5kmN3060E4205,0.10338807724617727
5kmN3060E4210,0.10149850563628765
5kmN3060E4215,0.017708250716449436
5kmN3060E4220,-0.07824527727623348
5kmN3060E4225,-0.11411177290938895
5kmN3060E4230,-0.10832021955921997
5kmN3060E4235,-0.0883392232048385
5kmN3060E4240,-0.08020046291596011
5kmN3060E4245,-0.02477568550506043
5kmN3060E4250,0.048152665773391945
5kmN3060E4255,0.05169512944966026
5kmN3060E4260,0.063823888481011
5kmN3060E4265,0.06650334255092022
5kmN3060E4270,0.07014716741259724
5kmN3060E4275,0.06958676036756312
5kmN3060E4280,0.06861334179423229
5kmN3060E4285,0.06479399385232643
5kmN3060E4290,0.06364650204183436
5kmN3060E4295,0.026621878914584562
5kmN3060E4300,0.016655412228830935
5kmN3060E4305,0.01096558578022322
5kmN3060E4310,0.043112319055715165
5kmN3060E4315,0.040242849764628
5kmN3060E4320,0.05972502550091857
5kmN3060E4325,0.05785365700561834
5kmN3060E4330,0.038636817674599255
5kmN3060E4335,0.011089270304310395
5kmN3060E4340,0.0010425889479557249
5kmN3060E4345,0.007114668269794122
5kmN3060E4350,0.017218683957669345
5kmN3060E4355,0.018425636854912053
5kmN3060E4360,0.0029486766300080847
5kmN3060E4365,-0.0062237241380302954
5kmN3060E4370,0.02949861840386303
5kmN3060E4375,0.06582228380715072
5kmN3060E4380,0.06712002376412951
5kmN3060E4385,0.060399221846738516
5kmN3060E4390,0.08174106493071032
5kmN3060E4395,0.2507530458701679
5kmN3060E4400,0.27736193363408723
5kmN3060E4405,0.2577328423040913
5kmN3060E4410,0.2223757357388345
5kmN3060E4415,0.21800064362888572
5kmN3060E4420,0.24071019432788154
5kmN3060E4425,0.2741325239654254
5kmN3060E4430,0.2981578213959998
5kmN3060E4435,0.30366255849550305
5kmN3060E4440,0.3191961294344027
5kmN3060E4445,0.324967990095991
5kmN3060E4450,0.2559925996263114
5kmN3060E4455,-0.006879319724352184
5kmN3060E4460,0.007262250782767654
5kmN3060E4465,0.017740585047076984
5kmN3060E4470,0.017202406984555663
5kmN3060E4475,0.03323154433152564
5kmN3060E4480,0.15723009051880865
5kmN3060E4485,0.33265233957283646
5kmN3060E4490,0.29729995058601055
5kmN3060E4495,0.2811631644593181
5kmN3060E4500,0.27893245628979746
5kmN3060E4505,0.29357036837321304
5kmN3060E4510,0.3183725770035477
5kmN3060E4515,0.3293397755003412
5kmN3060E4520,0.3336150818535806
5kmN3060E4525,0.3345077064110191
5kmN3060E4530,0.3313463468413901
5kmN3060E4535,0.3366184445940882
5kmN3060E4540,0.3424541457460355
5kmN3060E4545,0.3682187120080514
5kmN3060E4550,0.3877042565906822
5kmN3060E4555,0.38245026624555456
5kmN3060E4560,0.40815161237675346
5kmN3060E4565,0.42712923937078723
5kmN3065E4050,0.053806878161911986
5kmN3065E4055,0.06776791834688478
5kmN3065E4060,0.03476591200644211
5kmN3065E4065,-0.03324619836652015
5kmN3065E4070,-0.03728974587239564
5kmN3065E4075,-0.06860850148789305
5kmN3065E4080,-0.16239454173690832
5kmN3065E4085,-0.18147724484079925
5kmN3065E4090,-0.19358712430963704
5kmN3065E4095,-0.190190053317774
5kmN3065E4100,-0.12653925953863765
5kmN3065E4105,-0.136810683524398
5kmN3065E4110,0.009954479865457111
5kmN3065E4115,0.0420702222680972
5kmN3065E4120,-0.13465622871784547
5kmN3065E4125,-0.14078392572241455
5kmN3065E4130,-0.11611319081779697
5kmN3065E4135,0.040315992670310496
5kmN3065E4140,0.03050524310701136
5kmN3065E4145,0.014041087305141753
5kmN3065E4150,0.010740183539566406
5kmN3065E4155,0.018968802289834996
5kmN3065E4160,0.10238022088615095
5kmN3065E4165,0.08314342809005049
5kmN3065E4170,0.08767274357250665
5kmN3065E4175,0.062242030584565455
5kmN3065E4180,0.09094937451320267
5kmN3065E4185,0.10416245760082693
5kmN3065E4190,0.1453789035973279
5kmN3065E4195,0.12806815250822567
5kmN3065E4200,0.11346730452949139
5kmN3065E4205,0.13178671316242863
5kmN3065E4210,0.12070346599443432
5kmN3065E4215,0.10556044516521534
5kmN3065E4220,0.05028151220243948
5kmN3065E4225,0.019449839123927004
5kmN3065E4230,0.036993065565588845
5kmN3065E4235,0.027017466047404903
5kmN3065E4240,0.05320296108871675
5kmN3065E4245,0.029382669944181594
5kmN3065E4250,0.042110479204093776
5kmN3065E4255,0.053127091599358967
5kmN3065E4260,0.06288533383252998
5kmN3065E4265,0.05136534986883484
5kmN3065E4270,0.06234300139524712
5kmN3065E4275,0.07987127352209161
5kmN3065E4280,0.07577332484513338
5kmN3065E4285,0.06877302214103748
5kmN3065E4290,0.06568140754298779
5kmN3065E4295,0.08687494733263279
5kmN3065E4300,0.015692453924693484
5kmN3065E4305,0.01151639148966499
5kmN3065E4310,0.020093040075336632
5kmN3065E4315,0.012075394568095477
5kmN3065E4320,0.03259786659518138
5kmN3065E4325,0.042381112752541084
5kmN3065E4330,0.027763261513124804
5kmN3065E4335,0.01317678967730851
5kmN3065E4340,0.0009508364804291514
5kmN3065E4345,-0.007445343495605217
5kmN3065E4350,0.011101218473139496
5kmN3065E4355,0.009448283526667933
5kmN3065E4360,0.00734622703922716
5kmN3065E4365,-0.011917511920960688
5kmN3065E4370,0.004692295943113711
5kmN3065E4375,0.039037323844779814
5kmN3065E4380,0.05170975965881314
5kmN3065E4385,0.04554604695580433
5kmN3065E4390,0.03585340947888843
5kmN3065E4395,0.14185781616725635
5kmN3065E4400,0.22279658061381158
5kmN3065E4405,0.2554013545201781
5kmN3065E4410,0.23844770323018927
5kmN3065E4415,0.23351136055152755
5kmN3065E4420,0.24948624939417086
5kmN3065E4425,0.285970135848961
5kmN3065E4430,0.2991946581386262
5kmN3065E4435,0.3007039983493194
5kmN3065E4440,0.30956977569650845
5kmN3065E4445,0.32258311364891956
5kmN3065E4450,0.19967518372065463
5kmN3065E4455,5.771484715677566e-05
5kmN3065E4460,-0.005266592696998584
5kmN3065E4465,0.0064796230778416675
5kmN3065E4470,0.005208054686208996
5kmN3065E4475,0.016014555490840965
5kmN3065E4480,0.1793944089469055
5kmN3065E4485,0.28189521192542566
5kmN3065E4490,0.27051533119338256
5kmN3065E4495,0.2507455813916375
5kmN3065E4500,0.27702300209743846
5kmN3065E4505,0.29194732339095986
5kmN3065E4510,0.3117920003735062
5kmN3065E4515,0.3165433337886403
5kmN3065E4520,0.333185118406927
5kmN3065E4525,0.3512101753537342
5kmN3065E4530,0.34367778966648777
5kmN3065E4535,0.34719885717598703
5kmN3065E4540,0.3619436391323462
5kmN3065E4545,0.38049205149387777
5kmN3065E4550,0.3829878353495894
5kmN3065E4555,0.39197522900289394
5kmN3065E4560,0.4181310286126628
5kmN3065E4565,0.4100470522187304
5kmN3070E4045,0.061999813037701135
5kmN3070E4050,0.04471089936361383
5kmN3070E4055,0.01981876035843036
5kmN3070E4060,0.01618804456110856
5kmN3070E4065,-0.026112451419346927
5kmN3070E4070,-0.05525486316264627
5kmN3070E4075,-0.07645016032757074
5kmN3070E4080,-0.14882011215006824
5kmN3070E4085,-0.17012723697536108
5kmN3070E4090,-0.16792010411981712
5kmN3070E4095,-0.1975317388125955
5kmN3070E4100,-0.16158413617977999
5kmN3070E4105,-0.13075237693869596
5kmN3070E4110,-0.023498135647579174
5kmN3070E4115,0.03895497179766705
5kmN3070E4120,-0.06762041890462228
5kmN3070E4125,-0.15419860567384724
5kmN3070E4130,-0.14051135285105604
5kmN3070E4135,-0.11640380359241037
5kmN3070E4140,-0.08929352323372322
5kmN3070E4145,-0.028057782752121174
5kmN3070E4150,0.004301398667930889
5kmN3070E4155,0.007363646395319612
5kmN3070E4160,0.03925760984434856
5kmN3070E4165,0.022883526614227157
5kmN3070E4170,0.024185993632016678
5kmN3070E4175,0.03492016515595753
5kmN3070E4180,0.09533998191850612
5kmN3070E4185,0.0880295451520356
5kmN3070E4190,0.14351299056831845
5kmN3070E4195,0.14309697238936997
5kmN3070E4200,0.13802311642884174
5kmN3070E4205,0.16273556629953212
5kmN3070E4210,0.10797719481178716
5kmN3070E4215,0.07845477442965607
5kmN3070E4220,0.06151200351227398
5kmN3070E4225,0.047845086252961244
5kmN3070E4230,0.0490168148371124
5kmN3070E4235,0.057195155346598914
5kmN3070E4240,0.05698972101708688
5kmN3070E4245,0.056886737140452115
5kmN3070E4250,0.04657887466495142
5kmN3070E4255,0.05250103566351444
5kmN3070E4260,0.06006002533366045
5kmN3070E4265,0.051045430455920526
5kmN3070E4270,0.049546270106381074
5kmN3070E4275,0.09222954652259391
5kmN3070E4280,0.13363745033199564
5kmN3070E4285,0.1962990565519721
5kmN3070E4290,0.18072571196089615
5kmN3070E4295,0.21222112019244244
5kmN3070E4300,0.06744832281473317
5kmN3070E4305,0.008561832489910493
5kmN3070E4310,0.029864870790669407
5kmN3070E4315,0.037127355629214764
5kmN3070E4320,0.013930063531152781
5kmN3070E4325,0.029731710799283384
5kmN3070E4330,0.027651165142905998
5kmN3070E4335,-0.007079174842801406
5kmN3070E4340,-0.014935325385768028
5kmN3070E4345,-0.012486366430345952
5kmN3070E4350,0.001345968245809348
5kmN3070E4355,0.009033629079112315
5kmN3070E4360,-0.024391412893048803
5kmN3070E4365,-0.033023392404281315
5kmN3070E4370,-0.037765467646894924
5kmN3070E4375,0.011569468986046827
5kmN3070E4380,0.030096437779483953
5kmN3070E4385,0.0298946702644321
5kmN3070E4390,0.012987155442578335
5kmN3070E4395,0.012963356746830357
5kmN3070E4400,0.05086917231827931
5kmN3070E4405,0.2476879011140627
5kmN3070E4410,0.24187126486308463
5kmN3070E4415,0.2386306168287493
5kmN3070E4420,0.250248713323624
5kmN3070E4425,0.18324583869312105
5kmN3070E4430,0.10169206543814202
5kmN3070E4435,0.1830070192205877
5kmN3070E4440,0.2821209547986051
5kmN3070E4445,0.32340458645445636
5kmN3070E4450,0.3039479180753961
5kmN3070E4455,0.07626482355065844
5kmN3070E4460,-0.0019404039803813111
5kmN3070E4465,-0.0016018919509391827
5kmN3070E4470,0.0026810233558721697
5kmN3070E4475,0.0798133278306895
5kmN3070E4480,0.2588622361221745
5kmN3070E4485,0.26403542807120817
5kmN3070E4490,0.26513844004397336
5kmN3070E4495,0.26079704359372424
5kmN3070E4500,0.2696087040769789
5kmN3070E4505,0.2851560706242051
5kmN3070E4510,0.2961547797065939
5kmN3070E4515,0.3195200916882708
5kmN3070E4520,0.32394692706439054
5kmN3070E4525,0.34081809350780073
5kmN3070E4530,0.3473286569009693
5kmN3070E4535,0.35674373155364597
5kmN3070E4540,0.3692400301659853
5kmN3070E4545,0.36296071799036267
5kmN3070E4550,0.384932910999372
5kmN3070E4555,0.40468319512097783
5kmN3070E4560,0.39734990396158004
5kmN3070E4565,0.3934398526405831
5kmN3070E4570,0.4014367142817294
5kmN3070E4575,0.4187158798905471
5kmN3070E4580,0.3186318629719941
5kmN3075E4040,0.08087068449284199
5kmN3075E4045,0.07381677066309325
5kmN3075E4050,0.02748894255738174
5kmN3075E4055,0.028736826519608627
5kmN3075E4060,-0.02089726551702023
5kmN3075E4065,-0.04150951115949675
5kmN3075E4070,-0.08158044531610265
5kmN3075E4075,-0.0933833860831732
5kmN3075E4080,-0.10969156311196937
5kmN3075E4085,-0.11732585462245426
5kmN3075E4090,-0.11152043945037271
5kmN3075E4095,-0.17010188816898952
5kmN3075E4100,-0.15670386039973078
5kmN3075E4105,-0.16085286137766247
5kmN3075E4110,-0.1650787120029002
5kmN3075E4115,-0.1263934128238472
5kmN3075E4120,-0.19959782078206
5kmN3075E4125,-0.17248255333269796
5kmN3075E4130,-0.1310525400179185
5kmN3075E4135,-0.10773664987212944
5kmN3075E4140,-0.10541305162265402
5kmN3075E4145,-0.0980450332227425
5kmN3075E4150,-0.08053821138069375
5kmN3075E4155,-0.010956593335068099
5kmN3075E4160,0.02031152739247194
5kmN3075E4165,0.020864042507175884
5kmN3075E4170,0.02036846085921451
5kmN3075E4175,0.07081155744045248
5kmN3075E4180,0.11181557361144157
5kmN3075E4185,0.11740147751924548
5kmN3075E4190,0.17286024879230935
5kmN3075E4195,0.18085352518418987
5kmN3075E4200,0.17742054690632003
5kmN3075E4205,0.16381930746738546
5kmN3075E4210,0.12862459447488628
5kmN3075E4215,0.0924585731965897
5kmN3075E4220,0.08015725849537725
5kmN3075E4225,0.06787586629756359
5kmN3075E4230,0.058183973115429666
5kmN3075E4235,0.056270664216325095
5kmN3075E4240,0.060278802385893115
5kmN3075E4245,0.06759513267629064
5kmN3075E4250,0.062432893662924926
5kmN3075E4255,0.07704337013924362
5kmN3075E4260,0.07710961183258186
5kmN3075E4265,0.07611198089533305
5kmN3075E4270,0.10005041344949545
5kmN3075E4275,0.14448110218949906
5kmN3075E4280,0.18085081403779507
5kmN3075E4285,0.20866892054242436
5kmN3075E4290,0.19367903999930525
5kmN3075E4295,0.19782122144474057
5kmN3075E4300,0.16593057549673845
5kmN3075E4305,0.1590411522999085
5kmN3075E4310,0.18046028283640037
5kmN3075E4315,0.1009211664472679
5kmN3075E4320,-0.005780210679110609
5kmN3075E4325,0.0073687587153963285
5kmN3075E4330,0.002688351263811617
5kmN3075E4335,0.0048860727982289465
5kmN3075E4340,-0.006347328229162841
5kmN3075E4345,0.006296067373926739
5kmN3075E4350,-0.004247788482613979
5kmN3075E4355,-0.014602945182054627
5kmN3075E4360,-0.02897292389011885
5kmN3075E4365,-0.03393405229586555
5kmN3075E4370,-0.04019880231898443
5kmN3075E4375,-0.031269482098673196
5kmN3075E4380,0.004639748330051652
5kmN3075E4385,0.00821873591217781
5kmN3075E4390,0.0028743226020090384
5kmN3075E4395,-0.0005993111998872092
5kmN3075E4400,0.012390618428934519
5kmN3075E4405,0.09048674193737982
5kmN3075E4410,0.12215253696138295
5kmN3075E4415,0.0873424331978464
5kmN3075E4420,0.03036835149963113
5kmN3075E4425,-0.11782535699021218
5kmN3075E4430,-0.09332891571813706
5kmN3075E4435,-0.07425348320416736
5kmN3075E4440,0.03995453978600816
5kmN3075E4445,0.06764591078122356
5kmN3075E4450,0.07125339272606357
5kmN3075E4455,0.012851519609808792
5kmN3075E4460,-0.0016244401827747446
5kmN3075E4465,-0.005155077664143803
5kmN3075E4470,0.010325509972189173
5kmN3075E4475,0.012526712049903743
5kmN3075E4480,0.21684492832975444
5kmN3075E4485,0.2618439203944998
5kmN3075E4490,0.2610533396314624
5kmN3075E4495,0.25466682445760336
5kmN3075E4500,0.27023028682621986
5kmN3075E4505,0.2895685504194713
5kmN3075E4510,0.30058409465399105
5kmN3075E4515,0.304818297880845
5kmN3075E4520,0.30984336106161847
5kmN3075E4525,0.27364685304717495
5kmN3075E4530,0.3214997964022548
5kmN3075E4535,0.3659640501174719
5kmN3075E4540,0.3688596174855934
5kmN3075E4545,0.38355643257254524
5kmN3075E4550,0.37634924501082867
5kmN3075E4555,0.3812335858411491
5kmN3075E4560,0.3806977850553523
5kmN3075E4565,0.3890002189204819
5kmN3075E4570,0.4032399774420962
5kmN3075E4575,0.34517371398590524
5kmN3075E4580,0.3108633952245171
5kmN3075E4585,0.3117473279655811
5kmN3075E4590,0.3061732493734268
5kmN3075E4595,0.3009054482963802
5kmN3080E4035,0.06789385797537406
5kmN3080E4040,0.08151123520042822
5kmN3080E4045,0.05550765143191097
5kmN3080E4050,0.026761423684730862
5kmN3080E4055,0.007852202171140438
5kmN3080E4060,-0.02418098799897489
5kmN3080E4065,-0.08517181866248691
5kmN3080E4070,-0.1091500283758452
5kmN3080E4075,-0.10725670339576299
5kmN3080E4080,-0.10607356193212292
5kmN3080E4085,-0.11596035822521533
5kmN3080E4090,-0.09733757796308679
5kmN3080E4095,-0.11685551789683443
5kmN3080E4100,-0.13642065143870977
5kmN3080E4105,-0.19386745016863705
5kmN3080E4110,-0.23654514275449695
5kmN3080E4115,-0.22252725530351214
5kmN3080E4120,-0.20390224191283451
5kmN3080E4125,-0.1560455746849953
5kmN3080E4130,-0.13536973164164828
5kmN3080E4135,-0.10512748929922267
5kmN3080E4140,-0.09539773881690788
5kmN3080E4145,-0.06946893055314712
5kmN3080E4150,-0.028088234127577633
5kmN3080E4155,0.01663174931268918
5kmN3080E4160,0.047310396618807427
5kmN3080E4165,0.04433368393654802
5kmN3080E4170,0.03747316859522182
5kmN3080E4175,0.04334621990960563
5kmN3080E4180,0.09195405409150922
5kmN3080E4185,0.10819637363030918
5kmN3080E4190,0.13292518305651072
5kmN3080E4195,0.19271351547817417
5kmN3080E4200,0.1971990912585374
5kmN3080E4205,0.16962318190867937
5kmN3080E4210,0.13132159744202282
5kmN3080E4215,0.10274318974614705
5kmN3080E4220,0.09590081298069314
5kmN3080E4225,0.08423094091968986
5kmN3080E4230,0.07419483855891162
5kmN3080E4235,0.06970233021475997
5kmN3080E4240,0.07652233547511439
5kmN3080E4245,0.08457116797569392
5kmN3080E4250,0.10419512764192057
5kmN3080E4255,0.10986838774679927
5kmN3080E4260,0.12984790488720355
5kmN3080E4265,0.13465480005856467
5kmN3080E4270,0.13469340530024831
5kmN3080E4275,0.1482071370421587
5kmN3080E4280,0.15499437462222942
5kmN3080E4285,0.19715863926855176
5kmN3080E4290,0.1939461022261476
5kmN3080E4295,0.17721049714134945
5kmN3080E4300,0.1666571735031115
5kmN3080E4305,0.19838234906467211
5kmN3080E4310,0.19434038595828285
5kmN3080E4315,0.1765707276120439
5kmN3080E4320,0.10260969926389207
5kmN3080E4325,-0.0011949983046029011
5kmN3080E4330,0.00039354405858116337
5kmN3080E4335,-0.0023324985075524607
5kmN3080E4340,-0.0011183725921646293
5kmN3080E4345,0.010266323774902109
5kmN3080E4350,-0.029600010619367678
5kmN3080E4355,-0.05080796038144997
5kmN3080E4360,-0.045966051963729826
5kmN3080E4365,-0.05657985588691117
5kmN3080E4370,-0.05258651154717531
5kmN3080E4375,-0.058802244856979824
5kmN3080E4380,-0.034179320750884035
5kmN3080E4385,-0.04842687059492157
5kmN3080E4390,-0.03122149576755462
5kmN3080E4395,0.003783750183979695
5kmN3080E4400,-0.07351854325610035
5kmN3080E4405,-0.1503377473381735
5kmN3080E4410,-0.1437166451339283
5kmN3080E4415,-0.14427285160640768
5kmN3080E4420,-0.13788765238505435
5kmN3080E4425,-0.12674833120630352
5kmN3080E4430,-0.11472126750277095
5kmN3080E4435,-0.08383203523045751
5kmN3080E4440,-0.07364885709928387
5kmN3080E4445,-0.06277738307779124
5kmN3080E4450,-0.059523577853454024
5kmN3080E4455,-0.0008132210198628087
5kmN3080E4460,0.004255175394955568
5kmN3080E4465,0.006431400792143993
5kmN3080E4470,-0.004042851196683572
5kmN3080E4475,0.004458939251204885
5kmN3080E4480,0.020669188069772804
5kmN3080E4485,0.17851320171838936
5kmN3080E4490,0.22875950834301972
5kmN3080E4495,0.24726545625896335
5kmN3080E4500,0.2640230353395243
5kmN3080E4505,0.28421129840520043
5kmN3080E4510,0.29861157637161945
5kmN3080E4515,0.2640047476950146
5kmN3080E4520,0.24030298935764083
5kmN3080E4525,0.24466305406185535
5kmN3080E4530,0.2853185480566232
5kmN3080E4535,0.3347185310230586
5kmN3080E4540,0.3513748467508059
5kmN3080E4545,0.37086399621128896
5kmN3080E4550,0.3772549902135396
5kmN3080E4555,0.3746238037589653
5kmN3080E4560,0.37964828340155343
5kmN3080E4565,0.3934100296809445
5kmN3080E4570,0.3268284761933263
5kmN3080E4575,0.30787874321201
5kmN3080E4580,0.2994402668897944
5kmN3080E4585,0.3037147802297216
5kmN3080E4590,0.30127946542851547
5kmN3080E4595,0.28701531503759375
5kmN3085E4040,0.04463949011300733
5kmN3085E4045,0.024325159663717177
5kmN3085E4050,0.023782363610005658
5kmN3085E4055,-0.01513819538805597
5kmN3085E4060,-0.07629153416378603
5kmN3085E4065,-0.10128470834309461
5kmN3085E4070,-0.11950384546439119
5kmN3085E4075,-0.11327244105563755
5kmN3085E4080,-0.11016999721476045
5kmN3085E4085,-0.10625677415253795
5kmN3085E4090,-0.09619663552777591
5kmN3085E4095,-0.12782968930152183
5kmN3085E4100,-0.14258891887015204
5kmN3085E4105,-0.1516791001159825
5kmN3085E4110,-0.15226988525386154
5kmN3085E4115,-0.18040998340980197
5kmN3085E4120,-0.16833963944748698
5kmN3085E4125,-0.14482590982591065
5kmN3085E4130,-0.11242314962713806
5kmN3085E4135,-0.10527697275059894
5kmN3085E4140,-0.06938069016454512
5kmN3085E4145,0.01404909378429603
5kmN3085E4150,0.02778473288450556
5kmN3085E4155,0.035371817071114364
5kmN3085E4160,0.0476888023688129
5kmN3085E4165,0.07689332267204257
5kmN3085E4170,0.09578206090066271
5kmN3085E4175,0.1155063607875507
5kmN3085E4180,0.08551262557419848
5kmN3085E4185,0.12899354261543033
5kmN3085E4190,0.1372745523555791
5kmN3085E4195,0.14829430477782574
5kmN3085E4200,0.1401366400568172
5kmN3085E4205,0.1367937259368262
5kmN3085E4210,0.13346632031270206
5kmN3085E4215,0.12696874074407105
5kmN3085E4220,0.12615044702413658
5kmN3085E4225,0.1105642202399294
5kmN3085E4230,0.10085450734983414
5kmN3085E4235,0.09531166127970131
5kmN3085E4240,0.10475067015139555
5kmN3085E4245,0.11561165737486412
5kmN3085E4250,0.12013624856687705
5kmN3085E4255,0.1179068221019561
5kmN3085E4260,0.1374801677629121
5kmN3085E4265,0.12930344825739382
5kmN3085E4270,0.12199195094488768
5kmN3085E4275,0.15610747100906497
5kmN3085E4280,0.16403198931381474
5kmN3085E4285,0.22272017147591133
5kmN3085E4290,0.21007733788837146
5kmN3085E4295,0.18457877105523657
5kmN3085E4300,0.17746440717278367
5kmN3085E4305,0.17250291614482283
5kmN3085E4310,0.19186701334769563
5kmN3085E4315,0.16215610630217475
5kmN3085E4320,0.11797916825494703
5kmN3085E4325,-0.005226918158097504
5kmN3085E4330,-0.004602159374631931
5kmN3085E4335,-0.009715550206504941
5kmN3085E4340,-0.0038887726555418833
5kmN3085E4345,-0.0005990264898867448
5kmN3085E4350,-0.03266482020495154
5kmN3085E4355,-0.07098651652350108
5kmN3085E4360,-0.0762343615984935
5kmN3085E4365,-0.07466324881318398
5kmN3085E4370,-0.07663798247821063
5kmN3085E4375,-0.09032678316476461
5kmN3085E4380,-0.09376408242666345
5kmN3085E4385,-0.11794375137237256
5kmN3085E4390,-0.08090167398472237
5kmN3085E4395,-0.0362556637194108
5kmN3085E4400,-0.15347419247548183
5kmN3085E4405,-0.15923340442288292
5kmN3085E4410,-0.15531390720331673
5kmN3085E4415,-0.1579922137155383
5kmN3085E4420,-0.1652053001127653
5kmN3085E4425,-0.13915065832492002
5kmN3085E4430,-0.06133777916374755
5kmN3085E4435,-0.07590826548174218
5kmN3085E4440,-0.09234368999420112
5kmN3085E4445,-0.0789467581115112
5kmN3085E4450,-0.06358260354932166
5kmN3085E4455,-0.0021236374434403515
5kmN3085E4460,0.0020193477342651533
5kmN3085E4465,6.261890471914722e-05
5kmN3085E4470,0.0023795095181438075
5kmN3085E4475,-0.022615521780008696
5kmN3085E4480,-0.039093236869158776
5kmN3085E4485,-0.050689769106375904
5kmN3085E4490,0.015821492041945717
5kmN3085E4495,0.24599424816660798
5kmN3085E4500,0.26585885634845974
5kmN3085E4505,0.29494822057446535
5kmN3085E4510,0.30604974881417396
5kmN3085E4515,0.28787685899342885
5kmN3085E4520,0.25402769845503526
5kmN3085E4525,0.26131590594115406
5kmN3085E4530,0.3177173089911636
5kmN3085E4535,0.33564768563423275
5kmN3085E4540,0.3551969068128822
5kmN3085E4545,0.37628725406754926
5kmN3085E4550,0.374267377105608
5kmN3085E4555,0.37525699182457817
5kmN3085E4560,0.38652548099736067
5kmN3085E4565,0.3615203008739202
5kmN3085E4570,0.2962828217791996
5kmN3085E4575,0.2977349118544536
5kmN3085E4580,0.2796917102740162
5kmN3085E4585,0.28681683109957934
5kmN3085E4590,0.27950787262094534
5kmN3085E4595,0.27906644944759423
5kmN3085E4600,0.27792688239233393
5kmN3085E4605,0.26961313088958017
5kmN3085E4650,0.221332504383151
5kmN3085E4655,0.214159740738314
5kmN3090E4040,-0.03238183353916679
5kmN3090E4045,0.010912940115306802
5kmN3090E4050,-0.004148128748589969
5kmN3090E4055,-0.03286773468443077
5kmN3090E4060,-0.058268817185040456
5kmN3090E4065,-0.09468502454853378
5kmN3090E4070,-0.1042357691686484
5kmN3090E4075,-0.09473644987212543
5kmN3090E4080,-0.10500218310841158
5kmN3090E4085,-0.11641103707178735
5kmN3090E4090,-0.1047907635052096
5kmN3090E4095,-0.13944109987091485
5kmN3090E4100,-0.08981556630832585
5kmN3090E4105,-0.07975744729840001
5kmN3090E4110,-0.1500052672601131
5kmN3090E4115,-0.10605588982680625
5kmN3090E4120,-0.04901467332144821
5kmN3090E4125,-0.07705741591151244
5kmN3090E4130,-0.045104053444710746
5kmN3090E4135,-0.08349914936736436
5kmN3090E4140,-0.03913300825877744
5kmN3090E4145,0.016178791487980404
5kmN3090E4150,0.023700395255946693
5kmN3090E4155,0.030975087741534346
5kmN3090E4160,0.05272078067933722
5kmN3090E4165,0.07974447005883917
5kmN3090E4170,0.0962643113625686
5kmN3090E4175,0.13084407473300855
5kmN3090E4180,0.0982312218983441
5kmN3090E4185,0.1314882971238486
5kmN3090E4190,0.15231346163627726
5kmN3090E4195,0.16635515346335986
5kmN3090E4200,0.14943295113195026
5kmN3090E4205,0.13737303937175271
5kmN3090E4210,0.14134907277125686
5kmN3090E4215,0.15600831419203956
5kmN3090E4220,0.15116004215334783
5kmN3090E4225,0.1217874225612523
5kmN3090E4230,0.1269517969833395
5kmN3090E4235,0.14185708185632678
5kmN3090E4240,0.13678273459590573
5kmN3090E4245,0.15050729366339882
5kmN3090E4250,0.16957754527680952
5kmN3090E4255,0.15816505486591736
5kmN3090E4260,0.14263262338141458
5kmN3090E4265,0.12983916816724955
5kmN3090E4270,0.12164786104481168
5kmN3090E4275,0.1403600326340858
5kmN3090E4280,0.1523355883425268
5kmN3090E4285,0.18050859733824864
5kmN3090E4290,0.21133352076037282
5kmN3090E4295,0.19817221596916212
5kmN3090E4300,0.1662571875112947
5kmN3090E4305,0.156808022014012
5kmN3090E4310,0.17767301069784314
5kmN3090E4315,0.1518927166893861
5kmN3090E4320,0.07099908805120231
5kmN3090E4325,-0.021164912919176326
5kmN3090E4330,-0.01938654724371036
5kmN3090E4335,-0.01682086824656448
5kmN3090E4340,-0.035234744213103575
5kmN3090E4345,-0.028557099759239146
5kmN3090E4350,-0.01779592495800686
5kmN3090E4355,-0.06141770001733282
5kmN3090E4360,-0.07831104956901569
5kmN3090E4365,-0.07719951723397533
5kmN3090E4370,-0.0997193311515483
5kmN3090E4375,-0.08787975374442591
5kmN3090E4380,-0.12139600570689063
5kmN3090E4385,-0.18518339734812855
5kmN3090E4390,-0.22666937127133718
5kmN3090E4395,-0.18610923974515342
5kmN3090E4400,-0.17228317332624793
5kmN3090E4405,-0.1723716704848604
5kmN3090E4410,-0.13546389605094183
5kmN3090E4415,-0.16313961406599603
5kmN3090E4420,-0.17706905330308642
5kmN3090E4425,-0.11361332876154834
5kmN3090E4430,-0.04518137605428629
5kmN3090E4435,-0.048796698869176314
5kmN3090E4440,-0.10138270297876262
5kmN3090E4445,-0.08126312313229545
5kmN3090E4450,-0.07676855393709014
5kmN3090E4455,-0.03446691313486028
5kmN3090E4460,-0.005883001604351068
5kmN3090E4465,0.013748070594064354
5kmN3090E4470,0.009479958627601759
5kmN3090E4475,-0.0019491263884574561
5kmN3090E4480,-0.04520583665808453
5kmN3090E4485,-0.04475843728119988
5kmN3090E4490,-0.04237732813568473
5kmN3090E4495,-0.007406179055766904
5kmN3090E4500,0.05320276948038438
5kmN3090E4505,0.20740833429082706
5kmN3090E4510,0.2929876964029606
5kmN3090E4515,0.31132438880158025
5kmN3090E4520,0.3103275719779604
5kmN3090E4525,0.3149802988163496
5kmN3090E4530,0.330839203596729
5kmN3090E4535,0.3442632945937082
5kmN3090E4540,0.36956001848346853
5kmN3090E4545,0.36784518777113695
5kmN3090E4550,0.3648746949693934
5kmN3090E4555,0.3511474936644599
5kmN3090E4560,0.3808919972708771
5kmN3090E4565,0.3030983348244799
5kmN3090E4570,0.27510493914021134
5kmN3090E4575,0.2693835117774439
5kmN3090E4580,0.2735174597680288
5kmN3090E4585,0.2789477033910791
5kmN3090E4590,0.2686598640457404
5kmN3090E4595,0.2636568016300224
5kmN3090E4600,0.2629778653379133
5kmN3090E4605,0.2651295997155316
5kmN3090E4610,0.2587465281249715
5kmN3090E4615,0.273593260402536
5kmN3090E4645,0.22283390787586232
5kmN3090E4650,0.20687667321574565
5kmN3090E4655,0.19200617626750938
5kmN3090E4660,0.17938934722048072
5kmN3095E4040,-0.09753251563852883
5kmN3095E4045,-0.08543297794316601
5kmN3095E4050,-0.035204665493131004
5kmN3095E4055,-0.04753703171543805
5kmN3095E4060,-0.052095247039644244
5kmN3095E4065,-0.07628837754033857
5kmN3095E4070,-0.08486931441667595
5kmN3095E4075,-0.0934799591704158
5kmN3095E4080,-0.101720315863008
5kmN3095E4085,-0.08728459084016565
5kmN3095E4090,-0.10386667947020523
5kmN3095E4095,-0.09189368246060733
5kmN3095E4100,-0.03887799650009882
5kmN3095E4105,-0.05547402129453144
5kmN3095E4110,-0.04981183470460032
5kmN3095E4115,-0.07411897546349444
5kmN3095E4120,-0.010426851910764479
5kmN3095E4125,0.017559872081585964
5kmN3095E4130,0.012628753768701956
5kmN3095E4135,0.00669949056345881
5kmN3095E4140,0.008175334774339793
5kmN3095E4145,-0.0012234935643205547
5kmN3095E4150,0.010506247423426651
5kmN3095E4155,0.015959880031263363
5kmN3095E4160,0.05090850597079566
5kmN3095E4165,0.06799679021835053
5kmN3095E4170,0.07031931650441572
5kmN3095E4175,0.11418766438036601
5kmN3095E4180,0.12819467200060153
5kmN3095E4185,0.1439823101907175
5kmN3095E4190,0.17457596881675577
5kmN3095E4195,0.1726421738128795
5kmN3095E4200,0.16642564650414543
5kmN3095E4205,0.1589432564490875
5kmN3095E4210,0.1562084269902196
5kmN3095E4215,0.24363762068565709
5kmN3095E4220,0.2362947545479312
5kmN3095E4225,0.16558410913468447
5kmN3095E4230,0.19405436410653243
5kmN3095E4235,0.23833089249170325
5kmN3095E4240,0.228442689279149
5kmN3095E4245,0.21718773191917445
5kmN3095E4250,0.1970465317504596
5kmN3095E4255,0.16455838304651838
5kmN3095E4260,0.1442228551550132
5kmN3095E4265,0.13087994894549315
5kmN3095E4270,0.12110624934270353
5kmN3095E4275,0.11593739370363854
5kmN3095E4280,0.13975364745047697
5kmN3095E4285,0.1270941341291163
5kmN3095E4290,0.21039667247334515
5kmN3095E4295,0.19432577247091487
5kmN3095E4300,0.16269577288582082
5kmN3095E4305,0.1441781201815855
5kmN3095E4310,0.16461253412227744
5kmN3095E4315,0.18417036839729978
5kmN3095E4320,0.05828023952150185
5kmN3095E4325,-0.02701520836149829
5kmN3095E4330,-0.010351852563334263
5kmN3095E4335,-0.05470426859005262
5kmN3095E4340,-0.06815334147476892
5kmN3095E4345,-0.051636007418438545
5kmN3095E4350,-0.03502488485075028
5kmN3095E4355,-0.07606117891296527
5kmN3095E4360,-0.0776617509863764
5kmN3095E4365,-0.08115683715788213
5kmN3095E4370,-0.11032998610393374
5kmN3095E4375,-0.0984763663024194
5kmN3095E4380,-0.16007958063931643
5kmN3095E4385,-0.21129607030474634
5kmN3095E4390,-0.2296401714533553
5kmN3095E4395,-0.22352535800154288
5kmN3095E4400,-0.21559141122415287
5kmN3095E4405,-0.18815238879592083
5kmN3095E4410,-0.11923639793062363
5kmN3095E4415,-0.1461666783900023
5kmN3095E4420,-0.17984904135799995
5kmN3095E4425,-0.13963042444396329
5kmN3095E4430,-0.10378806230559573
5kmN3095E4435,-0.09795375275396379
5kmN3095E4440,-0.09464507056887278
5kmN3095E4445,-0.07077822773698478
5kmN3095E4450,-0.073252062871769
5kmN3095E4455,-0.0629756999659899
5kmN3095E4460,0.0290508399570073
5kmN3095E4465,0.09235665977912166
5kmN3095E4470,0.09566193208333462
5kmN3095E4475,0.09361393922062045
5kmN3095E4480,-0.030842991843735734
5kmN3095E4485,-0.04193476007040242
5kmN3095E4490,-0.042419681655048835
5kmN3095E4495,-0.030907294581311362
5kmN3095E4500,-0.0166310261110717
5kmN3095E4505,0.2675981856442431
5kmN3095E4510,0.30472704068306794
5kmN3095E4515,0.3152142256082501
5kmN3095E4520,0.3291767461607888
5kmN3095E4525,0.3385773695539657
5kmN3095E4530,0.338778613142827
5kmN3095E4535,0.34690305018049067
5kmN3095E4540,0.359388735872571
5kmN3095E4545,0.3672268503767805
5kmN3095E4550,0.3636878606787628
5kmN3095E4555,0.36000788059429156
5kmN3095E4560,0.3308945759252875
5kmN3095E4565,0.2905516180787642
5kmN3095E4570,0.28317781303414663
5kmN3095E4575,0.27166369552749775
5kmN3095E4580,0.2823298079919712
5kmN3095E4585,0.26911597651576374
5kmN3095E4590,0.2505997792783412
5kmN3095E4595,0.24380089059658316
5kmN3095E4600,0.2646030439646275
5kmN3095E4605,0.2716423819897241
5kmN3095E4610,0.26191478897892384
5kmN3095E4615,0.27220820118166267
5kmN3095E4620,0.2710538567399901
5kmN3095E4625,0.273709303468157
5kmN3095E4645,0.1978292223858492
5kmN3095E4650,0.19697865174890428
5kmN3095E4655,0.1674241378627177
5kmN3095E4660,0.15666817431335467
5kmN3100E4030,-0.09559479906270651
5kmN3100E4035,-0.0988127286357432
5kmN3100E4040,-0.08752541710318246
5kmN3100E4045,-0.10171872142923333
5kmN3100E4050,-0.09833726997689507
5kmN3100E4055,-0.06262129591331894
5kmN3100E4060,-0.06250547860797057
5kmN3100E4065,-0.07896231473321874
5kmN3100E4070,-0.09373535142919981
5kmN3100E4075,-0.08387224494933915
5kmN3100E4080,-0.09743180477809227
5kmN3100E4085,-0.0965375083036627
5kmN3100E4090,-0.09354538058542988
5kmN3100E4095,-0.10715868979703447
5kmN3100E4100,-0.042327990687433814
5kmN3100E4105,-0.07665121697240407
5kmN3100E4110,-0.041855701787176625
5kmN3100E4115,-0.013626441958668162
5kmN3100E4120,0.03909394998988691
5kmN3100E4125,0.03547575669795819
5kmN3100E4130,0.00868612792067458
5kmN3100E4135,0.014236980774371522
5kmN3100E4140,0.022153588359115073
5kmN3100E4145,0.026603566035424853
5kmN3100E4150,0.006958654494312877
5kmN3100E4155,0.02207967549330947
5kmN3100E4160,0.061231618764258616
5kmN3100E4165,0.06534541887957532
5kmN3100E4170,0.07095527983715996
5kmN3100E4175,0.11637986725677538
5kmN3100E4180,0.12773718046681434
5kmN3100E4185,0.13968478438880924
5kmN3100E4190,0.13779261067398715
5kmN3100E4195,0.1813128782416722
5kmN3100E4200,0.17592069494925175
5kmN3100E4205,0.15204256969468286
5kmN3100E4210,0.15607920354991067
5kmN3100E4215,0.20611334290840846
5kmN3100E4220,0.2409989702819335
5kmN3100E4225,0.22397218902516125
5kmN3100E4230,0.22430102132200003
5kmN3100E4235,0.22366887509526823
5kmN3100E4240,0.2409324962128322
5kmN3100E4245,0.2331715897838006
5kmN3100E4250,0.23857908892905078
5kmN3100E4255,0.21405027109271696
5kmN3100E4260,0.14511965873104887
5kmN3100E4265,0.1238851310078562
5kmN3100E4270,0.12443157728882037
5kmN3100E4275,0.11579866509770143
5kmN3100E4280,0.12254652039208414
5kmN3100E4285,0.1193842743973409
5kmN3100E4290,0.141891412427826
5kmN3100E4295,0.18916829664855572
5kmN3100E4300,0.18341000502624172
5kmN3100E4305,0.17155453456863679
5kmN3100E4310,0.1509258069040587
5kmN3100E4315,0.14598874016786556
5kmN3100E4320,0.07978892876019816
5kmN3100E4325,0.054978069019162246
5kmN3100E4330,0.03681826331762483
5kmN3100E4335,-0.043818554468723736
5kmN3100E4340,-0.060596609638220666
5kmN3100E4345,-0.05140322802104913
5kmN3100E4350,-0.047067968131786375
5kmN3100E4355,-0.04827181870305397
5kmN3100E4360,-0.07373738462927293
5kmN3100E4365,-0.08467535879888277
5kmN3100E4370,-0.08496175729819877
5kmN3100E4375,-0.08151142947221313
5kmN3100E4380,-0.204230521214601
5kmN3100E4385,-0.26161593141407213
5kmN3100E4390,-0.24454661359994662
5kmN3100E4395,-0.2251242708730931
5kmN3100E4400,-0.27421467131284855
5kmN3100E4405,-0.18303783698960202
5kmN3100E4410,-0.15141933622571485
5kmN3100E4415,-0.17883957282666213
5kmN3100E4420,-0.18244736793588534
5kmN3100E4425,-0.17880821566586325
5kmN3100E4430,-0.15977037043650483
5kmN3100E4435,-0.11781925080183542
5kmN3100E4440,-0.08645350490759962
5kmN3100E4445,-0.0860248530003353
5kmN3100E4450,-0.07638559834162079
5kmN3100E4455,0.019381527809246624
5kmN3100E4460,0.16951303404285623
5kmN3100E4465,0.1679886809079485
5kmN3100E4470,0.17007930831671003
5kmN3100E4475,0.17274758076486285
5kmN3100E4480,0.0075129790699305365
5kmN3100E4485,-0.04248555979515567
5kmN3100E4490,-0.034297812374512016
5kmN3100E4495,0.00704013486717503
5kmN3100E4500,0.11667513512830885
5kmN3100E4505,0.1716053894725209
5kmN3100E4510,0.2712718780131539
5kmN3100E4515,0.3193805693524371
5kmN3100E4520,0.33208239608856255
5kmN3100E4525,0.3402559673920402
5kmN3100E4530,0.3535678916299264
5kmN3100E4535,0.35242259421221567
5kmN3100E4540,0.35679506802223515
5kmN3100E4545,0.35972005688953695
5kmN3100E4550,0.3729033660434784
5kmN3100E4555,0.3677263464775906
5kmN3100E4560,0.33689071942769666
5kmN3100E4565,0.27658785817875603
5kmN3100E4570,0.2836575906426707
5kmN3100E4575,0.2753199765562128
5kmN3100E4580,0.27543214816268724
5kmN3100E4585,0.20226304460864492
5kmN3100E4590,0.21495630860655435
5kmN3100E4595,0.25595805045229253
5kmN3100E4600,0.28853595739123744
5kmN3100E4605,0.2916831874373752
5kmN3100E4610,0.2825671704010245
5kmN3100E4615,0.2769794351611931
5kmN3100E4620,0.2679725231467994
5kmN3100E4625,0.2815835176232123
5kmN3100E4640,0.24091665638473053
5kmN3100E4645,0.21759489559967227
5kmN3100E4650,0.20194289628553097
5kmN3100E4655,0.19213246081740198
5kmN3100E4660,0.17833133838654902
5kmN3105E4030,-0.14323406009198542
5kmN3105E4035,-0.0960423528533948
5kmN3105E4040,-0.0894235086444643
5kmN3105E4045,-0.0978158388771807
5kmN3105E4050,-0.10807798689969172
5kmN3105E4055,-0.11710764708079546
5kmN3105E4060,-0.10973833797246907
5kmN3105E4065,-0.11461021476892114
5kmN3105E4070,-0.09702321779726242
5kmN3105E4075,-0.08494377500841441
5kmN3105E4080,-0.08599835440438613
5kmN3105E4085,-0.09562835215527843
5kmN3105E4090,-0.08491768443942915
5kmN3105E4095,-0.07659533322763024
5kmN3105E4100,-0.041763529171618574
5kmN3105E4105,-0.07242139924159298
5kmN3105E4110,-0.03732282954312649
5kmN3105E4115,0.014894473597269198
5kmN3105E4120,0.03862372991057589
5kmN3105E4125,0.05509602923512025
5kmN3105E4130,0.056900974239452506
5kmN3105E4135,0.04352876282954565
5kmN3105E4140,0.04830026218608774
5kmN3105E4145,0.05469193862949137
5kmN3105E4150,0.04545775620333492
5kmN3105E4155,0.047249149479018315
5kmN3105E4160,0.06741687507591876
5kmN3105E4165,0.056745421427252946
5kmN3105E4170,0.049628683113392635
5kmN3105E4175,0.10368285949989078
5kmN3105E4180,0.09916106634170765
5kmN3105E4185,0.09787569712169239
5kmN3105E4190,0.10134897015287755
5kmN3105E4195,0.1350561984457593
5kmN3105E4200,0.17390262343976826
5kmN3105E4205,0.1642825044873115
5kmN3105E4210,0.17264130785197718
5kmN3105E4215,0.23780363031387713
5kmN3105E4220,0.26118162602941375
5kmN3105E4225,0.23810001736044617
5kmN3105E4230,0.2367265304245496
5kmN3105E4235,0.2323957944317313
5kmN3105E4240,0.2352348475195588
5kmN3105E4245,0.24491155854473845
5kmN3105E4250,0.2494074027881127
5kmN3105E4255,0.23141926249266564
5kmN3105E4260,0.18709837782076938
5kmN3105E4265,0.1455457871054716
5kmN3105E4270,0.11054235893278941
5kmN3105E4275,0.11688314646924536
5kmN3105E4280,0.1275300861783759
5kmN3105E4285,0.12521793556413452
5kmN3105E4290,0.11883904433208159
5kmN3105E4295,0.14028087977379033
5kmN3105E4300,0.1525044352168411
5kmN3105E4305,0.14430857556245535
5kmN3105E4310,0.08514696892865103
5kmN3105E4315,0.07495144504088225
5kmN3105E4320,0.07646793077484915
5kmN3105E4325,0.07592026116618
5kmN3105E4330,-0.006693675792675324
5kmN3105E4335,-0.043632404052855955
5kmN3105E4340,-0.047925047145094046
5kmN3105E4345,-0.045155283589817685
5kmN3105E4355,-0.07715790011074641
5kmN3105E4360,-0.10183240931978677
5kmN3105E4365,-0.11630091556665767
5kmN3105E4370,-0.11154849139254708
5kmN3105E4375,-0.09234774499397769
5kmN3105E4380,-0.20018067994621663
5kmN3105E4385,-0.30015230971820656
5kmN3105E4390,-0.28824504489993913
5kmN3105E4395,-0.27380750683753236
5kmN3105E4400,-0.29289081030183123
5kmN3105E4405,-0.1971620258872842
5kmN3105E4410,-0.19529965889067247
5kmN3105E4415,-0.18209337121317803
5kmN3105E4420,-0.18450620657299827
5kmN3105E4425,-0.17165534229682855
5kmN3105E4430,-0.15228866236398664
5kmN3105E4435,-0.14520442260490096
5kmN3105E4440,0.03657809750507102
5kmN3105E4445,0.08108986797582951
5kmN3105E4450,0.08419471931700195
5kmN3105E4455,0.15083982338535484
5kmN3105E4460,0.16483219386597736
5kmN3105E4465,0.15180338768749535
5kmN3105E4470,0.169677314610016
5kmN3105E4475,0.16467570629277106
5kmN3105E4480,-0.019956644080896258
5kmN3105E4485,-0.015388680576978842
5kmN3105E4495,0.09321400692173065
5kmN3105E4500,0.1484302732955265
5kmN3105E4505,0.15692305996376504
5kmN3105E4510,0.26213959690393923
5kmN3105E4515,0.322900557647836
5kmN3105E4520,0.3334421099064459
5kmN3105E4525,0.34629245038689027
5kmN3105E4530,0.3496518819004957
5kmN3105E4535,0.35922957465142585
5kmN3105E4540,0.3580695748598375
5kmN3105E4545,0.316380702707579
5kmN3105E4550,0.2542955019865306
5kmN3105E4555,0.33937333837906075
5kmN3105E4560,0.2806845100856578
5kmN3105E4565,0.27290507308928835
5kmN3105E4570,0.2543342552307384
5kmN3105E4575,0.1728999302293976
5kmN3105E4580,0.09959927380199407
5kmN3105E4585,0.08684624967983212
5kmN3105E4590,0.09443914689559813
5kmN3105E4595,0.2429026748748871
5kmN3105E4600,0.2927102040924282
5kmN3105E4605,0.28704062583782064
5kmN3105E4610,0.29785027958444454
5kmN3105E4615,0.2863403104861912
5kmN3105E4620,0.26942025072665066
5kmN3105E4635,0.24796511135493648
5kmN3105E4640,0.2268506399945318
5kmN3105E4645,0.2213040658776224
5kmN3105E4650,0.20953510506148876
5kmN3105E4655,0.2008797287773284
5kmN3105E4660,0.19442816354811776
5kmN3110E4030,-0.0959917920047122
5kmN3110E4035,-0.09742788343985737
5kmN3110E4040,-0.09429594439783423
5kmN3110E4045,-0.11746253381818716
5kmN3110E4050,-0.12025715217058319
5kmN3110E4055,-0.11993923383466792
5kmN3110E4060,-0.14493581296652663
5kmN3110E4065,-0.1549139323089978
5kmN3110E4070,-0.1384620014979872
5kmN3110E4075,-0.06830029247014757
5kmN3110E4080,-0.08038325253252654
5kmN3110E4085,-0.08248575402060548
5kmN3110E4090,-0.08163265286398719
5kmN3110E4095,-0.11877110493560145
5kmN3110E4100,-0.06132875255698522
5kmN3110E4105,-0.012012820293886672
5kmN3110E4110,-0.009765398950573212
5kmN3110E4115,0.024254508734882718
5kmN3110E4120,0.04089084293867756
5kmN3110E4125,0.03148446347715639
5kmN3110E4130,0.0502168627366501
5kmN3110E4135,0.043205106522537506
5kmN3110E4140,0.049576423450166385
5kmN3110E4145,0.05776075178797521
5kmN3110E4150,0.07925827431600396
5kmN3110E4155,0.08529782545676684
5kmN3110E4160,0.07614041551052159
5kmN3110E4165,0.07424977426961588
5kmN3110E4170,0.04174665743659958
5kmN3110E4175,0.07301446169618908
5kmN3110E4180,0.06885759892845167
5kmN3110E4185,0.07915237161055408
5kmN3110E4190,0.09857149156184505
5kmN3110E4195,0.10723262200842701
5kmN3110E4200,0.09952452170951498
5kmN3110E4205,0.13038384654717572
5kmN3110E4210,0.17499152747894564
5kmN3110E4215,0.16286968265807059
5kmN3110E4220,0.11779644001285855
5kmN3110E4225,0.09689776797288957
5kmN3110E4230,0.2436384858382626
5kmN3110E4235,0.25249542913758893
5kmN3110E4240,0.24797992747271513
5kmN3110E4245,0.26586871485870334
5kmN3110E4250,0.25467213083409324
5kmN3110E4255,0.23179980010223356
5kmN3110E4260,0.2104660944862386
5kmN3110E4265,0.15103882964335147
5kmN3110E4270,0.14089536536251057
5kmN3110E4275,0.11379534437156286
5kmN3110E4280,0.12509051063122645
5kmN3110E4285,0.12598433379108148
5kmN3110E4290,0.13320311109026994
5kmN3110E4295,0.14268599333554677
5kmN3110E4300,0.126786362783887
5kmN3110E4305,0.10336173487808809
5kmN3110E4310,0.08303391269007399
5kmN3110E4315,0.07146625450295929
5kmN3110E4320,0.0687051188992629
5kmN3110E4325,0.07236976448362231
5kmN3110E4330,0.00827875421921731
5kmN3110E4335,-0.03529093597686017
5kmN3110E4340,-0.04104735459444475
5kmN3110E4345,-0.06873584212357153
5kmN3110E4350,-0.10401625798797642
5kmN3110E4355,-0.12035496188031636
5kmN3110E4360,-0.11904703641814018
5kmN3110E4365,-0.10716178108771401
5kmN3110E4370,-0.10816261821472328
5kmN3110E4375,-0.10299987667344102
5kmN3110E4380,-0.1846993850023867
5kmN3110E4385,-0.29233945446667564
5kmN3110E4390,-0.2881696817087025
5kmN3110E4395,-0.2915577080069436
5kmN3110E4400,-0.2821681994867076
5kmN3110E4405,-0.26887022577209907
5kmN3110E4410,-0.2680086848358237
5kmN3110E4415,-0.2584647123782888
5kmN3110E4420,-0.19309539013583787
5kmN3110E4425,0.0022877913567207475
5kmN3110E4430,-0.04236440940813513
5kmN3110E4435,0.014041533447945453
5kmN3110E4440,0.11435475678175688
5kmN3110E4445,0.12041403855943233
5kmN3110E4450,0.1413961898792202
5kmN3110E4455,0.14196811030021372
5kmN3110E4460,0.15608218100186977
5kmN3110E4465,0.15592330225854534
5kmN3110E4470,0.17107200999373684
5kmN3110E4475,0.18222867801714493
5kmN3110E4480,0.06640106135957313
5kmN3110E4485,0.09649461986817132
5kmN3110E4500,0.16160064929386275
5kmN3110E4505,0.1657561084755882
5kmN3110E4510,0.24832664658119352
5kmN3110E4515,0.2961288475693967
5kmN3110E4520,0.3160813662128005
5kmN3110E4525,0.3590668063185329
5kmN3110E4530,0.36125114256933755
5kmN3110E4535,0.35835677664259924
5kmN3110E4540,0.357324779775414
5kmN3110E4545,0.31761802908516046
5kmN3110E4550,0.11267604537839354
5kmN3110E4555,0.11024125444242938
5kmN3110E4560,0.13806647236703268
5kmN3110E4565,0.16403284735410567
5kmN3110E4570,0.11298859711611142
5kmN3110E4575,0.05734968280917907
5kmN3110E4580,0.057531895411176814
5kmN3110E4585,0.11390823660126548
5kmN3110E4590,0.1399839531719207
5kmN3110E4595,0.20022347608151292
5kmN3110E4600,0.2925536770673902
5kmN3110E4605,0.28164668982690666
5kmN3110E4610,0.29339599624198387
5kmN3110E4615,0.2764163267620446
5kmN3110E4620,0.2739638050736404
5kmN3110E4625,0.2551724716104926
5kmN3110E4630,0.24505583264094338
5kmN3110E4635,0.24061752860858387
5kmN3110E4640,0.23682237670656775
5kmN3110E4645,0.2181102013136882
5kmN3110E4650,0.21147117941855853
5kmN3110E4655,0.2087928888831455
5kmN3110E4660,0.19431598803708983
5kmN3110E4665,0.20163519988833178
5kmN3115E4040,-0.09895101299336656
5kmN3115E4045,-0.10540383366469375
5kmN3115E4050,-0.11325302243544139
5kmN3115E4055,-0.12082140061969737
5kmN3115E4060,-0.13478757979180067
5kmN3115E4065,-0.12522559767427732
5kmN3115E4070,-0.11970463037126972
5kmN3115E4075,-0.04953814814090993
5kmN3115E4080,-0.05101074246411408
5kmN3115E4085,-0.058459253162438995
5kmN3115E4090,-0.07464838255413248
5kmN3115E4095,-0.11813581943943102
5kmN3115E4110,0.025817467720466558
5kmN3115E4115,0.048678573688633375
5kmN3115E4120,0.04780668303162361
5kmN3115E4125,0.03503142764344325
5kmN3115E4130,0.026443004137087556
5kmN3115E4135,0.019255754378446177
5kmN3115E4140,0.04624643323518607
5kmN3115E4145,0.062474942215439866
5kmN3115E4150,0.07749586171386982
5kmN3115E4155,0.08304112163238384
5kmN3115E4160,0.0948224214776607
5kmN3115E4165,0.08124320336746163
5kmN3115E4170,0.0998688780412513
5kmN3115E4175,0.09972377931326493
5kmN3115E4180,0.09346179134370658
5kmN3115E4185,0.0945031032681991
5kmN3115E4190,0.10447379910223581
5kmN3115E4195,0.08883118024465991
5kmN3115E4200,0.08515076672981836
5kmN3115E4205,0.09470119608957511
5kmN3115E4210,0.12161779964564859
5kmN3115E4215,0.10767400687632944
5kmN3115E4220,0.09615649568446888
5kmN3115E4225,0.0721731087111458
5kmN3115E4230,0.1741572500071883
5kmN3115E4235,0.2621157697825477
5kmN3115E4240,0.2627606233084314
5kmN3115E4245,0.25814900678141295
5kmN3115E4250,0.24248489274999668
5kmN3115E4255,0.23125515537797253
5kmN3115E4260,0.2294638750881013
5kmN3115E4265,0.1662137561093065
5kmN3115E4270,0.15617076645292616
5kmN3115E4275,0.13782513931251933
5kmN3115E4280,0.12307859695593504
5kmN3115E4285,0.12611358972678194
5kmN3115E4290,0.15295409691781492
5kmN3115E4295,0.1515388674145463
5kmN3115E4300,0.1305325320459857
5kmN3115E4305,0.11362291445919659
5kmN3115E4310,0.09010993352017815
5kmN3115E4315,0.06969094940054033
5kmN3115E4320,0.05530660405317955
5kmN3115E4325,0.04672908893650163
5kmN3115E4330,0.053748003034782554
5kmN3115E4335,-0.05215310797383299
5kmN3115E4340,-0.0800639211893206
5kmN3115E4345,-0.09254448588849429
5kmN3115E4350,-0.11829786160265243
5kmN3115E4355,-0.1277826669337423
5kmN3115E4360,-0.11816235013261189
5kmN3115E4365,-0.10984437741484432
5kmN3115E4370,-0.09533445943709029
5kmN3115E4375,-0.10115673360835287
5kmN3115E4380,-0.11457762075441269
5kmN3115E4385,-0.2939234890507006
5kmN3115E4390,-0.2919127776268515
5kmN3115E4395,-0.2802230719335803
5kmN3115E4400,-0.29499473953236066
5kmN3115E4405,-0.29560835043275946
5kmN3115E4410,-0.28509006978811824
5kmN3115E4415,-0.2763536715384989
5kmN3115E4420,-0.17941936065347586
5kmN3115E4425,0.09213491077858893
5kmN3115E4430,0.09515114114438028
5kmN3115E4435,0.09904087200687106
5kmN3115E4440,0.11446158196691603
5kmN3115E4445,0.12081354971827185
5kmN3115E4450,0.14894731274646578
5kmN3115E4455,0.133963907736254
5kmN3115E4460,0.1498666301759044
5kmN3115E4465,0.16207901121539703
5kmN3115E4470,0.15984657976525551
5kmN3115E4475,0.14359218471032742
5kmN3115E4480,0.1424463674208536
5kmN3115E4500,0.1738765263668276
5kmN3115E4505,0.17829863139767121
5kmN3115E4510,0.1864266231341244
5kmN3115E4515,0.202047444392928
5kmN3115E4520,0.2864358408349106
5kmN3115E4525,0.3687508437501046
5kmN3115E4530,0.36683411659387816
5kmN3115E4535,0.35920574979149883
5kmN3115E4540,0.3617976912133678
5kmN3115E4545,0.28149629517148755
5kmN3115E4550,0.11423221394230731
5kmN3115E4555,0.11535917126306044
5kmN3115E4560,0.11962571387596421
5kmN3115E4565,0.1228028452606128
5kmN3115E4570,0.10007417342745151
5kmN3115E4575,0.120772902518402
5kmN3115E4580,0.07996136480790203
5kmN3115E4585,0.10259450606157727
5kmN3115E4590,0.1622932950553988
5kmN3115E4595,0.2893099667704875
5kmN3115E4600,0.2875389434514618
5kmN3115E4605,0.275124806574385
5kmN3115E4610,0.26508993509233675
5kmN3115E4615,0.25943943748265486
5kmN3115E4620,0.2576934689752255
5kmN3115E4625,0.2608730207731963
5kmN3115E4630,0.24520146006664462
5kmN3115E4635,0.24980527515956313
5kmN3115E4640,0.24373987924499074
5kmN3115E4645,0.22763798241189004
5kmN3115E4650,0.2160898431222592
5kmN3115E4655,0.21627087783750487
5kmN3115E4660,0.20994014826766816
5kmN3115E4665,0.1842378105475988
5kmN3120E4045,-0.10992120876739925
5kmN3120E4050,-0.10849380505535777
5kmN3120E4055,-0.1132453952532167
5kmN3120E4060,-0.12315874564649926
5kmN3120E4065,-0.12979611994454066
5kmN3120E4070,-0.13322140045275516
5kmN3120E4075,-0.083753240772627
5kmN3120E4080,-0.03953999530953317
5kmN3120E4085,-0.057062594536119005
5kmN3120E4105,0.0023888722532243722
5kmN3120E4110,0.023935081071661257
5kmN3120E4115,0.04387068616557405
5kmN3120E4120,-0.056964009513471914
5kmN3120E4125,-0.03425578614956293
5kmN3120E4130,-0.0025626480553899156
5kmN3120E4135,0.03281523691217325
5kmN3120E4140,0.05846959715095987
5kmN3120E4145,0.06504619522421645
5kmN3120E4150,0.0789263444095859
5kmN3120E4155,0.045552290261644424
5kmN3120E4160,0.07403523180400401
5kmN3120E4165,0.07955785996917009
5kmN3120E4170,0.073114519610746
5kmN3120E4175,0.08538898936572922
5kmN3120E4180,0.10326904192347108
5kmN3120E4185,0.12654328650539948
5kmN3120E4190,0.11628576265050394
5kmN3120E4195,0.09673621258492276
5kmN3120E4200,0.09669782269218713
5kmN3120E4205,0.10368369790841053
5kmN3120E4210,0.11469938291365284
5kmN3120E4215,0.10437699927657862
5kmN3120E4220,0.10082981987034212
5kmN3120E4225,0.08449158628851589
5kmN3120E4230,0.1349129391084803
5kmN3120E4235,0.2696828980721036
5kmN3120E4240,0.2628247673612878
5kmN3120E4245,0.26579737230058964
5kmN3120E4250,0.2433343660301598
5kmN3120E4255,0.24961199550896107
5kmN3120E4260,0.23581840303577897
5kmN3120E4265,0.21218537833602846
5kmN3120E4270,0.16068238527606582
5kmN3120E4275,0.13797719920280915
5kmN3120E4280,0.1260794366945187
5kmN3120E4285,0.1284351051513934
5kmN3120E4290,0.18790556382667295
5kmN3120E4295,0.15843642762431975
5kmN3120E4300,0.1280836156302979
5kmN3120E4305,0.12053754823451751
5kmN3120E4310,0.10914406082671024
5kmN3120E4315,0.06735728215692138
5kmN3120E4320,0.05317122219141357
5kmN3120E4325,0.004503024639645359
5kmN3120E4330,-0.05291189192169188
5kmN3120E4335,-0.08339934491785783
5kmN3120E4340,-0.08547860145130237
5kmN3120E4345,-0.10193092013192384
5kmN3120E4350,-0.12904258269060298
5kmN3120E4355,-0.1320167274271281
5kmN3120E4360,-0.12291375553375428
5kmN3120E4365,-0.10275465794013683
5kmN3120E4370,-0.009683353379639104
5kmN3120E4375,-0.030835566398700887
5kmN3120E4380,-0.01595757081674143
5kmN3120E4385,-0.07780016264872269
5kmN3120E4390,-0.2753523487025296
5kmN3120E4395,-0.29581239096075007
5kmN3120E4400,-0.30083717198239635
5kmN3120E4405,-0.2968457528426397
5kmN3120E4410,-0.27063934421614466
5kmN3120E4415,-0.1680456304678381
5kmN3120E4420,-0.014791870729369494
5kmN3120E4425,0.10787437441164383
5kmN3120E4430,0.10779178969297942
5kmN3120E4435,0.10616206493439373
5kmN3120E4440,0.11166508901578387
5kmN3120E4445,0.11834118296365059
5kmN3120E4450,0.14673686888067605
5kmN3120E4455,0.14456739196330926
5kmN3120E4460,0.14536539670299176
5kmN3120E4465,0.16310351358558683
5kmN3120E4470,0.16176727677635694
5kmN3120E4475,0.12580031759203314
5kmN3120E4480,0.13712832084656446
5kmN3120E4500,0.17592950368942173
5kmN3120E4505,0.19175150457134266
5kmN3120E4510,0.19202720103032744
5kmN3120E4515,0.2108811254458367
5kmN3120E4520,0.31037583360277476
5kmN3120E4525,0.3680814459249617
5kmN3120E4530,0.37912744569561846
5kmN3120E4535,0.37208964268253675
5kmN3120E4540,0.37308562825108615
5kmN3120E4545,0.2214618685447695
5kmN3120E4550,0.12208487986189925
5kmN3120E4555,0.12430040586262603
5kmN3120E4560,0.1328855950625924
5kmN3120E4565,0.1326448937926103
5kmN3120E4570,0.13853746078813678
5kmN3120E4575,0.1685557897978116
5kmN3120E4580,0.13936929409203452
5kmN3120E4585,0.16947812754282654
5kmN3120E4590,0.2381754888841504
5kmN3120E4595,0.29218024897475736
5kmN3120E4600,0.28710586320932074
5kmN3120E4605,0.28070869124781933
5kmN3120E4610,0.2628189826250231
5kmN3120E4615,0.2461266585998012
5kmN3120E4620,0.24175968435187717
5kmN3120E4625,0.23728356061404499
5kmN3120E4630,0.2366644020278742
5kmN3120E4635,0.24162408552351644
5kmN3120E4640,0.2363825118485971
5kmN3120E4645,0.22076711841976449
5kmN3120E4650,0.21481980104193577
5kmN3120E4655,0.2202355869383621
5kmN3120E4660,0.2243080563919413
5kmN3120E4665,0.19497646326881868
5kmN3125E4045,-0.12594052976653775
5kmN3125E4050,-0.13722865050208263
5kmN3125E4055,-0.14296163445912083
5kmN3125E4060,-0.15289537870198228
5kmN3125E4065,-0.11215112690468831
5kmN3125E4070,-0.12568331553253692
5kmN3125E4075,-0.0566315635431624
5kmN3125E4080,-0.06361342129897729
5kmN3125E4085,-0.05925189105649445
5kmN3125E4105,0.013152291978717201
5kmN3125E4110,0.009098943179531305
5kmN3125E4115,-0.061028983260969394
5kmN3125E4120,-0.08837550644746156
5kmN3125E4125,-0.0770900444200065
5kmN3125E4130,-0.02590157723342451
5kmN3125E4135,0.05113956793747343
5kmN3125E4140,0.08070730862496261
5kmN3125E4145,0.06846949179443684
5kmN3125E4150,0.07002990495461375
5kmN3125E4155,0.05745119077010938
5kmN3125E4160,0.05245339896992951
5kmN3125E4165,0.054315641289222144
5kmN3125E4170,0.0608260906126768
5kmN3125E4175,0.10996007010632963
5kmN3125E4180,0.11896324387122575
5kmN3125E4185,0.12669140069416132
5kmN3125E4190,0.1164028047118523
5kmN3125E4195,0.10889602753607486
5kmN3125E4200,0.11659132881868428
5kmN3125E4205,0.11433383204639666
5kmN3125E4210,0.10605191010049347
5kmN3125E4215,0.11169325167894473
5kmN3125E4220,0.18953908764614602
5kmN3125E4225,0.14522454529438167
5kmN3125E4230,0.19204388718173693
5kmN3125E4235,0.2710892538857922
5kmN3125E4240,0.2784308943442145
5kmN3125E4245,0.27490767450274345
5kmN3125E4250,0.26354561669841237
5kmN3125E4255,0.2543467867678444
5kmN3125E4260,0.23763945894142918
5kmN3125E4265,0.22663985692285094
5kmN3125E4270,0.20800078877640188
5kmN3125E4275,0.1800449588341118
5kmN3125E4280,0.08463446620014092
5kmN3125E4285,0.09601488695358257
5kmN3125E4290,0.1546084398705176
5kmN3125E4295,0.17344510217797915
5kmN3125E4300,0.16300669526484435
5kmN3125E4305,0.14007489092931513
5kmN3125E4310,0.11065547393905484
5kmN3125E4315,0.08244992412590446
5kmN3125E4320,0.07371605765679978
5kmN3125E4325,-0.09810527579611616
5kmN3125E4330,-0.12242921206722424
5kmN3125E4335,-0.11926298856118456
5kmN3125E4340,-0.10449783667238044
5kmN3125E4345,-0.10075291549638143
5kmN3125E4350,-0.1139342388954867
5kmN3125E4355,-0.11237535944366728
5kmN3125E4360,-0.11328300252898882
5kmN3125E4365,-0.06550038925266155
5kmN3125E4370,0.09502016082213416
5kmN3125E4375,0.1112044306586859
5kmN3125E4380,0.11242829636345397
5kmN3125E4385,0.10640403605789672
5kmN3125E4390,-0.19955513836386762
5kmN3125E4395,-0.28431196505746636
5kmN3125E4400,-0.11768241447667904
5kmN3125E4405,-0.0476721046201215
5kmN3125E4410,-0.1010384396378976
5kmN3125E4415,0.01273748626987059
5kmN3125E4420,0.10289835265306657
5kmN3125E4425,0.10457499850701057
5kmN3125E4430,0.10195957106753362
5kmN3125E4435,0.11610435920429618
5kmN3125E4440,0.10921871074990996
5kmN3125E4445,0.06942842350245426
5kmN3125E4450,0.054288105555077903
5kmN3125E4455,0.11916233438584556
5kmN3125E4460,0.15362454691363414
5kmN3125E4465,0.157314169921823
5kmN3125E4470,0.17124528415758244
5kmN3125E4480,0.09051191047271101
5kmN3125E4500,0.17532408953596695
5kmN3125E4505,0.1867738926092839
5kmN3125E4510,0.19494550528906573
5kmN3125E4515,0.21426967789915402
5kmN3125E4520,0.24606106738107913
5kmN3125E4525,0.28665066681285356
5kmN3125E4530,0.2379060478201539
5kmN3125E4535,0.27628705948572274
5kmN3125E4540,0.32277197605565333
5kmN3125E4545,0.12135535286840737
5kmN3125E4550,0.12249016334761009
5kmN3125E4555,0.133689059885359
5kmN3125E4560,0.1450828429327758
5kmN3125E4565,0.14472211312621924
5kmN3125E4570,0.16523413424771172
5kmN3125E4575,0.1687213789545245
5kmN3125E4580,0.16551504605870232
5kmN3125E4585,0.2615499664656181
5kmN3125E4590,0.29151940602532556
5kmN3125E4595,0.28670111341755455
5kmN3125E4600,0.2948536417991606
5kmN3125E4605,0.28620103195571345
5kmN3125E4610,0.2640297086557945
5kmN3125E4615,0.24730175467713283
5kmN3125E4620,0.23654721235259746
5kmN3125E4625,0.22617715986042936
5kmN3125E4630,0.2147143521732296
5kmN3125E4635,0.21752477687276006
5kmN3125E4640,0.21876654550524133
5kmN3125E4645,0.22335242554953377
5kmN3125E4650,0.21505641513905616
5kmN3125E4655,0.2221961810568185
5kmN3125E4660,0.2274278510470078
5kmN3125E4665,0.20420757465309347
5kmN3125E4670,0.18598519270111113
5kmN3130E4045,-0.11790127682251289
5kmN3130E4050,-0.14630136093232082
5kmN3130E4055,-0.14350969374793365
5kmN3130E4060,-0.16241918254641807
5kmN3130E4065,-0.16686831054497592
5kmN3130E4070,-0.14450527989330175
5kmN3130E4075,-0.16686968985895212
5kmN3130E4080,-0.12770265637723205
5kmN3130E4085,-0.05007035661687309
5kmN3130E4110,0.013851179210323694
5kmN3130E4115,-0.06730690798002115
5kmN3130E4120,-0.09347409977409094
5kmN3130E4125,-0.0764874853390812
5kmN3130E4130,0.015240942793927958
5kmN3130E4135,0.07369243656330535
5kmN3130E4140,0.09648806366949342
5kmN3130E4145,0.07183136360090941
5kmN3130E4150,0.07000128148844043
5kmN3130E4155,0.06171810039960099
5kmN3130E4160,0.05015653543461207
5kmN3130E4165,0.05756968698285703
5kmN3130E4170,0.0734144211314805
5kmN3130E4175,0.10624703225828708
5kmN3130E4180,0.10766954196511144
5kmN3130E4185,0.12197986067554101
5kmN3130E4190,0.1198722078319957
5kmN3130E4195,0.11021072594242429
5kmN3130E4200,0.11278493871746864
5kmN3130E4205,0.11480768343226114
5kmN3130E4210,0.11244981202790838
5kmN3130E4215,0.12289625580041541
5kmN3130E4220,0.23635820917719405
5kmN3130E4225,0.30571055559003124
5kmN3130E4230,0.2908119670123731
5kmN3130E4235,0.27812408830994584
5kmN3130E4240,0.2714997344387635
5kmN3130E4245,0.2624281115533933
5kmN3130E4250,0.25947790718142094
5kmN3130E4255,0.2623886081609024
5kmN3130E4260,0.22978925128530456
5kmN3130E4265,0.22712280178115346
5kmN3130E4270,0.2358140008549892
5kmN3130E4275,0.11665612801964614
5kmN3130E4280,-0.006284198277674513
5kmN3130E4285,-0.016751725127623518
5kmN3130E4290,0.12103379810897252
5kmN3130E4295,0.08310894505473221
5kmN3130E4305,0.11983406714699701
5kmN3130E4310,0.09511091616227141
5kmN3130E4315,0.01895098947207907
5kmN3130E4320,-0.10442857900993557
5kmN3130E4325,-0.10508757671498314
5kmN3130E4330,-0.11654804474284997
5kmN3130E4335,-0.11693104352159467
5kmN3130E4340,-0.12864688260913654
5kmN3130E4345,-0.10853563205529637
5kmN3130E4350,-0.08898505946174662
5kmN3130E4355,-0.03421080412676347
5kmN3130E4360,-0.06405296493826684
5kmN3130E4365,0.07447188840743935
5kmN3130E4370,0.09767362578203231
5kmN3130E4375,0.11345595569214284
5kmN3130E4380,0.13855014458567505
5kmN3130E4385,0.12675564173070386
5kmN3130E4390,0.07379408135761256
5kmN3130E4395,-0.15807234382359903
5kmN3130E4400,0.08621981456430439
5kmN3130E4405,0.12329898045155052
5kmN3130E4410,0.10110332720940851
5kmN3130E4415,0.15531166806573637
5kmN3130E4420,0.10793673457385744
5kmN3130E4425,0.011021733449341431
5kmN3130E4430,0.09075542142236037
5kmN3130E4435,0.022798429322944957
5kmN3130E4440,0.01566141663087106
5kmN3130E4445,-0.014063334595665555
5kmN3130E4450,-0.006906528253067812
5kmN3130E4455,0.0272715109881303
5kmN3130E4460,0.07941622816009386
5kmN3130E4465,0.05969020504998268
5kmN3130E4500,0.1616640519524889
5kmN3130E4505,0.1921757809247746
5kmN3130E4510,0.19687140785969226
5kmN3130E4515,0.21705863423985006
5kmN3130E4520,0.22710195246615988
5kmN3130E4525,0.2100050976991591
5kmN3130E4530,0.19845584715969827
5kmN3130E4535,0.19265061386402793
5kmN3130E4540,0.17247611369771776
5kmN3130E4545,0.13658989407602395
5kmN3130E4550,0.12533372973082046
5kmN3130E4555,0.13518725485211225
5kmN3130E4560,0.14467515015753585
5kmN3130E4565,0.15041974379481243
5kmN3130E4570,0.16018285337648636
5kmN3130E4575,0.1659704426925629
5kmN3130E4580,0.1539585004351383
5kmN3130E4585,0.25551527975803423
5kmN3130E4590,0.31113458702694796
5kmN3130E4595,0.30579605802430887
5kmN3130E4600,0.30320963222438
5kmN3130E4605,0.28738109569781733
5kmN3130E4610,0.26093035319423374
5kmN3130E4615,0.25052019254653757
5kmN3130E4620,0.242708825685799
5kmN3130E4625,0.23249693233225366
5kmN3130E4630,0.23341049958827187
5kmN3130E4635,0.22503995355616035
5kmN3130E4640,0.23259944164844226
5kmN3130E4645,0.2362850165911603
5kmN3130E4650,0.23609971266318014
5kmN3130E4655,0.2302845942339441
5kmN3130E4660,0.22453876562820907
5kmN3130E4665,0.21553536691848674
5kmN3130E4670,0.21529626428505055
5kmN3135E4050,-0.1410955824598228
5kmN3135E4055,-0.14078486792891037
5kmN3135E4060,-0.13649875508560527
5kmN3135E4065,-0.12147752365205611
5kmN3135E4070,-0.12561474732440286
5kmN3135E4075,-0.10879317743485054
5kmN3135E4080,-0.08357895166727042
5kmN3135E4085,-0.04564397963923347
5kmN3135E4100,-0.0077533526763517435
5kmN3135E4105,0.027523744281085283
5kmN3135E4110,0.027906099335767542
5kmN3135E4115,0.039164630934563016
5kmN3135E4120,0.008694955769585122
5kmN3135E4125,0.006419850702627794
5kmN3135E4130,0.05029860038077788
5kmN3135E4135,0.04814202587528027
5kmN3135E4140,0.04665195387005988
5kmN3135E4145,0.04474659831138916
5kmN3135E4150,0.04757166341416608
5kmN3135E4155,0.051850606099297925
5kmN3135E4160,0.06531238351557242
5kmN3135E4165,0.07351539478687727
5kmN3135E4170,0.06783172176370392
5kmN3135E4175,0.06665375323419959
5kmN3135E4180,0.09752495314546594
5kmN3135E4185,0.10940400171090073
5kmN3135E4190,0.09994657325821771
5kmN3135E4195,0.09469066242748925
5kmN3135E4200,0.09815449574386148
5kmN3135E4205,0.10007955054108625
5kmN3135E4210,0.10829953937371045
5kmN3135E4215,0.11764144135121399
5kmN3135E4220,0.1230291454734028
5kmN3135E4225,0.2451659228167336
5kmN3135E4230,0.2760227236023852
5kmN3135E4235,0.2713033657560002
5kmN3135E4240,0.27143579553604247
5kmN3135E4245,0.26753903599603557
5kmN3135E4250,0.256604275367576
5kmN3135E4255,0.24866933430046756
5kmN3135E4260,0.21797383278682148
5kmN3135E4265,0.21911386018993786
5kmN3135E4270,0.22639870329074488
5kmN3135E4275,0.16546787944474411
5kmN3135E4280,0.06398010313892205
5kmN3135E4285,0.06161283967161779
5kmN3135E4290,-0.04123989829736918
5kmN3135E4295,-0.06114743144249879
5kmN3135E4300,0.062467507943925804
5kmN3135E4305,0.09827614272597462
5kmN3135E4310,0.08860355624595095
5kmN3135E4315,-0.06784275045967125
5kmN3135E4320,-0.1139594970885135
5kmN3135E4325,-0.12281362861268552
5kmN3135E4330,-0.12043634139069992
5kmN3135E4335,-0.11130602367505582
5kmN3135E4340,-0.1270688046072166
5kmN3135E4345,-0.1284275600489022
5kmN3135E4350,-0.1225050951897747
5kmN3135E4355,0.06156876904427855
5kmN3135E4360,0.10541763956230621
5kmN3135E4365,0.10652040298461518
5kmN3135E4370,0.11811086680417193
5kmN3135E4375,0.12926994215458554
5kmN3135E4380,0.13561173453723985
5kmN3135E4385,0.12921871695054266
5kmN3135E4390,0.13101535680123166
5kmN3135E4395,0.12352606596061333
5kmN3135E4400,0.12508183156879216
5kmN3135E4405,0.13204699182464918
5kmN3135E4410,0.13758928969416195
5kmN3135E4415,0.13019391833413418
5kmN3135E4420,0.00031901949450441336
5kmN3135E4425,-0.0019611580566736286
5kmN3135E4430,-0.008360792723974275
5kmN3135E4435,-0.008708849175238287
5kmN3135E4440,0.0005852090333320348
5kmN3135E4445,-0.008500544596956483
5kmN3135E4450,-0.006999293196132239
5kmN3135E4455,0.030338415303867827
5kmN3135E4460,0.0613600678455577
5kmN3135E4465,0.060860533184889376
5kmN3135E4500,0.1743082452302932
5kmN3135E4505,0.18601124297542243
5kmN3135E4510,0.2168018269822059
5kmN3135E4515,0.22396562648283724
5kmN3135E4520,0.21332124815894182
5kmN3135E4525,0.21405201950374408
5kmN3135E4530,0.2167398599496151
5kmN3135E4535,0.19191291193925575
5kmN3135E4540,0.19317865028139214
5kmN3135E4545,0.13224644933279972
5kmN3135E4550,0.14104546815850755
5kmN3135E4555,0.13181662327806598
5kmN3135E4560,0.15896853993778748
5kmN3135E4565,0.1541500459473688
5kmN3135E4570,0.1745606778755308
5kmN3135E4575,0.15734936451900194
5kmN3135E4580,0.1702751945893362
5kmN3135E4585,0.263205227252226
5kmN3135E4590,0.3021483243973794
5kmN3135E4595,0.29976399163720663
5kmN3135E4600,0.3022679410677288
5kmN3135E4605,0.2782583948969115
5kmN3135E4610,0.2747737196443497
5kmN3135E4615,0.27268620238393626
5kmN3135E4620,0.2473465134799332
5kmN3135E4625,0.25011298121674685
5kmN3135E4630,0.23822169629252848
5kmN3135E4635,0.23289812671674714
5kmN3135E4640,0.23711190403427695
5kmN3135E4645,0.24568925240632788
5kmN3135E4650,0.23007469186708995
5kmN3135E4655,0.2384401880311352
5kmN3135E4660,0.22441166611392038
5kmN3135E4665,0.21749946876601456
5kmN3135E4670,0.2156731310313138
5kmN3140E4050,-0.15922144260261478
5kmN3140E4055,-0.135816160438542
5kmN3140E4060,-0.12407850906975632
5kmN3140E4065,-0.1158645302085462
5kmN3140E4070,-0.12938526799111355
5kmN3140E4075,-0.08506990971909448
5kmN3140E4080,-0.011038731972498717
5kmN3140E4085,-0.11974275603101436
5kmN3140E4100,0.017647956805293435
5kmN3140E4120,0.059248531137149396
5kmN3140E4125,0.050324070382068264
5kmN3140E4130,0.06155632052451021
5kmN3140E4135,0.05241687578286719
5kmN3140E4140,-0.012961383147425065
5kmN3140E4145,0.00713912929292565
5kmN3140E4150,0.005328615935167869
5kmN3140E4155,0.025106952003862038
5kmN3140E4160,0.031352038437197194
5kmN3140E4165,0.04873625020937461
5kmN3140E4170,0.05980252135884298
5kmN3140E4175,0.10141388031924886
5kmN3140E4180,0.09537933527031833
5kmN3140E4185,0.07753083186079945
5kmN3140E4190,0.10441901818271865
5kmN3140E4195,0.09691446069333676
5kmN3140E4200,0.09824337014161708
5kmN3140E4205,0.10495349186524938
5kmN3140E4210,0.10528465606807519
5kmN3140E4215,0.12372204540674742
5kmN3140E4220,0.10542125480889081
5kmN3140E4225,0.11196411805399181
5kmN3140E4230,0.13670349006472032
5kmN3140E4235,0.17896148179962157
5kmN3140E4240,0.16813284215568075
5kmN3140E4245,0.22558722745219761
5kmN3140E4250,0.2539070153585392
5kmN3140E4255,0.2393012629083241
5kmN3140E4260,0.21957220963563645
5kmN3140E4265,0.21944143801778196
5kmN3140E4270,0.21420754247125673
5kmN3140E4275,0.19081519939934938
5kmN3140E4280,0.1775542951650621
5kmN3140E4285,0.15966422632557792
5kmN3140E4290,0.021064766314448147
5kmN3140E4295,-0.07643801465765981
5kmN3140E4300,-0.061378505569722464
5kmN3140E4305,0.028721718274640984
5kmN3140E4310,0.030157096521414073
5kmN3140E4315,-0.08947543901752253
5kmN3140E4320,-0.11959978574714425
5kmN3140E4325,-0.12884950523635186
5kmN3140E4330,-0.12194424266795212
5kmN3140E4335,-0.12298283964386758
5kmN3140E4340,-0.1367825055627122
5kmN3140E4345,-0.136920466260132
5kmN3140E4350,-0.13638774360880024
5kmN3140E4355,-0.013973439851526881
5kmN3140E4360,0.04075764799867243
5kmN3140E4365,0.05117751680833016
5kmN3140E4370,0.05678115147756646
5kmN3140E4375,0.10662070623179698
5kmN3140E4380,0.1140076331087777
5kmN3140E4385,0.11216489712603861
5kmN3140E4390,0.1242757391006184
5kmN3140E4395,0.14385810794593112
5kmN3140E4400,0.09787437375371799
5kmN3140E4405,0.09375161382843988
5kmN3140E4410,0.10408018351662884
5kmN3140E4415,0.01632985747707638
5kmN3140E4420,-0.030094121621106362
5kmN3140E4425,-0.00757058264671151
5kmN3140E4430,-0.01232940359556578
5kmN3140E4435,-0.005230751333843542
5kmN3140E4440,0.0026442629651549643
5kmN3140E4445,0.007087231944224892
5kmN3140E4450,0.010873275765881374
5kmN3140E4455,0.01301826791464622
5kmN3140E4460,0.052933376022748835
5kmN3140E4465,0.04456180132565968
5kmN3140E4500,0.17233637506425536
5kmN3140E4505,0.20608747801926308
5kmN3140E4510,0.21973900068315844
5kmN3140E4515,0.2319568848227226
5kmN3140E4520,0.24122369549801853
5kmN3140E4525,0.19431009305755292
5kmN3140E4530,0.2152547714418171
5kmN3140E4535,0.2056364452213585
5kmN3140E4540,0.19470911471076668
5kmN3140E4545,0.15125319293305778
5kmN3140E4550,0.1362009039874289
5kmN3140E4555,0.15957702065724405
5kmN3140E4560,0.16511770429133205
5kmN3140E4565,0.16525691144940113
5kmN3140E4570,0.1805194553435015
5kmN3140E4575,0.1740241943124461
5kmN3140E4580,0.17606506678148348
5kmN3140E4585,0.21274812475431415
5kmN3140E4595,0.29813278859732606
5kmN3140E4600,0.29442589554477233
5kmN3140E4605,0.2827140293284142
5kmN3140E4610,0.27234772634539584
5kmN3140E4615,0.26261525175081046
5kmN3140E4620,0.24986608644764896
5kmN3140E4625,0.2595506870919819
5kmN3140E4630,0.2527604852081805
5kmN3140E4635,0.23286355014404803
5kmN3140E4640,0.23565510223399272
5kmN3140E4645,0.2487754568478352
5kmN3140E4650,0.23073368025961938
5kmN3140E4655,0.23627784354166065
5kmN3140E4660,0.2254863237251964
5kmN3140E4665,0.24083514338008433
5kmN3140E4670,0.23543232751297272
5kmN3145E4055,-0.10748551388104535
5kmN3145E4060,-0.04294723908135986
5kmN3145E4065,-0.07383559206107185
5kmN3145E4070,-0.13729055171941182
5kmN3145E4075,-0.047977033762554855
5kmN3145E4080,-0.049014867894150826
5kmN3145E4085,-0.11398478331817091
5kmN3145E4090,-0.1651047492101686
5kmN3145E4095,-0.14437413713462677
5kmN3145E4100,0.061383117685760547
5kmN3145E4125,0.008678285689654008
5kmN3145E4130,0.04511669690172171
5kmN3145E4135,0.06453583579915739
5kmN3145E4140,0.03863024741973342
5kmN3145E4145,-0.05526347880754234
5kmN3145E4150,-0.12067787596771451
5kmN3145E4155,0.0013784255164691062
5kmN3145E4160,0.029236969526311163
5kmN3145E4165,0.0156714569201849
5kmN3145E4170,0.053167381806434266
5kmN3145E4175,0.08149153416707872
5kmN3145E4180,0.06975889694335102
5kmN3145E4185,0.07554930208029226
5kmN3145E4190,0.07678994581682141
5kmN3145E4195,0.06054220525786205
5kmN3145E4200,0.056335143544964855
5kmN3145E4205,0.04622485691260236
5kmN3145E4210,0.07564881211279176
5kmN3145E4215,0.11654059344563397
5kmN3145E4220,0.10268046475648135
5kmN3145E4225,0.09636700322429476
5kmN3145E4230,0.10119700713911539
5kmN3145E4235,0.0804393187301829
5kmN3145E4240,0.07986249118265698
5kmN3145E4245,0.20315123110892197
5kmN3145E4250,0.256099738994253
5kmN3145E4255,0.20066616431220163
5kmN3145E4260,0.17132108688266023
5kmN3145E4265,0.19897026697453862
5kmN3145E4270,0.19261527981407728
5kmN3145E4275,0.17856639942642744
5kmN3145E4280,0.16773452751096268
5kmN3145E4285,0.17013271177278994
5kmN3145E4295,-0.053652215936519976
5kmN3145E4300,-0.08821772897300367
5kmN3145E4305,-0.09993249186906189
5kmN3145E4310,-0.12049103565044122
5kmN3145E4315,-0.1298799163122753
5kmN3145E4320,-0.11643455173550593
5kmN3145E4325,-0.11441056588682463
5kmN3145E4330,-0.12349302807316787
5kmN3145E4335,-0.1316574341697201
5kmN3145E4340,-0.12477249229283305
5kmN3145E4345,-0.12152016169175628
5kmN3145E4350,-0.11623245451700209
5kmN3145E4355,-0.02403782050201353
5kmN3145E4360,-0.007301957174546514
5kmN3145E4365,-0.015722446415695313
5kmN3145E4370,-0.020042986795240858
5kmN3145E4375,-0.009485255911266366
5kmN3145E4380,-0.008445879731135086
5kmN3145E4385,-0.008831881510700579
5kmN3145E4390,-0.05237813367375321
5kmN3145E4395,-0.04647665649323807
5kmN3145E4400,-0.08009544055035633
5kmN3145E4405,-0.05575000294897203
5kmN3145E4410,-0.06117992118163107
5kmN3145E4415,-0.06310048718115657
5kmN3145E4420,-0.04672230259901544
5kmN3145E4425,-0.024554535992777904
5kmN3145E4430,-0.01352510117190564
5kmN3145E4435,-0.008775917572539371
5kmN3145E4440,-0.009248647139635469
5kmN3145E4445,0.0019237814195853797
5kmN3145E4450,0.027116027165774437
5kmN3145E4465,0.05648977274946676
5kmN3145E4500,0.1470446020437971
5kmN3145E4505,0.20745303808169574
5kmN3145E4510,0.2157816551449835
5kmN3145E4515,0.24410890532060714
5kmN3145E4520,0.24314169487796888
5kmN3145E4525,0.20581692005644814
5kmN3145E4530,0.20770428104925076
5kmN3145E4535,0.21017615821094926
5kmN3145E4540,0.21312719390309837
5kmN3145E4545,0.29992051548282717
5kmN3145E4550,0.15688648736040395
5kmN3145E4555,0.17258644583389915
5kmN3145E4560,0.17684286423316015
5kmN3145E4565,0.33787390522568256
5kmN3145E4570,0.4429142539916052
5kmN3145E4575,0.3761092981968953
5kmN3145E4580,0.2566635458489427
5kmN3145E4585,0.2525014984368871
5kmN3145E4590,0.2858788977662564
5kmN3145E4595,0.29277370107928224
5kmN3145E4600,0.2969747373936561
5kmN3145E4605,0.2848132891557541
5kmN3145E4610,0.2834111242202233
5kmN3145E4615,0.2727912256680563
5kmN3145E4620,0.24742318480729553
5kmN3145E4625,0.2519350065815602
5kmN3145E4630,0.2524626745378099
5kmN3145E4635,0.218879325049544
5kmN3145E4640,0.2414684857063928
5kmN3145E4645,0.23079337899643315
5kmN3145E4650,0.2385041288204734
5kmN3145E4655,0.2539615161597641
5kmN3145E4660,0.24277668443332157
5kmN3145E4665,0.24674249391901543
5kmN3150E4055,-0.03990095013029504
5kmN3150E4060,-0.041125175803621794
5kmN3150E4065,-0.03163886829643464
5kmN3150E4070,-0.051124483957403016
5kmN3150E4075,-0.06337719089427002
5kmN3150E4080,-0.09802210204176037
5kmN3150E4085,-0.13080640663942478
5kmN3150E4090,-0.16296809228773967
5kmN3150E4095,-0.1131230225938803
5kmN3150E4100,-0.010292025274435845
5kmN3150E4125,-0.08699592598337436
5kmN3150E4130,-0.037971470319080214
5kmN3150E4135,0.020379321796960448
5kmN3150E4140,-0.052963969721397525
5kmN3150E4145,-0.08434183771770926
5kmN3150E4150,-0.13283234542836214
5kmN3150E4155,-0.06411080452843532
5kmN3150E4160,-0.0009342924584432311
5kmN3150E4165,-0.014344327110085209
5kmN3150E4170,0.032582989139119334
5kmN3150E4175,0.07060428923937273
5kmN3150E4180,0.04751567953238384
5kmN3150E4185,-0.001689143679570182
5kmN3150E4190,0.0027911407781004427
5kmN3150E4195,0.050526161987556606
5kmN3150E4200,0.031068566929698338
5kmN3150E4205,0.03962533633508622
5kmN3150E4210,0.0402267169703697
5kmN3150E4215,0.017749763886101555
5kmN3150E4220,-0.023892344607886917
5kmN3150E4225,-0.011209817430871821
5kmN3150E4230,-0.11080485902864529
5kmN3150E4235,-0.0684695044790779
5kmN3150E4240,0.08053844106969643
5kmN3150E4245,0.23373858481357568
5kmN3150E4250,0.24603160246164446
5kmN3150E4255,0.10910909142520758
5kmN3150E4260,-0.010424450529550155
5kmN3150E4265,0.08752140942757136
5kmN3150E4270,0.18564033100732397
5kmN3150E4275,0.18326096306214745
5kmN3150E4280,0.16718354054580736
5kmN3150E4285,0.1783616473528647
5kmN3150E4290,0.14287195925936724
5kmN3150E4295,-0.05961616305949857
5kmN3150E4300,-0.07885832184275504
5kmN3150E4305,-0.09478953799270945
5kmN3150E4310,-0.12607746930155778
5kmN3150E4315,-0.13193598115934752
5kmN3150E4320,-0.11453548346307718
5kmN3150E4325,-0.10824174545149695
5kmN3150E4330,-0.12970075639964634
5kmN3150E4335,-0.13889020410603997
5kmN3150E4340,-0.1347485488338926
5kmN3150E4345,-0.11187898746392588
5kmN3150E4350,-0.1224479766862997
5kmN3150E4355,-0.041471361197268575
5kmN3150E4360,-0.0008929041201484189
5kmN3150E4365,-0.018008602240558336
5kmN3150E4370,-0.030818555198038
5kmN3150E4375,-0.04928059808616947
5kmN3150E4380,-0.013214106906914602
5kmN3150E4385,-0.04802648702851808
5kmN3150E4390,-0.09234071816957434
5kmN3150E4395,-0.08681474492899777
5kmN3150E4400,-0.08440509359960069
5kmN3150E4405,-0.08153547827296692
5kmN3150E4410,-0.07222587376924039
5kmN3150E4415,-0.05090419848889294
5kmN3150E4420,-0.04446810315201022
5kmN3150E4425,-0.035341120303890694
5kmN3150E4430,-0.022207076504313195
5kmN3150E4435,-0.02969944328583418
5kmN3150E4440,-0.014605991515381778
5kmN3150E4445,0.00930991805336756
5kmN3150E4485,0.08379907302687417
5kmN3150E4490,0.08951831637718488
5kmN3150E4495,0.11619663115516254
5kmN3150E4500,0.14499806945016214
5kmN3150E4505,0.17546590012350693
5kmN3150E4510,0.19506824284209312
5kmN3150E4515,0.2160423804432009
5kmN3150E4520,0.20545047982833176
5kmN3150E4525,0.21301299436983245
5kmN3150E4530,0.21815152236574187
5kmN3150E4535,0.2056358126826423
5kmN3150E4540,0.3083625031936108
5kmN3150E4545,0.5044763982969915
5kmN3150E4550,0.41575637417093775
5kmN3150E4555,0.3271542590326106
5kmN3150E4560,0.4972767821615328
5kmN3150E4565,0.5524854115764359
5kmN3150E4570,0.5497340680637639
5kmN3150E4575,0.48196622953913004
5kmN3150E4580,0.2677405657263422
5kmN3150E4585,0.2701028754387631
5kmN3150E4590,0.2916419800950178
5kmN3150E4595,0.2826389671281644
5kmN3150E4600,0.29289301378950017
5kmN3150E4605,0.28821735944436333
5kmN3150E4610,0.28842761228205216
5kmN3150E4615,0.26744111319353053
5kmN3150E4620,0.2347187397904163
5kmN3150E4625,0.2332438187093675
5kmN3150E4630,0.22664134013237058
5kmN3150E4635,0.20435720355011455
5kmN3150E4640,0.21748370492317337
5kmN3150E4645,0.2171688676154684
5kmN3150E4650,0.24570711884540652
5kmN3150E4655,0.2574613566498783
5kmN3150E4660,0.23949907416382055
5kmN3150E4665,0.24156734497260157
5kmN3155E4055,-0.028588128968424165
5kmN3155E4060,-0.023921989796666154
5kmN3155E4065,-0.03641986719517021
5kmN3155E4070,-0.04635406559300209
5kmN3155E4075,-0.06292055689573284
5kmN3155E4080,-0.10492498852822141
5kmN3155E4085,-0.1277212378900957
5kmN3155E4090,-0.1697498970220564
5kmN3155E4095,-0.17601781291673774
5kmN3155E4100,-0.22941384178558533
5kmN3155E4120,-0.11245702714197264
5kmN3155E4125,-0.07540275810580865
5kmN3155E4130,-0.07963941324374729
5kmN3155E4135,-0.07232519437884155
5kmN3155E4140,-0.08493810179769595
5kmN3155E4145,-0.10759338171682947
5kmN3155E4150,-0.11191339823555188
5kmN3155E4155,-0.14033003187886955
5kmN3155E4160,-0.113503011326756
5kmN3155E4165,-0.09718605020268961
5kmN3155E4170,-0.014196247300001408
5kmN3155E4175,0.0183270482100914
5kmN3155E4180,0.005201080212643372
5kmN3155E4185,0.003263046822555904
5kmN3155E4190,0.008920401315915427
5kmN3155E4195,0.019659907666616017
5kmN3155E4200,0.021293418561861843
5kmN3155E4205,0.021167704794746833
5kmN3155E4210,0.03205278897812386
5kmN3155E4215,-0.06160750637749318
5kmN3155E4220,-0.14353546223400693
5kmN3155E4225,-0.152761977595037
5kmN3155E4230,-0.1569536960257933
5kmN3155E4235,-0.1315063085150428
5kmN3155E4240,0.05635260451491381
5kmN3155E4245,0.00880302339088096
5kmN3155E4250,0.03990144801335482
5kmN3155E4255,-0.016350975717669136
5kmN3155E4260,-0.04809285382463757
5kmN3155E4265,-0.03343447513084241
5kmN3155E4270,0.06174003083308244
5kmN3155E4275,0.16897721708198493
5kmN3155E4280,0.15616203323369954
5kmN3155E4285,0.1775379371223298
5kmN3155E4290,0.10860457707035337
5kmN3155E4295,-0.07749594935896248
5kmN3155E4300,-0.07311912205704058
5kmN3155E4305,-0.09909762442928455
5kmN3155E4310,-0.14479147430987255
5kmN3155E4315,-0.13432031383317766
5kmN3155E4320,-0.10681695840233246
5kmN3155E4325,-0.1125008115038118
5kmN3155E4330,-0.1346284907290074
5kmN3155E4335,-0.12149092647524407
5kmN3155E4340,-0.1253427655813833
5kmN3155E4345,-0.11784670027299815
5kmN3155E4350,-0.10894416014035169
5kmN3155E4355,-0.021387643239968224
5kmN3155E4360,0.014143033562831753
5kmN3155E4365,0.005695956209322173
5kmN3155E4370,-0.008208550563755357
5kmN3155E4375,-0.0012309114325537163
5kmN3155E4380,0.009122741701592885
5kmN3155E4385,-0.06255139310022007
5kmN3155E4390,-0.07130850282374002
5kmN3155E4395,-0.058450524091222644
5kmN3155E4400,-0.055036106743605706
5kmN3155E4405,-0.04910300868980644
5kmN3155E4410,-0.04657050021694653
5kmN3155E4415,-0.0392120647541776
5kmN3155E4420,-0.035260381587108536
5kmN3155E4425,-0.033421697786936044
5kmN3155E4430,-0.01569160760729693
5kmN3155E4435,-0.019247157888240163
5kmN3155E4475,0.07224606794976596
5kmN3155E4480,0.08704840501894395
5kmN3155E4485,0.10786740442565512
5kmN3155E4490,0.10770910840450532
5kmN3155E4495,0.12145924852701961
5kmN3155E4500,0.14435517467805964
5kmN3155E4505,0.14449814875956601
5kmN3155E4510,0.1705061615343637
5kmN3155E4515,0.17770137927869234
5kmN3155E4520,0.19302909416114994
5kmN3155E4525,0.20166468621232247
5kmN3155E4530,0.2176782545151716
5kmN3155E4535,0.20692004465538705
5kmN3155E4540,0.3583336855912067
5kmN3155E4545,0.5230434922429478
5kmN3155E4550,0.5525401152639637
5kmN3155E4555,0.5562967711319011
5kmN3155E4560,0.5394390275837622
5kmN3155E4565,0.5449281045605527
5kmN3155E4570,0.5441046550179462
5kmN3155E4575,0.44235644942080077
5kmN3155E4580,0.2808541166894475
5kmN3155E4585,0.2839829334937357
5kmN3155E4590,0.2725402971369869
5kmN3155E4595,0.27275541801681136
5kmN3155E4600,0.2761359257010715
5kmN3155E4605,0.2794205370926951
5kmN3155E4610,0.2725587655369602
5kmN3155E4615,0.25917405628583035
5kmN3155E4620,0.22657958107167586
5kmN3155E4625,0.23743469936438455
5kmN3155E4635,0.22461286545791692
5kmN3155E4640,0.22203856268603983
5kmN3155E4645,0.22385361011350957
5kmN3155E4650,0.22748853416577774
5kmN3155E4655,0.23409434510430172
5kmN3155E4660,0.23113739620537754
5kmN3155E4665,0.25196242708885686
5kmN3160E4055,-0.016910255263931473
5kmN3160E4060,-0.014012823428505072
5kmN3160E4065,-0.02647335738669576
5kmN3160E4070,-0.01715671894142723
5kmN3160E4075,-0.05807549137021356
5kmN3160E4080,-0.10326324449002888
5kmN3160E4085,-0.13099228702217813
5kmN3160E4090,-0.1529444740221647
5kmN3160E4095,-0.12998114026524482
5kmN3160E4100,-0.15155758748789427
5kmN3160E4105,-0.0692233858570534
5kmN3160E4115,-0.1401933161635069
5kmN3160E4120,-0.08184477054526235
5kmN3160E4125,-0.07351052273735875
5kmN3160E4130,-0.08732862954516812
5kmN3160E4135,-0.06624164997689336
5kmN3160E4140,-0.07653475401668369
5kmN3160E4145,-0.08016374024614525
5kmN3160E4150,-0.06903912696488526
5kmN3160E4155,-0.10874564238405549
5kmN3160E4160,-0.14182100134046544
5kmN3160E4165,-0.11493914163154245
5kmN3160E4170,-0.034960279657987814
5kmN3160E4175,-0.019844271996876384
5kmN3160E4180,-0.0007065766663384432
5kmN3160E4185,-0.004417969238666386
5kmN3160E4190,-0.014704491031932332
5kmN3160E4195,-0.007060938409788553
5kmN3160E4200,-0.005649958276534417
5kmN3160E4205,-0.008422093701387745
5kmN3160E4210,0.004051015154147575
5kmN3160E4215,-0.15709387475685815
5kmN3160E4220,-0.17326094935987596
5kmN3160E4225,-0.1694484898980282
5kmN3160E4230,-0.16155344918555253
5kmN3160E4235,-0.1702751065753219
5kmN3160E4240,-0.16262667334940278
5kmN3160E4245,-0.12958798570193952
5kmN3160E4250,-0.03775295568575959
5kmN3160E4255,-0.01554700241725776
5kmN3160E4260,-0.03668636379613949
5kmN3160E4265,-0.04104207654772157
5kmN3160E4270,-0.029893744410057765
5kmN3160E4275,0.1408761785018972
5kmN3160E4280,0.15136485113957415
5kmN3160E4285,0.16349812281485931
5kmN3160E4290,0.15664608585902856
5kmN3160E4295,0.07160179793997712
5kmN3160E4300,-0.07918984635161319
5kmN3160E4305,-0.10581393644460602
5kmN3160E4310,-0.12717379198565776
5kmN3160E4315,-0.1476075511610478
5kmN3160E4320,-0.09933218606159461
5kmN3160E4325,-0.11919743285918893
5kmN3160E4330,-0.1144236347388859
5kmN3160E4335,-0.11646416738311277
5kmN3160E4340,-0.10667287751699905
5kmN3160E4345,-0.10177921932609485
5kmN3160E4350,-0.08741581366667922
5kmN3160E4355,-0.05735200197724444
5kmN3160E4360,-0.033584636587968064
5kmN3160E4365,-0.0032408724212831252
5kmN3160E4370,0.021339586214964013
5kmN3160E4375,0.02126724321237028
5kmN3160E4380,-0.0008681288524385877
5kmN3160E4385,-0.05656339239368047
5kmN3160E4390,-0.05663161700734687
5kmN3160E4395,-0.02806411686241228
5kmN3160E4400,-0.026554937938114698
5kmN3160E4405,-0.0430156388332682
5kmN3160E4410,-0.02774135860572513
5kmN3160E4415,-0.025865593140711685
5kmN3160E4420,-0.0368081735615724
5kmN3160E4425,-0.027136904196099043
5kmN3160E4430,-0.025111349437318742
5kmN3160E4475,0.12110775365411741
5kmN3160E4480,0.08022954740029298
5kmN3160E4485,0.10335143828860927
5kmN3160E4490,0.12493251135748884
5kmN3160E4495,0.12855114636337717
5kmN3160E4500,0.14430023983112716
5kmN3160E4505,0.17971615388258044
5kmN3160E4510,0.16949957296918483
5kmN3160E4515,0.1880575678364197
5kmN3160E4520,0.1957641507273027
5kmN3160E4525,0.17712639944373404
5kmN3160E4530,0.20208168710198626
5kmN3160E4535,0.20537197772966942
5kmN3160E4540,0.3322992913293723
5kmN3160E4545,0.5343547529251631
5kmN3160E4550,0.5586581697821658
5kmN3160E4555,0.5528513816865928
5kmN3160E4560,0.5516035413191476
5kmN3160E4565,0.5538741794181049
5kmN3160E4570,0.5301980552929182
5kmN3160E4575,0.3551968312979964
5kmN3160E4580,0.27950696166186767
5kmN3160E4585,0.2709048758210876
5kmN3160E4590,0.26194430831468707
5kmN3160E4595,0.23969828896260292
5kmN3160E4600,0.25372818328183233
5kmN3160E4605,0.25509368528662574
5kmN3160E4610,0.24941612067741287
5kmN3160E4615,0.2548644932950609
5kmN3160E4620,0.24391477036061138
5kmN3160E4625,0.257103070853816
5kmN3160E4630,0.2631905999790614
5kmN3160E4635,0.24967802476912448
5kmN3160E4640,0.24289061846469562
5kmN3160E4645,0.25573571033735676
5kmN3160E4650,0.24234801691503938
5kmN3160E4655,0.24298100088782082
5kmN3160E4660,0.23491429597930347
5kmN3160E4665,0.2446065079576062
5kmN3165E4050,0.0020324014128473844
5kmN3165E4055,-0.011962382816250616
5kmN3165E4060,-0.010540383744997439
5kmN3165E4065,0.0010453493890476562
5kmN3165E4070,-0.020613145552022316
5kmN3165E4075,-0.05860955522117428
5kmN3165E4080,-0.09250924239722891
5kmN3165E4085,-0.15458234403870047
5kmN3165E4090,-0.14507369926852742
5kmN3165E4095,-0.1095651726414934
5kmN3165E4100,-0.09027713129823656
5kmN3165E4105,-0.05445834844177777
5kmN3165E4110,-0.13400492177167939
5kmN3165E4115,-0.11841762549725077
5kmN3165E4120,-0.09885413755179162
5kmN3165E4125,-0.10023803055924319
5kmN3165E4130,-0.10145335170356307
5kmN3165E4135,-0.0769671605568204
5kmN3165E4140,-0.06202226867511085
5kmN3165E4145,-0.07143076049148528
5kmN3165E4150,-0.0817202451304106
5kmN3165E4155,-0.10077122035119357
5kmN3165E4160,-0.11043275787108309
5kmN3165E4165,-0.12951815585668475
5kmN3165E4170,-0.12732489824074752
5kmN3165E4175,-0.033887718166914105
5kmN3165E4180,-0.00027317692627309986
5kmN3165E4185,0.0017300755780194632
5kmN3165E4190,-0.0027588991482178638
5kmN3165E4195,-0.01116319740806776
5kmN3165E4200,-0.0051155745378880235
5kmN3165E4205,-0.03918084173970432
5kmN3165E4210,-0.030012189968683767
5kmN3165E4215,-0.05048372403467649
5kmN3165E4220,-0.15242001767967184
5kmN3165E4225,-0.18925836746346741
5kmN3165E4230,-0.19033584341970528
5kmN3165E4235,-0.184616823856859
5kmN3165E4240,-0.1779634252725512
5kmN3165E4245,-0.16377707686779136
5kmN3165E4250,-0.025711713829946414
5kmN3165E4255,-0.01795347684976628
5kmN3165E4260,-0.03707715599350736
5kmN3165E4265,-0.034867009963445494
5kmN3165E4270,-0.03372396934083843
5kmN3165E4275,0.07317402309770266
5kmN3165E4280,0.14080680740890178
5kmN3165E4285,0.15608312822995762
5kmN3165E4290,0.13374656691904185
5kmN3165E4295,0.10146557814036017
5kmN3165E4300,0.03943618729921783
5kmN3165E4305,0.026489332439256552
5kmN3165E4310,-0.008207932372235272
5kmN3165E4315,-0.030956516683569246
5kmN3165E4320,-0.018726497585034696
5kmN3165E4325,-0.031181533505191428
5kmN3165E4330,-0.10870222734785745
5kmN3165E4335,-0.10050177660988685
5kmN3165E4340,-0.0959111590011461
5kmN3165E4345,-0.085176164154104
5kmN3165E4350,-0.07412467090055902
5kmN3165E4355,-0.05836080286510431
5kmN3165E4360,-0.06063639183054986
5kmN3165E4365,0.026649160103493275
5kmN3165E4370,0.05163112553021343
5kmN3165E4375,0.05486460277762206
5kmN3165E4380,0.07583455961154884
5kmN3165E4385,-0.017034028440932603
5kmN3165E4390,0.0573401799218769
5kmN3165E4395,0.11035761012283696
5kmN3165E4400,0.12700671242204398
5kmN3165E4405,0.015967863625331757
5kmN3165E4410,-0.03692207698475658
5kmN3165E4415,-0.025077117035012475
5kmN3165E4420,-0.035776590153290155
5kmN3165E4425,-0.030124778369993277
5kmN3165E4430,-0.02035658812870267
5kmN3165E4435,-0.01530955470429951
5kmN3165E4470,0.21282275181470256
5kmN3165E4475,0.2112233365307562
5kmN3165E4480,0.2004602422180577
5kmN3165E4485,0.1924783613372012
5kmN3165E4490,0.1473001501974529
5kmN3165E4495,0.15403852995417922
5kmN3165E4500,0.15203184041797146
5kmN3165E4505,0.16693077515495314
5kmN3165E4510,0.1718028435874756
5kmN3165E4515,0.17937665324177227
5kmN3165E4520,0.17966099858835144
5kmN3165E4525,0.18233011040585378
5kmN3165E4530,0.18967513406701397
5kmN3165E4535,0.2270235837968284
5kmN3165E4540,0.5271830528214175
5kmN3165E4545,0.5363502988970958
5kmN3165E4550,0.5480378381566576
5kmN3165E4555,0.5568800008500875
5kmN3165E4560,0.5710609610653585
5kmN3165E4565,0.5779191079135461
5kmN3165E4570,0.5708243079724657
5kmN3165E4575,0.5461362469809601
5kmN3165E4585,0.3823588847293074
5kmN3165E4590,0.2757999601367169
5kmN3165E4595,0.25252931783099686
5kmN3165E4600,0.2518188298348578
5kmN3165E4605,0.24602232252607348
5kmN3165E4610,0.2512498525075405
5kmN3165E4615,0.2687171914290517
5kmN3165E4620,0.23109008132449227
5kmN3165E4625,0.27184316647224127
5kmN3165E4630,0.2696547357020172
5kmN3165E4635,0.2640331416973608
5kmN3165E4640,0.26439601965390375
5kmN3165E4645,0.2631545678727093
5kmN3165E4650,0.26328719060724487
5kmN3165E4655,0.26155603486846796
5kmN3170E4050,-0.013845456279838242
5kmN3170E4055,-0.005097488039419673
5kmN3170E4060,0.00695179627615003
5kmN3170E4065,-0.0162679794005825
5kmN3170E4070,-0.0353556237779164
5kmN3170E4075,-0.05251098146375377
5kmN3170E4080,-0.09708482901718346
5kmN3170E4085,-0.11920300114204768
5kmN3170E4090,-0.10355573448532546
5kmN3170E4095,-0.07358744909260873
5kmN3170E4100,-0.05885481216525856
5kmN3170E4105,-0.02003200334366767
5kmN3170E4110,-0.0852526744226294
5kmN3170E4115,-0.09278895983018287
5kmN3170E4120,-0.08062205097739472
5kmN3170E4125,-0.06326332876630925
5kmN3170E4130,-0.07169645241706557
5kmN3170E4135,-0.07722254418175789
5kmN3170E4140,-0.07315455642016627
5kmN3170E4145,-0.06689796903112921
5kmN3170E4150,-0.0632788707612224
5kmN3170E4155,-0.09723790439991042
5kmN3170E4160,-0.14824438328597883
5kmN3170E4165,-0.17165722864006724
5kmN3170E4170,-0.17855033422029437
5kmN3170E4175,-0.12545480671214576
5kmN3170E4180,-0.007115714692882469
5kmN3170E4185,-0.002469508317167468
5kmN3170E4190,0.0018248559412209486
5kmN3170E4195,-0.01931269748657899
5kmN3170E4200,-0.013245736848692957
5kmN3170E4205,-0.03334223671844999
5kmN3170E4210,-0.027631969342862772
5kmN3170E4215,-0.017123519121188147
5kmN3170E4220,-0.1437990226175282
5kmN3170E4225,-0.21290219057420195
5kmN3170E4230,-0.20029060189752268
5kmN3170E4235,-0.19687268332426183
5kmN3170E4240,-0.17453829735710708
5kmN3170E4245,-0.1720123112703626
5kmN3170E4250,-0.005618935206867237
5kmN3170E4255,-0.0228416626161555
5kmN3170E4260,-0.035864676727253575
5kmN3170E4265,-0.03557662143761664
5kmN3170E4270,-0.04811020163368057
5kmN3170E4275,-0.018922424494588697
5kmN3170E4280,0.07610113264883922
5kmN3170E4285,0.10007933019952969
5kmN3170E4290,0.08284517577581263
5kmN3170E4295,0.08911826888723706
5kmN3170E4300,0.09228536108491969
5kmN3170E4305,0.0806234653836424
5kmN3170E4310,0.04868697621621154
5kmN3170E4315,0.031701746232539074
5kmN3170E4320,0.05213222697541209
5kmN3170E4325,0.0524666970446811
5kmN3170E4330,-0.05164496795269907
5kmN3170E4335,-0.09033556839357615
5kmN3170E4340,-0.08212765503515623
5kmN3170E4345,-0.06069259147510303
5kmN3170E4350,-0.04757908387364529
5kmN3170E4355,-0.0011270773884639596
5kmN3170E4360,-0.006216894629920755
5kmN3170E4365,0.12510464957198497
5kmN3170E4370,0.146617117565486
5kmN3170E4375,0.14917573313126087
5kmN3170E4380,0.14708747786873966
5kmN3170E4385,0.14679905769021306
5kmN3170E4390,0.14387513019167542
5kmN3170E4395,0.13333642550733127
5kmN3170E4400,0.1386021324288378
5kmN3170E4405,0.11089823341893046
5kmN3170E4410,0.016424692552957643
5kmN3170E4415,-0.03701288384489487
5kmN3170E4420,-0.03985082805629325
5kmN3170E4425,-0.02141498634085759
5kmN3170E4430,0.027102398895266333
5kmN3170E4435,0.10739621123044185
5kmN3170E4465,0.24068369640802423
5kmN3170E4470,0.2178676369101359
5kmN3170E4475,0.1825463186227022
5kmN3170E4480,0.23285702856820767
5kmN3170E4485,0.2465093940106562
5kmN3170E4490,0.28654086523288735
5kmN3170E4495,0.2425044332091424
5kmN3170E4500,0.11860559479161004
5kmN3170E4505,0.1578262955168238
5kmN3170E4510,0.17609185183131726
5kmN3170E4515,0.18219201839401278
5kmN3170E4520,0.17926821553549965
5kmN3170E4525,0.1829230922583982
5kmN3170E4530,0.26219836744794606
5kmN3170E4535,0.46994811898737043
5kmN3170E4540,0.5523822219522705
5kmN3170E4545,0.5480548169065311
5kmN3170E4550,0.5541626148960999
5kmN3170E4555,0.5493076205816507
5kmN3170E4560,0.5491470943150507
5kmN3170E4565,0.5611317030844143
5kmN3170E4570,0.5690635913988071
5kmN3170E4575,0.5637341700082006
5kmN3170E4580,0.5384476949265945
5kmN3170E4585,0.5200963903502565
5kmN3170E4590,0.3037053991066291
5kmN3170E4595,0.25404682642196513
5kmN3170E4600,0.2624906048271739
5kmN3170E4605,0.26289572834584485
5kmN3170E4610,0.2739203330444654
5kmN3170E4615,0.26411410026923
5kmN3170E4620,0.2733312204937695
5kmN3170E4625,0.2668965944792653
5kmN3170E4630,0.2657153160123876
5kmN3170E4635,0.27179956135470384
5kmN3170E4640,0.2641132030605211
5kmN3170E4645,0.2684222759797832
5kmN3175E4050,0.010720697815581381
5kmN3175E4055,0.004469867774467812
5kmN3175E4060,-0.003041588248866134
5kmN3175E4065,-0.0034960619995640374
5kmN3175E4070,-0.044744313643512834
5kmN3175E4075,-0.08160676553649743
5kmN3175E4080,-0.11294547413626604
5kmN3175E4085,-0.08933678618418656
5kmN3175E4090,-0.058229968204718874
5kmN3175E4095,-0.053440283909436115
5kmN3175E4100,-0.05807670676440663
5kmN3175E4105,-0.07600637909067987
5kmN3175E4110,-0.10729879614284765
5kmN3175E4115,-0.10136495904115539
5kmN3175E4120,-0.1073693354791101
5kmN3175E4125,-0.07176231588451953
5kmN3175E4130,-0.057339233584298877
5kmN3175E4135,-0.06492831116847678
5kmN3175E4140,-0.09044694388282115
5kmN3175E4145,-0.03902398022775505
5kmN3175E4150,-0.05890223616850615
5kmN3175E4155,-0.06753865856184543
5kmN3175E4160,-0.10544176837190888
5kmN3175E4165,-0.18180783591456579
5kmN3175E4170,-0.16861493410281125
5kmN3175E4175,-0.1504028396494398
5kmN3175E4180,-0.029859810292209576
5kmN3175E4185,-0.0032484097779569288
5kmN3175E4190,0.0037435698591001265
5kmN3175E4195,-0.055734452469127255
5kmN3175E4200,-0.05791324143659807
5kmN3175E4205,-0.02163919883106108
5kmN3175E4210,-0.026212085156220144
5kmN3175E4215,-0.1608506707306993
5kmN3175E4220,-0.19682641658580496
5kmN3175E4225,-0.21491325739062167
5kmN3175E4230,-0.24669864368100086
5kmN3175E4235,-0.2060685674473725
5kmN3175E4240,-0.19682034846618263
5kmN3175E4245,-0.18015143266578365
5kmN3175E4250,-0.02961469216435414
5kmN3175E4255,-0.022173415957090215
5kmN3175E4260,-0.03919858477007088
5kmN3175E4265,-0.03993401871670815
5kmN3175E4270,-0.042209005786940035
5kmN3175E4275,-0.03771495117371498
5kmN3175E4280,0.07661769935607032
5kmN3175E4285,0.11081443580196826
5kmN3175E4290,0.100405718980907
5kmN3175E4295,0.09858204692347028
5kmN3175E4300,0.09103865431247848
5kmN3175E4305,0.09206219148414096
5kmN3175E4310,0.05103449497604462
5kmN3175E4315,0.024981763794343692
5kmN3175E4320,0.044867081382895746
5kmN3175E4325,0.061397176831816336
5kmN3175E4330,-0.07582464864375027
5kmN3175E4335,-0.08183598756936328
5kmN3175E4340,-0.060580321638273205
5kmN3175E4345,-0.030733948879780648
5kmN3175E4350,-0.0240186351871145
5kmN3175E4355,0.14176817946316533
5kmN3175E4360,0.14085617266420147
5kmN3175E4365,0.16232146436183914
5kmN3175E4370,0.17650175997208284
5kmN3175E4375,0.15373341177877564
5kmN3175E4380,0.14483521767814878
5kmN3175E4385,0.14201698499751814
5kmN3175E4390,0.14979145680578332
5kmN3175E4395,0.13813827208789498
5kmN3175E4400,0.13096130211951806
5kmN3175E4405,0.14407274489725452
5kmN3175E4410,0.14559779565245
5kmN3175E4415,0.014296971848059892
5kmN3175E4420,-0.02541044665989234
5kmN3175E4425,0.10599740038580874
5kmN3175E4430,0.13834138813670604
5kmN3175E4435,0.1933145065166172
5kmN3175E4440,0.20376108640308688
5kmN3175E4445,0.20502596944457452
5kmN3175E4450,0.17284574887686222
5kmN3175E4455,0.2001069739363862
5kmN3175E4460,0.2151411341009949
5kmN3175E4465,0.23059308615783003
5kmN3175E4470,0.24094501945243108
5kmN3175E4475,0.23286281543015075
5kmN3175E4480,0.23526397020027978
5kmN3175E4485,0.22999018023826712
5kmN3175E4490,0.21162435478308472
5kmN3175E4495,0.12438115627253388
5kmN3175E4500,0.11406230636097325
5kmN3175E4505,0.134115605214577
5kmN3175E4510,0.13903289544897302
5kmN3175E4515,0.15159410560964226
5kmN3175E4520,0.11596947018848458
5kmN3175E4525,0.14048617730995772
5kmN3175E4535,0.431874946679801
5kmN3175E4540,0.5345187902689548
5kmN3175E4545,0.5343345563189599
5kmN3175E4550,0.5271838094107435
5kmN3175E4555,0.5464140704924347
5kmN3175E4560,0.54192550954855
5kmN3175E4565,0.5616640209398789
5kmN3175E4570,0.5637573167596908
5kmN3175E4575,0.5466787237465092
5kmN3175E4580,0.5496535876400251
5kmN3175E4585,0.522427488700108
5kmN3175E4590,0.3060241943702565
5kmN3175E4595,0.2710054697179814
5kmN3175E4600,0.24811651587033717
5kmN3175E4605,0.2782325559229933
5kmN3175E4610,0.2695332348054444
5kmN3175E4615,0.27856535566623486
5kmN3175E4620,0.25286607090191543
5kmN3175E4625,0.2431294084821699
5kmN3175E4630,0.2621926723052802
5kmN3175E4635,0.26125359158699973
5kmN3175E4640,0.2550215464961753
5kmN3175E4645,0.25885020982918994
5kmN3175E4650,0.2665740906985742
5kmN3180E4045,0.028344908552022624
5kmN3180E4050,0.009757291774144056
5kmN3180E4055,0.0005457461103008932
5kmN3180E4060,0.0016178960725303226
5kmN3180E4065,0.005998202328047042
5kmN3180E4070,-0.07996379888110561
5kmN3180E4075,-0.09728923155267416
5kmN3180E4080,-0.09178009503023743
5kmN3180E4085,-0.03543372498474329
5kmN3180E4090,-0.01988749983837962
5kmN3180E4095,-0.028593922447321896
5kmN3180E4100,-0.04001493844968018
5kmN3180E4105,-0.0755010074766036
5kmN3180E4110,-0.06445950455857707
5kmN3180E4115,-0.07002451287326339
5kmN3180E4120,-0.0793240132900091
5kmN3180E4125,-0.07473169864857682
5kmN3180E4130,-0.06574294164256383
5kmN3180E4135,-0.10586001727255713
5kmN3180E4140,-0.09829900663759208
5kmN3180E4145,-0.07729494538689047
5kmN3180E4150,-0.10470218245694068
5kmN3180E4155,-0.1056785418609722
5kmN3180E4160,-0.13039278691632677
5kmN3180E4165,-0.09363908467965876
5kmN3180E4170,-0.08918819695086885
5kmN3180E4175,-0.061559691592238314
5kmN3180E4180,-0.058962640541028566
5kmN3180E4185,-0.05967008481516073
5kmN3180E4190,-0.06964061683263079
5kmN3180E4195,-0.08098070242213268
5kmN3180E4200,-0.07285427126849092
5kmN3180E4205,-0.018411953183709334
5kmN3180E4210,-0.1623868397172094
5kmN3180E4215,-0.2073422382298417
5kmN3180E4220,-0.19959485308272007
5kmN3180E4225,-0.2234320941450288
5kmN3180E4230,-0.24005838961396836
5kmN3180E4235,-0.22711113960508617
5kmN3180E4240,-0.20650838937066524
5kmN3180E4245,-0.17979333156951716
5kmN3180E4250,-0.032841961358798744
5kmN3180E4255,-0.013434229589935787
5kmN3180E4260,-0.03599245506505244
5kmN3180E4265,-0.04343258646682685
5kmN3180E4270,-0.03422599457601211
5kmN3180E4275,-0.0268677130013108
5kmN3180E4280,0.05918823773798232
5kmN3180E4285,0.11490461929967022
5kmN3180E4290,0.11823969970256354
5kmN3180E4295,0.09866958542634252
5kmN3180E4300,0.09181136713967097
5kmN3180E4305,0.08167723893573675
5kmN3180E4310,0.05055827562187276
5kmN3180E4315,0.052251014642325844
5kmN3180E4320,0.05645241705968007
5kmN3180E4325,0.07104012279550143
5kmN3180E4330,-0.046189302977305835
5kmN3180E4335,-0.07415839961664017
5kmN3180E4340,-0.030101452757266334
5kmN3180E4345,-0.023821273428082046
5kmN3180E4355,0.16100183568861404
5kmN3180E4360,0.16580264291043673
5kmN3180E4365,0.18192481440345287
5kmN3180E4370,0.17373920220506955
5kmN3180E4375,0.1598128030357029
5kmN3180E4380,0.14301519005711993
5kmN3180E4385,0.138895674206014
5kmN3180E4390,0.11769426872844091
5kmN3180E4395,0.12840995917652798
5kmN3180E4400,0.12014428942138822
5kmN3180E4405,0.12903797494724978
5kmN3180E4410,0.1325876471478965
5kmN3180E4415,0.13902615236919258
5kmN3180E4420,0.16838145105676194
5kmN3180E4425,0.18450626922972013
5kmN3180E4430,0.1882909536419739
5kmN3180E4435,0.19657422033090788
5kmN3180E4440,0.20220215277796227
5kmN3180E4445,0.2155319764271354
5kmN3180E4450,0.19396005440488517
5kmN3180E4455,0.1932999008584798
5kmN3180E4460,0.2232765115013321
5kmN3180E4465,0.23299021788757546
5kmN3180E4470,0.24023466454821651
5kmN3180E4475,0.24497988736767973
5kmN3180E4480,0.1677536778943921
5kmN3180E4485,0.04213260525478946
5kmN3180E4490,0.07001094576038325
5kmN3180E4495,0.1064240487886442
5kmN3180E4500,0.12000517293130408
5kmN3180E4505,0.12486216866884381
5kmN3180E4510,0.12232799493829372
5kmN3180E4515,0.12455432362646501
5kmN3180E4520,0.11153924751156641
5kmN3180E4525,0.1268081886696989
5kmN3180E4530,0.13943946005296226
5kmN3180E4535,0.17746729874901335
5kmN3180E4540,0.5026617528928576
5kmN3180E4545,0.5415608366904966
5kmN3180E4550,0.5519934549583325
5kmN3180E4555,0.5711102775362759
5kmN3180E4560,0.565967776244186
5kmN3180E4565,0.5670242055547879
5kmN3180E4570,0.5742702661697474
5kmN3180E4575,0.5539319850763272
5kmN3180E4580,0.5255802718897882
5kmN3180E4585,0.3101866094603918
5kmN3180E4590,0.2801070385555899
5kmN3180E4595,0.2818885774175951
5kmN3180E4600,0.25193343106444455
5kmN3180E4605,0.2480187181346547
5kmN3180E4610,0.27754140045584036
5kmN3180E4615,0.2770003159653444
5kmN3180E4620,0.271430111635633
5kmN3180E4625,0.27723770679308934
5kmN3180E4630,0.27872233888224374
5kmN3180E4635,0.276394058909749
5kmN3180E4640,0.2458604376209313
5kmN3180E4645,0.2596651554043049
5kmN3185E4040,0.03995855182165289
5kmN3185E4045,0.016180667548304883
5kmN3185E4050,0.0016484450121837801
5kmN3185E4055,0.008040651325746606
5kmN3185E4060,0.0035579097229294643
5kmN3185E4065,-0.04124277285998762
5kmN3185E4070,-0.0786254593878839
5kmN3185E4075,-0.06225238789105003
5kmN3185E4080,-0.04097625542655081
5kmN3185E4085,-0.02555191478248875
5kmN3185E4090,-0.015479364713261973
5kmN3185E4095,-0.03593249808588139
5kmN3185E4100,-0.09895922733807672
5kmN3185E4105,-0.06924101643754238
5kmN3185E4110,-0.044319499709007226
5kmN3185E4115,-0.05558372487003904
5kmN3185E4120,-0.059867004616963426
5kmN3185E4125,-0.08088525252257978
5kmN3185E4130,-0.06805193493080372
5kmN3185E4135,-0.08872782680803487
5kmN3185E4140,-0.10635452140580227
5kmN3185E4145,-0.10653999174471883
5kmN3185E4150,-0.11360116855165182
5kmN3185E4155,-0.11194710109605262
5kmN3185E4160,-0.07541751033045083
5kmN3185E4165,-0.032149918428676955
5kmN3185E4170,-0.040146903038404264
5kmN3185E4175,-0.060382575115925874
5kmN3185E4180,-0.06147968551839972
5kmN3185E4185,-0.07048303701815067
5kmN3185E4190,-0.076374997965241
5kmN3185E4195,-0.07409630880633089
5kmN3185E4200,-0.020462901429895153
5kmN3185E4205,-0.016740645593804948
5kmN3185E4210,-0.03428431878478594
5kmN3185E4215,-0.15484338593284555
5kmN3185E4220,-0.20871165252011753
5kmN3185E4225,-0.214584482684461
5kmN3185E4230,-0.23220433816365632
5kmN3185E4235,-0.17310118234339272
5kmN3185E4240,-0.13058658980779894
5kmN3185E4245,-0.08771616038512708
5kmN3185E4250,-0.0003122937682158433
5kmN3185E4255,-0.022450778161204887
5kmN3185E4260,-0.030832736524706916
5kmN3185E4265,-0.02965283306429567
5kmN3185E4270,-0.0271566867361952
5kmN3185E4275,-0.04888776301852671
5kmN3185E4280,0.006836820950904099
5kmN3185E4285,0.08075919229191642
5kmN3185E4290,0.11356438924287465
5kmN3185E4295,0.09471829501400453
5kmN3185E4300,0.0836302195299613
5kmN3185E4305,0.07341617657718291
5kmN3185E4310,0.06307048297456497
5kmN3185E4315,0.06291138879784397
5kmN3185E4320,0.0621813552104985
5kmN3185E4325,0.08244934907524071
5kmN3185E4330,0.014711160617643437
5kmN3185E4335,-0.024473134408890873
5kmN3185E4340,0.14808067810471326
5kmN3185E4345,0.1261663175954102
5kmN3185E4350,0.1478096043060968
5kmN3185E4355,0.16922689754389808
5kmN3185E4365,0.19092961021083266
5kmN3185E4370,0.15281594852543123
5kmN3185E4375,0.15676235633952873
5kmN3185E4380,0.1453965150996117
5kmN3185E4385,0.12014740951624203
5kmN3185E4390,0.12534081460564628
5kmN3185E4395,0.1222955847060132
5kmN3185E4400,0.12202406805734312
5kmN3185E4405,0.14007757177463864
5kmN3185E4410,0.16225529637556313
5kmN3185E4415,0.171195775637917
5kmN3185E4420,0.18011896953079076
5kmN3185E4425,0.1891481925089824
5kmN3185E4430,0.19020885848115932
5kmN3185E4435,0.19236378072210414
5kmN3185E4440,0.19096679317962972
5kmN3185E4445,0.22425078681666455
5kmN3185E4450,0.21127683691553356
5kmN3185E4455,0.22157335379666254
5kmN3185E4460,0.224345339227758
5kmN3185E4465,0.23996857428901297
5kmN3185E4470,0.24278099891160487
5kmN3185E4475,0.2568207791709134
5kmN3185E4480,0.15193391269342638
5kmN3185E4485,0.055315830225414864
5kmN3185E4490,0.07000021170158088
5kmN3185E4495,0.08368490851807575
5kmN3185E4500,0.11312543636313677
5kmN3185E4505,0.11823528751344214
5kmN3185E4510,0.11256046525852537
5kmN3185E4515,0.12308336962025779
5kmN3185E4520,0.11008406175539454
5kmN3185E4525,0.12558141423446728
5kmN3185E4530,0.14627218325314684
5kmN3185E4535,0.22850526695880452
5kmN3185E4540,0.5440298043072725
5kmN3185E4545,0.5485276303014148
5kmN3185E4550,0.5289040368593327
5kmN3185E4555,0.5597129126964444
5kmN3185E4560,0.5436795697506477
5kmN3185E4565,0.3911855101146707
5kmN3185E4570,0.3311960607465908
5kmN3185E4575,0.39117836521246
5kmN3185E4580,0.3627359750514377
5kmN3185E4585,0.24936845929528084
5kmN3185E4590,0.2890892004550075
5kmN3185E4595,0.2749848027822097
5kmN3185E4600,0.2713108005750315
5kmN3185E4605,0.2680471842393801
5kmN3185E4610,0.2796235878011039
5kmN3185E4615,0.2658508814237711
5kmN3185E4620,0.21933261410583904
5kmN3185E4625,0.25247577282435685
5kmN3185E4630,0.27077888384279836
5kmN3185E4635,0.2639135240930721
5kmN3185E4640,0.25771380141072975
5kmN3185E4645,0.2584940287302392
5kmN3190E4040,0.02965432453079181
5kmN3190E4045,0.04253592505633089
5kmN3190E4050,0.0006640840212439603
5kmN3190E4055,0.009041652444974624
5kmN3190E4060,-0.009064390737845929
5kmN3190E4065,-0.06596950796119044
5kmN3190E4070,-0.04000465778567988
5kmN3190E4075,-0.02407532677145785
5kmN3190E4080,-0.06010829423418021
5kmN3190E4085,-0.06680598861106607
5kmN3190E4090,-0.07591433987270496
5kmN3190E4095,-0.10267179691429928
5kmN3190E4100,-0.09793422485036934
5kmN3190E4105,-0.10885662216737138
5kmN3190E4110,-0.09589358784789792
5kmN3190E4115,-0.09430139649994657
5kmN3190E4120,-0.05980463982358539
5kmN3190E4125,-0.07455559537833129
5kmN3190E4130,-0.07654233242701008
5kmN3190E4135,-0.09302072497207724
5kmN3190E4140,-0.11465396705674531
5kmN3190E4145,-0.10553923580333836
5kmN3190E4150,-0.11301011542228383
5kmN3190E4155,-0.08945476906691957
5kmN3190E4160,-0.02135531045432118
5kmN3190E4165,-0.022542697316246113
5kmN3190E4170,-0.037289938150603386
5kmN3190E4175,-0.04887949631114319
5kmN3190E4180,-0.04602947781794131
5kmN3190E4185,-0.0630943599789277
5kmN3190E4190,-0.08865465141323087
5kmN3190E4195,-0.06150083580284793
5kmN3190E4200,-0.028669811213025448
5kmN3190E4205,-0.024264090966425234
5kmN3190E4210,-0.019532418942627805
5kmN3190E4215,-0.027031005345832193
5kmN3190E4220,-0.15011842055571128
5kmN3190E4225,-0.20907794551024483
5kmN3190E4230,-0.21169542552777554
5kmN3190E4235,0.009352331319087526
5kmN3190E4240,0.07252921759221176
5kmN3190E4245,0.0808932950723788
5kmN3190E4250,-0.0005939744876866104
5kmN3190E4255,-0.030383100051101508
5kmN3190E4260,-0.03366309036371279
5kmN3190E4265,-0.024152128966325792
5kmN3190E4270,-0.011070598859232395
5kmN3190E4275,-0.030046152810601134
5kmN3190E4280,0.005436983358046432
5kmN3190E4285,0.05192279769964547
5kmN3190E4290,0.07349751342952626
5kmN3190E4295,0.08598446837262941
5kmN3190E4300,0.08680381379525781
5kmN3190E4305,0.0825522777785399
5kmN3190E4310,0.0721441577062556
5kmN3190E4315,0.0819813525198243
5kmN3190E4320,0.06702083104766454
5kmN3190E4325,0.08723506247536839
5kmN3190E4330,0.09214360224846363
5kmN3190E4335,0.09598298297545005
5kmN3190E4340,0.14977575887614564
5kmN3190E4345,0.15270611547600982
5kmN3190E4350,0.13459514084016155
5kmN3190E4355,0.13840964029289282
5kmN3190E4360,0.17590659621232807
5kmN3190E4365,0.16966290040359133
5kmN3190E4370,0.12391439719055941
5kmN3190E4375,0.11061968103500053
5kmN3190E4380,0.11471292800861099
5kmN3190E4385,0.12364182552007286
5kmN3190E4390,0.1293278279629786
5kmN3190E4395,0.12433837548319404
5kmN3190E4400,0.13402476503631555
5kmN3190E4405,0.14741585620317355
5kmN3190E4410,0.15482735601710906
5kmN3190E4415,0.17882905026262919
5kmN3190E4420,0.19831869588007434
5kmN3190E4425,0.19797403505446365
5kmN3190E4430,0.1955928381821368
5kmN3190E4435,0.2067133994691852
5kmN3190E4440,0.21097585018111242
5kmN3190E4445,0.2368262866578339
5kmN3190E4450,0.23167233628430028
5kmN3190E4455,0.22802878459997633
5kmN3190E4460,0.23977608326604682
5kmN3190E4465,0.23604131635678338
5kmN3190E4470,0.20567313197739767
5kmN3190E4475,0.2298978787461503
5kmN3190E4480,0.08363634320568458
5kmN3190E4485,0.06535313895005634
5kmN3190E4490,0.0868241740460014
5kmN3190E4495,0.08414880776841638
5kmN3190E4500,0.08035450763296104
5kmN3190E4505,0.10631427613738498
5kmN3190E4510,0.10774392849675762
5kmN3190E4515,0.11583534535391915
5kmN3190E4520,0.12526541763429866
5kmN3190E4525,0.12762108224167984
5kmN3190E4530,0.14028255009074658
5kmN3190E4535,0.24465055297978372
5kmN3190E4540,0.54398938020307
5kmN3190E4545,0.5528608026891801
5kmN3190E4550,0.5305875724993813
5kmN3190E4555,0.4788346270860662
5kmN3190E4560,0.2991490290233275
5kmN3190E4565,0.08149744520695484
5kmN3190E4570,0.09450621177121304
5kmN3190E4575,0.08049068321765207
5kmN3190E4580,0.04230367987912881
5kmN3190E4585,0.24127489859418727
5kmN3190E4590,0.2585776091308165
5kmN3190E4595,0.26543198650081357
5kmN3190E4600,0.26030958952259275
5kmN3190E4605,0.2793313032932313
5kmN3190E4610,0.2713336051222418
5kmN3190E4615,0.21580783897017397
5kmN3190E4620,0.1991144729065929
5kmN3190E4625,0.21162274545653093
5kmN3190E4630,0.2325741470759108
5kmN3190E4635,0.2552934422564186
5kmN3190E4640,0.2564902189425675
5kmN3195E4040,0.017319876422381253
5kmN3195E4045,-0.00019473936125974367
5kmN3195E4050,-0.020640934378030107
5kmN3195E4055,-0.051823599816029686
5kmN3195E4060,-0.06471683939370759
5kmN3195E4065,-0.03132841786621382
5kmN3195E4070,-0.04302837108427712
5kmN3195E4075,-0.10361633759191391
5kmN3195E4080,-0.09992222108284571
5kmN3195E4085,-0.12872741312109126
5kmN3195E4090,-0.10583652679962119
5kmN3195E4095,-0.09874339404308563
5kmN3195E4100,-0.10829238023008098
5kmN3195E4105,-0.10903021295407758
5kmN3195E4110,-0.09802845032528879
5kmN3195E4115,-0.07877992933381127
5kmN3195E4120,-0.0666267354260026
5kmN3195E4125,-0.08148190215036182
5kmN3195E4130,-0.07572448967927485
5kmN3195E4135,-0.07735714831316408
5kmN3195E4140,-0.10417385679165465
5kmN3195E4145,-0.12547925974170276
5kmN3195E4160,-0.005452921369033803
5kmN3195E4165,-0.015792598502720717
5kmN3195E4170,-0.04280045405275709
5kmN3195E4175,-0.051312202258732204
5kmN3195E4180,-0.03905571774153749
5kmN3195E4185,-0.049609492676294276
5kmN3195E4190,-0.0490609946192814
5kmN3195E4195,-0.012685437847728076
5kmN3195E4200,-0.0291107237523551
5kmN3195E4205,-0.01697681411559865
5kmN3195E4210,-0.03332105548209216
5kmN3195E4215,-0.04177755020395152
5kmN3195E4220,-0.02380012288344041
5kmN3195E4225,-0.06078828253319277
5kmN3195E4230,-0.010222231711997432
5kmN3195E4240,0.07233156655303519
5kmN3195E4245,0.057569473559900386
5kmN3195E4250,0.04313909657192394
5kmN3195E4255,0.0019773226438555835
5kmN3195E4260,0.017482835139909836
5kmN3195E4265,0.046927092594139685
5kmN3195E4270,0.046128700134031975
5kmN3195E4275,0.07983590441933663
5kmN3195E4280,0.07207076962620679
5kmN3195E4285,0.06820882566187603
5kmN3195E4290,0.06598576263034728
5kmN3195E4295,0.08049028097568395
5kmN3195E4300,0.07409317291120732
5kmN3195E4305,0.06964860720188315
5kmN3195E4310,0.07971557577713728
5kmN3195E4315,0.06971073088343527
5kmN3195E4320,0.08192559287637413
5kmN3195E4325,0.08520395675464176
5kmN3195E4330,0.09920805759631679
5kmN3195E4335,0.11760575717301008
5kmN3195E4340,0.13602754709369136
5kmN3195E4345,0.11791344318420488
5kmN3195E4350,0.12384726821365377
5kmN3195E4355,0.13424958269289056
5kmN3195E4360,0.11630235262115618
5kmN3195E4365,0.15560949954226566
5kmN3195E4370,0.15146102391554228
5kmN3195E4375,0.11996874781831901
5kmN3195E4380,0.11326153040043563
5kmN3195E4385,0.12393553662405121
5kmN3195E4390,0.131420273475523
5kmN3195E4395,0.12931394238618144
5kmN3195E4400,0.14877292261420627
5kmN3195E4405,0.15344619834185003
5kmN3195E4410,0.18315934852696036
5kmN3195E4415,0.20140385954890605
5kmN3195E4420,0.19636936834129093
5kmN3195E4425,0.19763493156604994
5kmN3195E4430,0.19489271744637293
5kmN3195E4435,0.21405679672763056
5kmN3195E4440,0.22656896405560423
5kmN3195E4445,0.24559918083301524
5kmN3195E4450,0.24913693159387207
5kmN3195E4455,0.24549194171849786
5kmN3195E4460,0.2394998892695076
5kmN3195E4465,0.2365811187735637
5kmN3195E4470,0.22042383112992414
5kmN3195E4475,0.19537708826060463
5kmN3195E4480,0.032465962315419095
5kmN3195E4485,0.04950269129036888
5kmN3195E4490,0.06681876186486735
5kmN3195E4495,0.08115938800225664
5kmN3195E4500,0.08424181466543512
5kmN3195E4505,0.1024498144457856
5kmN3195E4510,0.10514974063014149
5kmN3195E4515,0.13434936528877361
5kmN3195E4520,0.14751998840946023
5kmN3195E4525,0.11771505351663403
5kmN3195E4530,0.1370107020533834
5kmN3195E4535,0.3488435017696975
5kmN3195E4540,0.4142026504293611
5kmN3195E4545,0.18597239004804578
5kmN3195E4550,0.23129404682657784
5kmN3195E4555,0.14017176140994292
5kmN3195E4560,0.14292916200179578
5kmN3195E4565,0.0869937585381973
5kmN3195E4570,0.08167328711557137
5kmN3195E4575,0.08500689758130558
5kmN3195E4580,0.04203544667148834
5kmN3195E4585,0.19622209541222585
5kmN3195E4590,0.25705893203997243
5kmN3195E4595,0.25824534873678384
5kmN3195E4600,0.265805085150859
5kmN3195E4605,0.26560788383667566
5kmN3195E4610,0.2744099182640718
5kmN3195E4615,0.22209039908983086
5kmN3195E4620,0.2070398665976314
5kmN3195E4625,0.18876075427408512
5kmN3195E4630,0.22059015403359272
5kmN3195E4635,0.25278360333565664
5kmN3195E4640,0.26157299745390616
5kmN3200E4045,-0.03196908719526709
5kmN3200E4050,-0.05821234081489374
5kmN3200E4055,-0.02573288632119436
5kmN3200E4060,-0.02181998190572826
5kmN3200E4065,-0.01530269611620988
5kmN3200E4070,-0.10873412524971554
5kmN3200E4075,-0.09370686093327302
5kmN3200E4080,-0.09879980242722511
5kmN3200E4085,-0.09344709447233465
5kmN3200E4090,-0.09340105036709545
5kmN3200E4095,-0.09725698085422896
5kmN3200E4100,-0.10303781470335677
5kmN3200E4105,-0.10448033779356614
5kmN3200E4110,-0.09900658025298126
5kmN3200E4115,-0.07612038165391134
5kmN3200E4120,-0.09366476493288776
5kmN3200E4125,-0.07526972978043826
5kmN3200E4130,-0.08366650301108249
5kmN3200E4135,-0.09297662585912812
5kmN3200E4140,-0.09300087000400147
5kmN3200E4145,-0.10206808660668912
5kmN3200E4170,-0.01902997361571704
5kmN3200E4175,-0.03620433585771299
5kmN3200E4180,-0.04114415960503573
5kmN3200E4185,-0.048645720959218486
5kmN3200E4190,-0.04600781467342399
5kmN3200E4195,0.004529439449271533
5kmN3200E4200,-0.016344397240985076
5kmN3200E4205,-0.032094589280864255
5kmN3200E4210,-0.052147283659556454
5kmN3200E4215,-0.029004440985339636
5kmN3200E4220,-0.04699099547484939
5kmN3200E4225,-0.01939500440151598
5kmN3200E4230,0.035748622750313874
5kmN3200E4235,0.05155703356566815
5kmN3200E4240,0.04275350977985515
5kmN3200E4245,0.047338438722276055
5kmN3200E4250,0.04396740307646296
5kmN3200E4255,0.03005955531556337
5kmN3200E4260,0.03454111602732707
5kmN3200E4265,0.04283819911081249
5kmN3200E4270,0.1259516222008591
5kmN3200E4275,0.09870569200565293
5kmN3200E4280,0.06444435170095064
5kmN3200E4285,0.07599713151738552
5kmN3200E4290,0.07937615803423292
5kmN3200E4295,0.07098151039408873
5kmN3200E4300,0.08147437052220197
5kmN3200E4305,0.06240476940917772
5kmN3200E4310,0.05170404287968228
5kmN3200E4315,0.05085716671713797
5kmN3200E4320,0.06851583968333852
5kmN3200E4325,0.08221066522341358
5kmN3200E4330,0.09931926838568583
5kmN3200E4335,0.11114064093733139
5kmN3200E4340,0.11909219733722365
5kmN3200E4345,0.10877079175256188
5kmN3200E4350,0.11711276128696879
5kmN3200E4355,0.093359526141092
5kmN3200E4360,0.11392508744867635
5kmN3200E4365,0.15665421934099144
5kmN3200E4370,0.13265155840255438
5kmN3200E4375,0.13285141742346807
5kmN3200E4380,0.13687702475382169
5kmN3200E4385,0.14888474428199183
5kmN3200E4390,0.14953515326367095
5kmN3200E4395,0.1488096190438546
5kmN3200E4400,0.09201260229076491
5kmN3200E4405,-0.018524518413502555
5kmN3200E4410,0.015395318558202309
5kmN3200E4415,0.18811832980451304
5kmN3200E4420,0.21519932534374342
5kmN3200E4425,0.20019315602031051
5kmN3200E4430,0.2065859492848422
5kmN3200E4435,0.2144792563351663
5kmN3200E4440,0.22196190972675578
5kmN3200E4445,0.23487710992963495
5kmN3200E4450,0.25605239748253683
5kmN3200E4455,0.24253730465931123
5kmN3200E4460,0.23690526168747394
5kmN3200E4465,0.2400680134924179
5kmN3200E4470,0.2280162931641706
5kmN3200E4475,0.2276780687374721
5kmN3200E4480,0.04227311067341555
5kmN3200E4485,0.02651587318111015
5kmN3200E4490,0.05506216770505068
5kmN3200E4495,0.047607960728909715
5kmN3200E4500,0.0548841777558684
5kmN3200E4505,0.06921316678780887
5kmN3200E4510,0.09903630331954338
5kmN3200E4515,0.12188648400257895
5kmN3200E4520,0.12744731205881077
5kmN3200E4525,0.11224595670724458
5kmN3200E4530,0.0885758179910297
5kmN3200E4535,0.13915858020563315
5kmN3200E4540,0.1962472609846409
5kmN3200E4545,0.11661329120871328
5kmN3200E4550,0.12210282468699635
5kmN3200E4555,0.1349329897071727
5kmN3200E4560,0.1317274286763369
5kmN3200E4565,0.10045582430885147
5kmN3200E4570,0.08515848292320954
5kmN3200E4575,0.05669520520665927
5kmN3200E4580,0.03973661406150453
5kmN3200E4585,0.2349135720164427
5kmN3200E4590,0.27840754326321365
5kmN3200E4595,0.28257061259148863
5kmN3200E4600,0.2345773605509172
5kmN3200E4605,0.18951950024328373
5kmN3200E4610,0.2717873138419385
5kmN3200E4615,0.25478454358493247
5kmN3200E4620,0.24903265521555673
5kmN3200E4625,0.2375133785329549
5kmN3200E4630,0.2226610451847547
5kmN3200E4635,0.23658873072774644
5kmN3205E4050,-0.029691816627433087
5kmN3205E4055,-0.0010977574027851156
5kmN3205E4090,-0.0856190948962825
5kmN3205E4095,-0.08707989481398659
5kmN3205E4100,-0.10362562541755715
5kmN3205E4105,-0.12023302869948022
5kmN3205E4110,-0.10080570130096933
5kmN3205E4115,-0.09383188818587343
5kmN3205E4120,-0.10889250230603037
5kmN3205E4125,-0.1016394033855925
5kmN3205E4130,-0.09406808168067814
5kmN3205E4135,-0.09790574609679596
5kmN3205E4140,-0.10928351228871193
5kmN3205E4170,-0.030257752942351168
5kmN3205E4175,-0.033125662000349304
5kmN3205E4180,-0.06504070542678159
5kmN3205E4185,-0.05694858673280723
5kmN3205E4190,-0.024030169615307656
5kmN3205E4195,-0.00324785040721029
5kmN3205E4200,-0.001839556541654963
5kmN3205E4205,-0.01191839656083249
5kmN3205E4210,-0.026700206211205002
5kmN3205E4215,-0.053432002038285964
5kmN3205E4220,-0.06193380812064181
5kmN3205E4225,-0.006101794572677177
5kmN3205E4230,0.04440497909092084
5kmN3205E4235,0.029818990544706048
5kmN3205E4240,0.029951500488622163
5kmN3205E4245,0.031198859678386648
5kmN3205E4250,0.03878050866072069
5kmN3205E4255,0.029987948201528336
5kmN3205E4260,0.04134245854572771
5kmN3205E4265,0.14466406586080327
5kmN3205E4270,0.18868989386162516
5kmN3205E4275,0.15582182850132908
5kmN3205E4280,0.09689542630635856
5kmN3205E4285,0.06608503655396258
5kmN3205E4290,0.07474805219498049
5kmN3205E4295,0.08000969931387686
5kmN3205E4300,0.06322884550985602
5kmN3205E4305,0.047882435061942785
5kmN3205E4310,0.046992465469901434
5kmN3205E4315,0.05526160476481423
5kmN3205E4320,0.04598969570086403
5kmN3205E4325,0.042416485843737084
5kmN3205E4330,0.043037169884308224
5kmN3205E4335,0.10810174820213014
5kmN3205E4340,0.11440814665239352
5kmN3205E4345,0.11863807422180705
5kmN3205E4350,0.11269416787110931
5kmN3205E4355,0.07515049227027865
5kmN3205E4360,0.13033375159765148
5kmN3205E4365,0.14442799255781136
5kmN3205E4370,0.1495010482934671
5kmN3205E4375,0.145975170964453
5kmN3205E4380,0.1471700437927943
5kmN3205E4385,0.15313374208544572
5kmN3205E4390,0.15715656000135936
5kmN3205E4395,0.1466528191159996
5kmN3205E4400,0.00753210900276402
5kmN3205E4405,-0.027769783306978435
5kmN3205E4410,-0.005985804781158621
5kmN3205E4415,0.16929995051154734
5kmN3205E4420,0.1423337502455343
5kmN3205E4425,0.08599883237936601
5kmN3205E4430,0.17936643472818026
5kmN3205E4435,0.2169224412819758
5kmN3205E4440,0.23125674760094916
5kmN3205E4445,0.222470981799485
5kmN3205E4450,0.2425039477227382
5kmN3205E4455,0.24288720621190907
5kmN3205E4460,0.23659054932368884
5kmN3205E4465,0.24816997289296538
5kmN3205E4470,0.24083125179714715
5kmN3205E4475,0.17188801401677822
5kmN3205E4480,0.053373619466534294
5kmN3205E4485,0.0549295268571367
5kmN3205E4490,0.044818460672872096
5kmN3205E4495,0.06359021379988727
5kmN3205E4500,0.058594777633127815
5kmN3205E4505,0.06840132380443109
5kmN3205E4510,0.07906987429825185
5kmN3205E4515,0.06578959443072863
5kmN3205E4520,0.07837079544859749
5kmN3205E4525,0.0836210950709837
5kmN3205E4530,0.10041898222168666
5kmN3205E4535,0.09927644884235559
5kmN3205E4540,0.10948476928634282
5kmN3205E4545,0.09954496979720828
5kmN3205E4550,0.10756018178016846
5kmN3205E4555,0.08729297447125434
5kmN3205E4560,0.11575689270152184
5kmN3205E4565,0.08909403512010622
5kmN3205E4570,0.057154949360897045
5kmN3205E4575,0.0556211114608417
5kmN3205E4580,0.0716711557977261
5kmN3205E4585,0.07411054980930404
5kmN3205E4590,0.12320716438581852
5kmN3205E4595,0.09607826367138461
5kmN3205E4600,0.064558923607063
5kmN3205E4605,0.056686137107918644
5kmN3205E4615,0.2568120050034696
5kmN3205E4620,0.24480696971984472
5kmN3205E4625,0.27739952081899116
5kmN3205E4630,0.23054487285066189
5kmN3205E4635,0.24436711834830527
5kmN3205E4640,0.25533463443261684
5kmN3210E4100,-0.089822217509656
5kmN3210E4105,-0.1109777895185522
5kmN3210E4110,-0.0972168748981499
5kmN3210E4115,-0.0942709948839461
5kmN3210E4120,-0.0978229620326911
5kmN3210E4125,-0.09309016749150455
5kmN3210E4130,-0.08644244196887134
5kmN3210E4135,-0.09701300242763601
5kmN3210E4140,-0.11323409622086085
5kmN3210E4145,-0.09548226940277449
5kmN3210E4165,-0.022674864515442816
5kmN3210E4170,-0.03156466568278263
5kmN3210E4175,-0.0464482558706914
5kmN3210E4180,-0.04764417311004604
5kmN3210E4185,-0.04215363748378598
5kmN3210E4190,0.010814229324640268
5kmN3210E4195,0.01860496832241587
5kmN3210E4200,0.006265505981612379
5kmN3210E4205,-0.0010269437572316131
5kmN3210E4210,-0.026748114823713975
5kmN3210E4215,-0.04508717361623882
5kmN3210E4220,-0.07850565763864059
5kmN3210E4225,-0.047668664204573774
5kmN3210E4230,0.018006440428876114
5kmN3210E4235,0.016891553146257232
5kmN3210E4240,0.015947138062145982
5kmN3210E4245,0.022980914812106013
5kmN3210E4250,0.02974059815236152
5kmN3210E4255,0.03177457359440472
5kmN3210E4260,0.04063153816816223
5kmN3210E4265,0.19548186733593192
5kmN3210E4270,0.2058761815470443
5kmN3210E4275,0.19117321319553748
5kmN3210E4280,0.17808873258789548
5kmN3210E4285,0.1291624709150352
5kmN3210E4290,0.12467610199664303
5kmN3210E4295,0.11007542080485971
5kmN3210E4300,0.0470745974593178
5kmN3210E4305,0.04710379991215963
5kmN3210E4310,0.052950043924135826
5kmN3210E4315,0.04369277031181751
5kmN3210E4320,0.04212269257833967
5kmN3210E4325,0.046039919738368185
5kmN3210E4330,0.040805963644187315
5kmN3210E4335,0.045344891447112956
5kmN3210E4340,0.15603667415006472
5kmN3210E4345,0.16914283442720196
5kmN3210E4350,0.09635071504078518
5kmN3210E4355,0.027183393348014506
5kmN3210E4360,0.06461109719005642
5kmN3210E4365,0.1577384976503201
5kmN3210E4370,0.14377764409183513
5kmN3210E4375,0.13876973811222693
5kmN3210E4380,0.1354844911750508
5kmN3210E4385,0.14269559400042442
5kmN3210E4390,0.17656266511259788
5kmN3210E4395,0.03387632137439556
5kmN3210E4400,-0.009882917523328483
5kmN3210E4405,-0.026932602135518624
5kmN3210E4410,-0.0024917478314548935
5kmN3210E4415,0.015865741507021913
5kmN3210E4420,-0.005718067574324026
5kmN3210E4425,-0.009870055903342112
5kmN3210E4430,0.1299217614599224
5kmN3210E4435,0.20839219742316373
5kmN3210E4440,0.22879313722665762
5kmN3210E4445,0.24194568004045502
5kmN3210E4450,0.14230988782492204
5kmN3210E4455,0.21963283455937854
5kmN3210E4460,0.2433058827946225
5kmN3210E4465,0.23444238231556813
5kmN3210E4470,0.2621404788147146
5kmN3210E4475,0.21328400080395182
5kmN3210E4480,0.0697541806702463
5kmN3210E4485,0.04040018463917083
5kmN3210E4490,0.02528642364735645
5kmN3210E4495,-0.05094095220302641
5kmN3210E4500,0.015215815447791825
5kmN3210E4505,0.005638711070736324
5kmN3210E4510,-0.019427003813263788
5kmN3210E4515,0.022970072740203185
5kmN3210E4520,0.03876294796448809
5kmN3210E4525,0.05134979865009748
5kmN3210E4530,0.08160853237227444
5kmN3210E4535,0.06227929299640689
5kmN3210E4540,0.08184358608003622
5kmN3210E4545,0.09744049967005619
5kmN3210E4550,0.11308464419008435
5kmN3210E4555,0.09289991705892658
5kmN3210E4560,0.09664054401818206
5kmN3210E4565,0.09109761933586624
5kmN3210E4570,0.09200048561812318
5kmN3210E4575,0.08323363245721338
5kmN3210E4580,0.07521865303455605
5kmN3210E4585,0.07252673396936904
5kmN3210E4590,0.04594532773096244
5kmN3210E4595,0.05275483534535774
5kmN3210E4600,0.046886785945330134
5kmN3210E4605,0.04520823907030769
5kmN3210E4610,0.05446059831222816
5kmN3210E4615,0.08903615319156283
5kmN3210E4625,0.25683035689817235
5kmN3210E4630,0.2559389712790509
5kmN3210E4635,0.26302736978844476
5kmN3210E4640,0.2703055532299753
5kmN3210E4645,0.27161871944375215
5kmN3215E4095,-0.0720870468417488
5kmN3215E4100,-0.10391720827046552
5kmN3215E4105,-0.10321922049623533
5kmN3215E4110,-0.1039820000940922
5kmN3215E4115,-0.08561933441805294
5kmN3215E4120,-0.10112898421059703
5kmN3215E4125,-0.10221568041206093
5kmN3215E4130,-0.10146673161761166
5kmN3215E4135,-0.08023677745234964
5kmN3215E4140,-0.07512189713586714
5kmN3215E4145,-0.061225004739263345
5kmN3215E4165,-0.02633206190218723
5kmN3215E4170,-0.03368626070737463
5kmN3215E4175,-0.03973600683272002
5kmN3215E4180,-0.04174971202257702
5kmN3215E4185,-0.06148979647489991
5kmN3215E4190,0.013163217586274728
5kmN3215E4195,0.01290498615996541
5kmN3215E4200,0.008220273783569543
5kmN3215E4205,-0.015643610794742496
5kmN3215E4210,-0.0032680240353660517
5kmN3215E4215,-0.03388394797109057
5kmN3215E4220,-0.05929191086512681
5kmN3215E4225,-0.0700412026696357
5kmN3215E4230,0.016397436744233607
5kmN3215E4235,0.009643946279008275
5kmN3215E4240,0.017619868709509934
5kmN3215E4245,0.027870886455772848
5kmN3215E4250,0.031988853366470615
5kmN3215E4255,0.03399826294173791
5kmN3215E4260,0.04564023330445227
5kmN3215E4265,0.1951413724958052
5kmN3215E4270,0.18693447352535464
5kmN3215E4275,0.16866923688525892
5kmN3215E4280,0.17757473227383047
5kmN3215E4285,0.18625105640050366
5kmN3215E4290,0.19353394943115843
5kmN3215E4295,0.11349864537715021
5kmN3215E4300,0.03351992724162217
5kmN3215E4305,0.03516883386255393
5kmN3215E4310,0.04651575920068318
5kmN3215E4315,0.04826589720647867
5kmN3215E4320,0.047423258282441205
5kmN3215E4325,0.03576625446988191
5kmN3215E4330,0.03924365062202506
5kmN3215E4335,0.017039087836639655
5kmN3215E4340,0.09119134335545664
5kmN3215E4345,0.2782421606001073
5kmN3215E4350,0.15971687409286622
5kmN3215E4355,0.031296516257753426
5kmN3215E4360,0.03754165116128383
5kmN3215E4365,0.058098314190763944
5kmN3215E4370,0.07014954723095729
5kmN3215E4375,0.1433628794206525
5kmN3215E4380,0.16974113253452816
5kmN3215E4390,0.007830154799771782
5kmN3215E4395,-0.020267082510644352
5kmN3215E4400,-0.01733591954237157
5kmN3215E4405,-0.011382838564327535
5kmN3215E4410,-0.013738499630441381
5kmN3215E4415,-0.019723207662357023
5kmN3215E4420,-0.013308623987241086
5kmN3215E4425,-0.017327693655885934
5kmN3215E4430,-0.02830174668904334
5kmN3215E4435,0.04733653077718902
5kmN3215E4440,0.18443873292580182
5kmN3215E4445,0.13934058666193616
5kmN3215E4450,0.06057875973247295
5kmN3215E4455,0.0768879076795268
5kmN3215E4460,0.21606985611292207
5kmN3215E4465,0.2548891467875145
5kmN3215E4470,0.2506042551723783
5kmN3215E4475,0.24853050440519042
5kmN3215E4480,0.14112692256114756
5kmN3215E4485,-0.06810775987017315
5kmN3215E4490,-0.08570755437646088
5kmN3215E4495,-0.10035927348792356
5kmN3215E4500,-0.0880589977027118
5kmN3215E4505,-0.0844234480487781
5kmN3215E4510,-0.07974683885476025
5kmN3215E4515,-0.05740330219067824
5kmN3215E4520,0.0028768967261209033
5kmN3215E4525,0.06642334340271039
5kmN3215E4530,0.0839210791735498
5kmN3215E4535,0.0690835249994956
5kmN3215E4545,0.08617442053200186
5kmN3215E4550,0.10513471581419315
5kmN3215E4555,0.11499459425717062
5kmN3215E4560,0.13303745936306333
5kmN3215E4565,0.13972771269693646
5kmN3215E4570,0.06788939253156834
5kmN3215E4575,0.043636721530266154
5kmN3215E4580,0.07775873196092198
5kmN3215E4585,0.07253684531265414
5kmN3215E4590,0.06826123682140689
5kmN3215E4595,0.047491854307788184
5kmN3215E4600,0.0586680527775757
5kmN3215E4605,0.04203259328570913
5kmN3215E4610,0.0670042093900714
5kmN3215E4615,0.075948739336267
5kmN3215E4620,0.20214378681206757
5kmN3215E4630,0.25561316983586657
5kmN3215E4635,0.25656598690972443
5kmN3215E4640,0.2823986062024094
5kmN3215E4645,0.26330275436669304
5kmN3220E4090,-0.06996316374931011
5kmN3220E4095,-0.06776884216806017
5kmN3220E4100,-0.08582959555889016
5kmN3220E4105,-0.09115721376883246
5kmN3220E4110,-0.09153769602914061
5kmN3220E4115,-0.10783220647908431
5kmN3220E4120,-0.09893579334670627
5kmN3220E4125,-0.10076438147180924
5kmN3220E4130,-0.09031973609653052
5kmN3220E4135,-0.05727008757416624
5kmN3220E4140,-0.05762615487992209
5kmN3220E4145,-0.07107407038650773
5kmN3220E4150,-0.07003134661661783
5kmN3220E4155,-0.0877569738312231
5kmN3220E4160,-0.10110765500530666
5kmN3220E4165,-0.05389655703695717
5kmN3220E4170,-0.045747267989591556
5kmN3220E4175,-0.04577025509815186
5kmN3220E4180,-0.04108503062233532
5kmN3220E4185,-0.034225141698217054
5kmN3220E4190,-0.028279817729590484
5kmN3220E4195,-0.019106557968190774
5kmN3220E4200,0.007994722577482183
5kmN3220E4205,0.011018973171021212
5kmN3220E4210,-0.018511616988767604
5kmN3220E4215,-0.03862797753472608
5kmN3220E4220,-0.053224564919222284
5kmN3220E4225,-0.09250177472078014
5kmN3220E4230,-0.06783655866064758
5kmN3220E4235,0.007731455972885326
5kmN3220E4240,-0.026394814040367975
5kmN3220E4245,0.027093711423256617
5kmN3220E4250,0.03023524513907283
5kmN3220E4255,0.027484630944511257
5kmN3220E4260,0.11439513729178952
5kmN3220E4265,0.1898944859930548
5kmN3220E4270,0.18252396071411803
5kmN3220E4275,0.16300675041975532
5kmN3220E4280,0.18201065833876318
5kmN3220E4285,0.18243515990776105
5kmN3220E4290,0.1978427457937209
5kmN3220E4295,0.11616622932863785
5kmN3220E4300,0.03826723218713668
5kmN3220E4305,0.03460815890070934
5kmN3220E4310,0.04506712596173873
5kmN3220E4315,0.04686371090720276
5kmN3220E4320,0.03968156994925487
5kmN3220E4325,0.03673045410786435
5kmN3220E4330,0.03071515736426822
5kmN3220E4335,0.08442110708673228
5kmN3220E4340,0.2170518307657457
5kmN3220E4345,0.24778353888348004
5kmN3220E4350,0.07709161109898283
5kmN3220E4355,0.03034111121352623
5kmN3220E4360,0.04418723326096752
5kmN3220E4365,0.028945755197978817
5kmN3220E4370,0.030827703987273858
5kmN3220E4375,0.06953738472503462
5kmN3220E4380,0.1578937081269023
5kmN3220E4385,0.08786721924683705
5kmN3220E4390,-0.015933026720094334
5kmN3220E4395,-0.018639627631412026
5kmN3220E4400,-0.00920578040626785
5kmN3220E4405,-0.007193102398555085
5kmN3220E4410,-0.009277921600506
5kmN3220E4415,-0.0032245732218821876
5kmN3220E4420,-0.02691563932365193
5kmN3220E4425,-0.03006390385349117
5kmN3220E4430,-0.02880337110402298
5kmN3220E4435,0.002628635855459749
5kmN3220E4440,0.04845836664067438
5kmN3220E4445,0.051626198208958085
5kmN3220E4450,0.042459569030360966
5kmN3220E4455,0.05573529572768543
5kmN3220E4460,0.07471950908851999
5kmN3220E4465,0.08634767576785896
5kmN3220E4470,0.16772088484150194
5kmN3220E4475,0.16339343619035196
5kmN3220E4480,-0.08365288503828205
5kmN3220E4485,-0.08771753248721925
5kmN3220E4490,-0.0959399838003982
5kmN3220E4495,-0.10196808936180629
5kmN3220E4500,-0.0842328774485046
5kmN3220E4505,-0.08581619480943514
5kmN3220E4510,-0.086067916506745
5kmN3220E4515,-0.06272779955259389
5kmN3220E4520,-0.03923937596306931
5kmN3220E4525,0.06833877438461561
5kmN3220E4530,0.06411043253522591
5kmN3220E4535,0.0800301698196706
5kmN3220E4540,0.10174035996219927
5kmN3220E4545,0.11220490793970755
5kmN3220E4550,0.11831944722437021
5kmN3220E4555,0.12852957946001142
5kmN3220E4560,0.11862494788296873
5kmN3220E4565,0.129403443982904
5kmN3220E4570,0.06871832243849174
5kmN3220E4575,0.04025405167892687
5kmN3220E4580,0.046780137022700785
5kmN3220E4585,0.06892343063279571
5kmN3220E4590,0.0679065863215374
5kmN3220E4595,0.05676124027429086
5kmN3220E4600,0.06442813522342994
5kmN3220E4605,0.05979703192613661
5kmN3220E4610,0.10902535713232131
5kmN3220E4615,0.06520927174501878
5kmN3220E4620,0.07760344578735995
5kmN3220E4625,0.20787856093120916
5kmN3220E4630,0.1630657459961557
5kmN3220E4635,0.2231889180686406
5kmN3220E4640,0.166005730085804
5kmN3220E4645,0.13444822318629573
5kmN3225E4095,-0.07290111668510113
5kmN3225E4100,-0.06822024186119344
5kmN3225E4105,-0.07999277624817314
5kmN3225E4110,-0.09472275845661898
5kmN3225E4115,-0.09959320640568883
5kmN3225E4120,-0.09817487160159002
5kmN3225E4125,-0.08570224096066956
5kmN3225E4130,-0.0756257900495925
5kmN3225E4135,-0.05310765889431365
5kmN3225E4140,-0.06357886674685809
5kmN3225E4145,-0.0789064682097313
5kmN3225E4150,-0.09243411963173803
5kmN3225E4155,-0.08758311098755905
5kmN3225E4160,-0.11541984794677268
5kmN3225E4165,-0.09648778353251969
5kmN3225E4170,-0.09169417517362222
5kmN3225E4175,-0.09125650398577945
5kmN3225E4180,-0.08156624684136066
5kmN3225E4185,-0.01774168047815544
5kmN3225E4190,-0.012615750295693784
5kmN3225E4195,-0.018255670788141887
5kmN3225E4200,-0.019149340521949776
5kmN3225E4205,-0.032216926966946946
5kmN3225E4210,-0.046402405159180204
5kmN3225E4215,-0.05055973986728901
5kmN3225E4220,-0.058788260438499496
5kmN3225E4225,-0.08653026789294055
5kmN3225E4230,-0.07546188487704308
5kmN3225E4235,-0.06550984565826362
5kmN3225E4240,-0.08855845520720024
5kmN3225E4245,-0.00024311349671751747
5kmN3225E4250,0.0608189259467532
5kmN3225E4255,0.1684694568058367
5kmN3225E4260,0.19537626269535446
5kmN3225E4265,0.18494400210737283
5kmN3225E4270,0.1829829054152018
5kmN3225E4275,0.19483906414557517
5kmN3225E4280,0.18218669306464558
5kmN3225E4285,0.1494452856769447
5kmN3225E4290,0.11964712020548324
5kmN3225E4295,0.0490952619622369
5kmN3225E4300,0.03169526514315257
5kmN3225E4305,0.029026903618574962
5kmN3225E4310,0.04160526817539745
5kmN3225E4315,0.021973343726923167
5kmN3225E4320,0.017563939603156054
5kmN3225E4325,0.023370896606959235
5kmN3225E4330,0.021877897413856873
5kmN3225E4335,0.1405009542052864
5kmN3225E4340,0.25483932317409785
5kmN3225E4345,0.23609215753574153
5kmN3225E4350,0.1507045416767155
5kmN3225E4355,0.02240422685258814
5kmN3225E4360,0.02444649457921111
5kmN3225E4365,0.025553737179129343
5kmN3225E4370,0.03215430709402145
5kmN3225E4375,0.04209247279833178
5kmN3225E4380,0.14288934233023365
5kmN3225E4385,0.1668577357593441
5kmN3225E4390,0.0972209012002509
5kmN3225E4395,-0.0014409104050743249
5kmN3225E4400,0.005313555631308975
5kmN3225E4405,-0.011245866151643469
5kmN3225E4410,-0.02052466020140875
5kmN3225E4415,-0.01630981712212476
5kmN3225E4420,-0.017344681892799363
5kmN3225E4425,-0.03107961577792584
5kmN3225E4430,-0.062884304246697
5kmN3225E4435,0.011492714186603858
5kmN3225E4440,0.030970919107536132
5kmN3225E4445,0.04727826693825188
5kmN3225E4450,0.05609191291931581
5kmN3225E4455,0.07228819679745158
5kmN3225E4460,0.07326861455412681
5kmN3225E4465,0.06639636341051647
5kmN3225E4475,-0.0862695429037193
5kmN3225E4480,-0.10381458411830385
5kmN3225E4485,-0.09298809291805743
5kmN3225E4490,-0.09210745823227906
5kmN3225E4495,-0.10479025459017433
5kmN3225E4500,-0.09504781529646977
5kmN3225E4505,-0.07155905456199058
5kmN3225E4510,-0.05810699792066348
5kmN3225E4515,-0.046849155295672185
5kmN3225E4520,-0.022127177866409053
5kmN3225E4525,0.05807113919432649
5kmN3225E4530,0.0757800373584015
5kmN3225E4535,0.0910408442193229
5kmN3225E4540,0.10887419507142387
5kmN3225E4545,0.09210494855801366
5kmN3225E4550,0.1074200044565286
5kmN3225E4555,0.09564528649148402
5kmN3225E4560,0.08803152898053873
5kmN3225E4565,0.04388405992550448
5kmN3225E4570,0.03834052673166172
5kmN3225E4575,0.05066288447467693
5kmN3225E4580,0.06073549165568054
5kmN3225E4585,0.06680349024824989
5kmN3225E4590,0.07203315917356373
5kmN3225E4595,0.06987342481855002
5kmN3225E4600,0.10458333983731871
5kmN3225E4605,0.11693315169921581
5kmN3225E4610,0.1352448288070957
5kmN3225E4615,0.11447032626308057
5kmN3225E4620,0.13227936449786304
5kmN3225E4625,0.14998018661820445
5kmN3225E4630,0.14366931238676395
5kmN3225E4635,0.14720477432802404
5kmN3225E4640,0.17669390801268792
5kmN3225E4645,0.14155189311574035
5kmN3230E4105,-0.07938295781278426
5kmN3230E4110,-0.08357788068388455
5kmN3230E4115,-0.09187770905337872
5kmN3230E4120,-0.08463752804391764
5kmN3230E4125,-0.040958608488649156
5kmN3230E4130,-0.06322168890100086
5kmN3230E4135,-0.06434852207575853
5kmN3230E4140,-0.06428314055917847
5kmN3230E4145,-0.05711490937141922
5kmN3230E4150,-0.10347649211863003
5kmN3230E4155,-0.08049619821644005
5kmN3230E4160,-0.0840539304927847
5kmN3230E4165,-0.09532845649838478
5kmN3230E4170,-0.09772889851102334
5kmN3230E4175,-0.08229029689797956
5kmN3230E4180,-0.02146991765124498
5kmN3230E4185,-0.004390683898262249
5kmN3230E4190,-0.0043416588253124555
5kmN3230E4195,-0.015766032695070875
5kmN3230E4200,-0.026357159260866403
5kmN3230E4205,-0.05003881664040394
5kmN3230E4210,-0.05001302112986378
5kmN3230E4215,-0.0599268519770601
5kmN3230E4220,-0.07131818887241803
5kmN3230E4225,-0.08604428976672907
5kmN3230E4230,-0.10492878380275428
5kmN3230E4235,-0.10496812587955989
5kmN3230E4240,-0.089838015258553
5kmN3230E4245,-0.07723709976069243
5kmN3230E4250,-0.03136872768140109
5kmN3230E4255,0.17208856970433672
5kmN3230E4260,0.19431175872129253
5kmN3230E4265,0.19770331272668673
5kmN3230E4270,0.19558910018396236
5kmN3230E4275,0.21444910778179294
5kmN3230E4280,0.19554324633054215
5kmN3230E4285,0.12743782465369508
5kmN3230E4290,0.05136369396695395
5kmN3230E4295,0.045542818906500804
5kmN3230E4300,0.03104268691061557
5kmN3230E4305,0.019955953811718885
5kmN3230E4310,0.017050607899191106
5kmN3230E4315,0.02391035548015885
5kmN3230E4320,0.012708312929101129
5kmN3230E4325,0.027916856734943374
5kmN3230E4330,0.032028159530983646
5kmN3230E4335,0.028342245756434237
5kmN3230E4340,0.015450504955502875
5kmN3230E4345,0.1514244696020446
5kmN3230E4350,0.23115530001765353
5kmN3230E4355,0.15086871235136218
5kmN3230E4360,0.02291872000992251
5kmN3230E4365,0.037410529325810904
5kmN3230E4370,0.06723507426199876
5kmN3230E4375,0.1351027921703819
5kmN3230E4380,0.16687711792121457
5kmN3230E4385,0.16979961913559422
5kmN3230E4390,0.011810319188760854
5kmN3230E4395,-0.002314993008133426
5kmN3230E4400,0.013449184787353241
5kmN3230E4405,-0.01137328609263033
5kmN3230E4410,-0.01812098104195803
5kmN3230E4415,-0.011672745208653024
5kmN3230E4420,-0.018517216728344832
5kmN3230E4425,-0.02637530777535957
5kmN3230E4430,-0.04351056793307101
5kmN3230E4435,-0.0001457198943192184
5kmN3230E4440,0.03440423243227364
5kmN3230E4445,0.05229317945872336
5kmN3230E4450,0.07283435212718548
5kmN3230E4455,0.07730657880516512
5kmN3230E4460,0.09271181910851023
5kmN3230E4465,0.07582080220886345
5kmN3230E4470,0.03612457087009702
5kmN3230E4475,-0.10240390990058501
5kmN3230E4480,-0.0902391448410555
5kmN3230E4485,-0.10024405465277597
5kmN3230E4490,-0.09056520554734682
5kmN3230E4495,-0.10085236468353093
5kmN3230E4500,-0.06659817222984782
5kmN3230E4505,-0.08499122353053329
5kmN3230E4510,-0.05622264478454281
5kmN3230E4515,-0.044370672344286044
5kmN3230E4520,-0.030039449994089973
5kmN3230E4525,0.022596065575229807
5kmN3230E4530,0.1118254473814197
5kmN3230E4535,0.09069573426306615
5kmN3230E4540,0.13209168558916545
5kmN3230E4545,0.13272270268029746
5kmN3230E4550,0.09809496594117278
5kmN3230E4555,0.11483853352911128
5kmN3230E4560,0.08907545397019773
5kmN3230E4565,0.022172708958919318
5kmN3230E4570,0.03279787787740379
5kmN3230E4575,0.03811996942134965
5kmN3230E4580,0.08530591468225623
5kmN3230E4585,0.11475368564143779
5kmN3230E4590,0.08186077062340585
5kmN3230E4595,0.1345260861870261
5kmN3230E4600,0.12183232943140432
5kmN3230E4605,0.13684136831979887
5kmN3230E4610,0.13738959628715552
5kmN3230E4615,0.13312248905047597
5kmN3230E4620,0.13811368527098156
5kmN3230E4625,0.1548883533271287
5kmN3230E4630,0.14993582126914173
5kmN3230E4635,0.15475063298253355
5kmN3230E4640,0.1722468024559215
5kmN3235E4110,-0.09643510556953955
5kmN3235E4115,-0.10905525291748674
5kmN3235E4120,-0.08638992224654524
5kmN3235E4125,-0.05350191828174106
5kmN3235E4130,-0.06063562262261146
5kmN3235E4135,-0.07111250767208291
5kmN3235E4140,-0.07447423690794192
5kmN3235E4145,-0.06969551207872896
5kmN3235E4150,-0.07470408201575957
5kmN3235E4155,-0.07380012185774054
5kmN3235E4160,-0.08975622619320028
5kmN3235E4165,-0.09382265364268566
5kmN3235E4170,-0.08355599731480229
5kmN3235E4175,-0.0583120137233068
5kmN3235E4180,-0.00047373387873322903
5kmN3235E4185,-0.014581128408451549
5kmN3235E4190,-0.007744200713300009
5kmN3235E4195,-0.020190790648526913
5kmN3235E4200,-0.03324627136210351
5kmN3235E4205,-0.048306970613476274
5kmN3235E4210,-0.0534255671155246
5kmN3235E4215,-0.05336445158638503
5kmN3235E4220,-0.04833427344594832
5kmN3235E4225,-0.06184346809324487
5kmN3235E4230,-0.06910332768227595
5kmN3235E4235,-0.06314838588660726
5kmN3235E4240,-0.0824673274911108
5kmN3235E4245,-0.10660420610006066
5kmN3235E4250,-0.02932386043559637
5kmN3235E4255,0.14069780646533947
5kmN3235E4260,0.20369357548960415
5kmN3235E4265,0.2165120295165499
5kmN3235E4270,0.21969219865803835
5kmN3235E4275,0.2094966093124737
5kmN3235E4280,0.1998218010781695
5kmN3235E4285,0.10623745041248661
5kmN3235E4290,0.0648318250379199
5kmN3235E4295,0.0498685468603135
5kmN3235E4300,0.03795420064768262
5kmN3235E4305,0.03631332051141822
5kmN3235E4310,0.019158627709803866
5kmN3235E4315,0.012067409589189226
5kmN3235E4320,-0.010687632587015772
5kmN3235E4325,-0.012695016988827412
5kmN3235E4330,0.0039002684003547894
5kmN3235E4335,-0.006440217768974021
5kmN3235E4340,-0.006874150264477574
5kmN3235E4345,0.010230449039526135
5kmN3235E4350,0.17720028592333775
5kmN3235E4355,0.20233551593671867
5kmN3235E4360,0.11448082684736466
5kmN3235E4365,0.026908865767447
5kmN3235E4370,0.12013910702252062
5kmN3235E4375,0.16985899423352768
5kmN3235E4380,0.16576294774528488
5kmN3235E4385,0.16777847124099682
5kmN3235E4390,0.131415522949955
5kmN3235E4395,0.007730811502188906
5kmN3235E4400,-0.002743193700614932
5kmN3235E4405,0.0031378694664514484
5kmN3235E4410,-0.005922369840236086
5kmN3235E4415,-0.005503029764570289
5kmN3235E4420,-0.020989640082680894
5kmN3235E4425,-0.01238293460360862
5kmN3235E4430,-0.006469782003668212
5kmN3235E4435,0.01801159904077243
5kmN3235E4440,0.034054554838682805
5kmN3235E4445,0.04551040989569899
5kmN3235E4450,0.06609262132397342
5kmN3235E4455,0.07880720298900812
5kmN3235E4460,0.08682841464854951
5kmN3235E4465,0.09740086054044339
5kmN3235E4470,0.10669099315005681
5kmN3235E4475,-0.030044866466158504
5kmN3235E4480,-0.08179361008440883
5kmN3235E4485,-0.08973534496742402
5kmN3235E4490,-0.08922387696758188
5kmN3235E4495,-0.06203619656932685
5kmN3235E4505,-0.05371845721494134
5kmN3235E4510,-0.03805667021939757
5kmN3235E4515,-0.057097407202095385
5kmN3235E4520,-0.023895429345901387
5kmN3235E4525,-0.020644664585605488
5kmN3235E4530,0.04259539043510069
5kmN3235E4535,0.11735368828040588
5kmN3235E4540,0.12280740703279075
5kmN3235E4545,0.11495626396585384
5kmN3235E4550,0.12175505347756244
5kmN3235E4555,0.12251640832500621
5kmN3235E4560,0.0983728984064739
5kmN3235E4565,0.039689803917828614
5kmN3235E4570,0.013655899200882837
5kmN3235E4575,0.029558878707413083
5kmN3235E4580,0.04777113982494691
5kmN3235E4585,0.11046844028325631
5kmN3235E4590,0.11106715194882183
5kmN3235E4595,0.1265014496894441
5kmN3235E4600,0.12424967995240072
5kmN3235E4605,0.12873158571243004
5kmN3235E4610,0.12362150205391403
5kmN3235E4615,0.1510555076918843
5kmN3235E4620,0.1394623363898786
5kmN3235E4625,0.1483193619028984
5kmN3235E4630,0.14677518359995156
5kmN3235E4635,0.10389491371757664
5kmN3235E4640,0.1514240676209765
5kmN3240E4115,0.09040236211287964
5kmN3240E4120,0.05945096539080191
5kmN3240E4125,0.01209187058307698
5kmN3240E4130,0.009116818786411102
5kmN3240E4135,-0.04003308000371736
5kmN3240E4140,-0.07128385098202109
5kmN3240E4145,-0.08183014364516744
5kmN3240E4150,-0.08001194756032326
5kmN3240E4155,-0.09300689652176802
5kmN3240E4160,-0.0881158814757887
5kmN3240E4165,-0.10311827965066217
5kmN3240E4170,-0.08262602271547087
5kmN3240E4175,-0.09443234796870364
5kmN3240E4180,-0.006233262338558421
5kmN3240E4185,-0.05594401127497911
5kmN3240E4190,-0.008058758699741764
5kmN3240E4195,-0.016820766559445643
5kmN3240E4200,-0.029841764850339514
5kmN3240E4205,-0.02291835778163881
5kmN3240E4210,-0.044198365548495544
5kmN3240E4215,-0.018866017410194336
5kmN3240E4220,-0.021716535786100444
5kmN3240E4225,-0.021914845302047348
5kmN3240E4230,-0.036515878457895
5kmN3240E4235,-0.03578972588830387
5kmN3240E4240,-0.058709178283636754
5kmN3240E4245,-0.09939744440409493
5kmN3240E4250,0.11889269660085156
5kmN3240E4255,0.2136888048546549
5kmN3240E4260,0.21629766761616864
5kmN3240E4265,0.21671021774991717
5kmN3240E4270,0.20960648365271206
5kmN3240E4275,0.20901026421814273
5kmN3240E4280,0.10787510343773538
5kmN3240E4285,0.05747111656705789
5kmN3240E4290,0.04614203417093604
5kmN3240E4295,0.037261586246818856
5kmN3240E4300,0.03409201995549094
5kmN3240E4305,0.03212735930343169
5kmN3240E4310,0.038313172743548174
5kmN3240E4315,0.01585376694141527
5kmN3240E4320,0.03599248280473577
5kmN3240E4325,0.003286457138123644
5kmN3240E4330,-0.02005955963160977
5kmN3240E4335,0.008034379273963443
5kmN3240E4340,-0.003314026265792802
5kmN3240E4345,0.011957668771910901
5kmN3240E4350,0.18429982327542063
5kmN3240E4355,0.18824216314338782
5kmN3240E4360,0.17853682713339242
5kmN3240E4365,0.0670928158974004
5kmN3240E4370,0.1574746069542985
5kmN3240E4375,0.1830345876038576
5kmN3240E4380,0.1863110164085101
5kmN3240E4385,0.18763358000857755
5kmN3240E4390,0.043188737606895344
5kmN3240E4395,0.01413375157311958
5kmN3240E4400,0.029228508965359
5kmN3240E4405,0.02809334957288323
5kmN3240E4410,0.02175646150531374
5kmN3240E4415,-0.01844572647277165
5kmN3240E4420,0.00674123127688997
5kmN3240E4425,0.022872989646943953
5kmN3240E4430,0.031031165243189163
5kmN3240E4435,0.03355120793102784
5kmN3240E4440,0.042142530429230995
5kmN3240E4445,0.043726386042889365
5kmN3240E4450,0.08392731427227063
5kmN3240E4455,0.07906856915295823
5kmN3240E4460,0.08787041273775253
5kmN3240E4465,0.10599854204861797
5kmN3240E4470,0.10528390144649119
5kmN3240E4475,-0.07390691401996935
5kmN3240E4480,-0.062215985032748056
5kmN3240E4485,-0.07277798832962484
5kmN3240E4490,-0.06881838126391904
5kmN3240E4495,-0.07682316435691405
5kmN3240E4500,-0.04695107442467633
5kmN3240E4505,-0.062284279761914585
5kmN3240E4510,-0.05806149141919453
5kmN3240E4515,-0.03971626452123905
5kmN3240E4520,-0.03901483334124961
5kmN3240E4525,-0.020146927792290548
5kmN3240E4530,0.008985801641002933
5kmN3240E4535,0.11445370953303102
5kmN3240E4540,0.12891774334269562
5kmN3240E4545,0.1287791838719456
5kmN3240E4550,0.11953518475023811
5kmN3240E4555,0.10288647911208848
5kmN3240E4560,0.06921164780966343
5kmN3240E4565,0.03012066483102044
5kmN3240E4570,0.01607636236604093
5kmN3240E4575,0.016189482226546148
5kmN3240E4580,0.0527074433260909
5kmN3240E4585,0.12414163391319455
5kmN3240E4590,0.10019279441412948
5kmN3240E4595,0.11960972233910239
5kmN3240E4600,0.12117915055942396
5kmN3240E4605,0.12952514287007322
5kmN3240E4610,0.1274813155766289
5kmN3240E4615,0.1320735604347364
5kmN3240E4620,0.13555335415232017
5kmN3240E4625,0.14997434108222174
5kmN3240E4630,0.14250802341624746
5kmN3240E4635,0.1523355942785699
5kmN3240E4640,0.15864762349529515
5kmN3245E4115,0.10191625281503289
5kmN3245E4120,0.08817897610480813
5kmN3245E4125,0.0947645075359165
5kmN3245E4130,0.09370910684949055
5kmN3245E4135,0.026389899320833854
5kmN3245E4140,-0.01865105742894796
5kmN3245E4145,-0.10641645001881034
5kmN3245E4150,-0.10243474269116787
5kmN3245E4155,-0.10945311040493849
5kmN3245E4160,-0.07992152874056174
5kmN3245E4165,-0.07401667102773402
5kmN3245E4170,-0.07939010682965575
5kmN3245E4175,-0.08548169550099902
5kmN3245E4180,-0.04552271886982456
5kmN3245E4185,-0.020133331770814777
5kmN3245E4190,-0.013458095721580798
5kmN3245E4195,-0.012899056449731161
5kmN3245E4200,-0.02650036219321822
5kmN3245E4205,-0.037948192413901405
5kmN3245E4210,-0.05908075111640593
5kmN3245E4215,-0.03833286643180117
5kmN3245E4220,-0.021342781805301636
5kmN3245E4225,-0.035301151270467845
5kmN3245E4230,-0.031517298925914705
5kmN3245E4235,-0.03725530730192411
5kmN3245E4240,-0.04872310196531382
5kmN3245E4245,-0.06183291704495075
5kmN3245E4250,0.0010442090836708107
5kmN3245E4255,0.1695581762104189
5kmN3245E4260,0.21606588212278244
5kmN3245E4265,0.20218760972748984
5kmN3245E4270,0.20178447204344896
5kmN3245E4275,0.20850481775775664
5kmN3245E4280,0.06961325560514481
5kmN3245E4285,0.03993511205355782
5kmN3245E4290,0.0278422943903458
5kmN3245E4315,0.02186914910146215
5kmN3245E4320,0.037504233320003966
5kmN3245E4325,0.019569720845051097
5kmN3245E4330,0.002746579504990354
5kmN3245E4335,-0.023063543123521102
5kmN3245E4340,0.020523106276523873
5kmN3245E4345,0.010598744484374312
5kmN3245E4350,0.01990204863342354
5kmN3245E4355,0.10053531781800568
5kmN3245E4360,0.14553057109874878
5kmN3245E4365,0.1633396973480789
5kmN3245E4370,0.22331228170408607
5kmN3245E4375,0.3308468519798108
5kmN3245E4380,0.20077803076024742
5kmN3245E4385,0.1576499863253783
5kmN3245E4390,0.03638670668548216
5kmN3245E4395,0.014113475156121824
5kmN3245E4400,0.016560778892870665
5kmN3245E4405,0.02202859620117481
5kmN3245E4410,0.02132335336847735
5kmN3245E4415,0.01690744422075563
5kmN3245E4420,0.026913533621866992
5kmN3245E4425,0.03984855503998508
5kmN3245E4430,0.036408028396280434
5kmN3245E4435,0.031427772352944805
5kmN3245E4440,0.03903529270083239
5kmN3245E4445,0.05673452464983042
5kmN3245E4450,0.09804794224542113
5kmN3245E4455,0.11407442082754676
5kmN3245E4460,0.12309711771392956
5kmN3245E4465,0.12580216111060943
5kmN3245E4475,0.0015348364007188864
5kmN3245E4480,-0.046465302360960525
5kmN3245E4485,-0.08519835099811429
5kmN3245E4490,-0.053206399026267004
5kmN3245E4495,-0.07459117941841131
5kmN3245E4500,-0.07379391463108459
5kmN3245E4505,-0.06806062226153214
5kmN3245E4510,-0.05319369864622581
5kmN3245E4515,-0.03764246767534041
5kmN3245E4520,-0.05659368035319279
5kmN3245E4525,-0.030406450549481934
5kmN3245E4530,-0.018283056412129406
5kmN3245E4535,0.0804635579860688
5kmN3245E4540,0.09403750072839817
5kmN3245E4545,0.12868667872257455
5kmN3245E4560,0.044636588904346464
5kmN3245E4565,0.020177540395881155
5kmN3245E4570,0.012837154129269612
5kmN3245E4575,0.02554404575968927
5kmN3245E4580,0.04825954313912184
5kmN3245E4585,0.11689210914167636
5kmN3245E4590,0.10347768092191734
5kmN3245E4595,0.09902131834585509
5kmN3245E4600,0.12535005901138585
5kmN3245E4605,0.1251816874216043
5kmN3245E4610,0.13802397152964196
5kmN3245E4615,0.1384046177703655
5kmN3245E4620,0.13978569386762874
5kmN3245E4625,0.11313400995989653
5kmN3245E4630,0.14102490248118
5kmN3245E4635,0.14645130182723476
5kmN3245E4640,0.14265676028865082
5kmN3250E4120,0.100668041738598
5kmN3250E4125,0.09394925217940842
5kmN3250E4130,0.05263645697743152
5kmN3250E4135,0.003911217926159394
5kmN3250E4140,0.012627893594325784
5kmN3250E4145,-0.0337188565656929
5kmN3250E4150,-0.06105573852878676
5kmN3250E4155,-0.09299510833286745
5kmN3250E4160,-0.0726718239456835
5kmN3250E4165,-0.07972002136417045
5kmN3250E4170,-0.05130651768162292
5kmN3250E4175,-0.06182925078177015
5kmN3250E4180,-0.01801566411338812
5kmN3250E4185,-0.017015193937963857
5kmN3250E4190,0.000357958947848791
5kmN3250E4195,-0.017304386929252402
5kmN3250E4200,-0.03163385035753685
5kmN3250E4205,-0.040331520028341006
5kmN3250E4210,-0.041545005331989515
5kmN3250E4215,-0.017404139437065147
5kmN3250E4220,-0.019010933400260832
5kmN3250E4225,-0.03410875769881483
5kmN3250E4230,-0.022767495391506076
5kmN3250E4235,-0.022897159556854507
5kmN3250E4240,-0.03014488793994946
5kmN3250E4245,-0.04308699375932068
5kmN3250E4250,-0.056170278542485796
5kmN3250E4255,-0.025758125393745057
5kmN3250E4260,0.21347156965620795
5kmN3250E4265,0.22389008944333277
5kmN3250E4270,0.2086493549422152
5kmN3250E4275,0.16237788450130752
5kmN3250E4280,0.07219697693298083
5kmN3250E4285,0.015272453031962174
5kmN3250E4290,0.01483958581823841
5kmN3250E4315,0.022784517128987658
5kmN3250E4320,0.036581167324183705
5kmN3250E4325,0.047026597279582194
5kmN3250E4330,0.020069852743831273
5kmN3250E4335,0.010176586844928504
5kmN3250E4340,0.013862506336053626
5kmN3250E4345,-0.024656670483821752
5kmN3250E4350,-0.08320685125372745
5kmN3250E4355,-0.09069731327149105
5kmN3250E4360,-0.01984258440900666
5kmN3250E4365,0.22320039876928371
5kmN3250E4370,0.41931088137638645
5kmN3250E4375,0.4362913122330914
5kmN3250E4380,0.20259554425727244
5kmN3250E4385,0.17295372766522898
5kmN3250E4390,0.1083407775658799
5kmN3250E4395,0.010685649380923423
5kmN3250E4400,0.030015670553523166
5kmN3250E4405,0.007022737200618856
5kmN3250E4410,0.035948776644372904
5kmN3250E4415,0.048613628355139715
5kmN3250E4420,0.03150540454118189
5kmN3250E4430,0.0497785007836149
5kmN3250E4435,0.07123032249550348
5kmN3250E4440,0.06200865284606827
5kmN3250E4445,-0.039374330897910204
5kmN3250E4450,0.04839733384957223
5kmN3250E4455,0.09387665066688844
5kmN3250E4460,0.11284271390896516
5kmN3250E4465,0.130069302790151
5kmN3250E4470,0.13519252359388462
5kmN3250E4475,0.032070829517187815
5kmN3250E4480,-0.07246699248574917
5kmN3250E4485,-0.17474789232084725
5kmN3250E4490,-0.11860152747155445
5kmN3250E4495,-0.07917472176536938
5kmN3250E4500,-0.027890720153121384
5kmN3250E4505,-0.03237710199694571
5kmN3250E4510,-0.04001900929236629
5kmN3250E4515,-0.04526827584819787
5kmN3250E4520,-0.05099468667892426
5kmN3250E4525,-0.04297627739579046
5kmN3250E4530,0.012612451310869105
5kmN3250E4535,-0.0007543787490808529
5kmN3250E4540,0.034508378366925385
5kmN3250E4560,0.019328346940213292
5kmN3250E4570,0.003326923822632055
5kmN3250E4575,0.05944501973272481
5kmN3250E4580,0.0970851912608981
5kmN3250E4585,0.12818132480788125
5kmN3250E4590,0.11971002170519057
5kmN3250E4595,0.1188801681748975
5kmN3250E4600,0.12055919159393125
5kmN3250E4605,0.13564358546299526
5kmN3250E4610,0.13830688893354193
5kmN3250E4615,0.13950497765427528
5kmN3250E4620,0.09978174333165163
5kmN3250E4625,0.08778330413466162
5kmN3250E4630,0.10650232027916046
5kmN3255E4115,0.0996941436715677
5kmN3255E4120,0.09220679897076067
5kmN3255E4125,0.08367633971430677
5kmN3255E4130,0.0453689353287251
5kmN3255E4135,0.014481576130226798
5kmN3255E4140,0.0015955885061737507
5kmN3255E4145,-0.006818420426588506
5kmN3255E4150,-0.00792231600270224
5kmN3255E4155,-0.055384369289782576
5kmN3255E4160,-0.07399055067951793
5kmN3255E4165,-0.021848325918538247
5kmN3255E4170,0.005425407901773371
5kmN3255E4175,0.0035405791206675197
5kmN3255E4180,-0.019694678670365284
5kmN3255E4185,-0.028311937436033385
5kmN3255E4190,-0.024304335816973166
5kmN3255E4195,-0.02509353234395567
5kmN3255E4200,-0.03482992455500178
5kmN3255E4205,-0.024985671434678947
5kmN3255E4210,-0.0029809150478132262
5kmN3255E4215,-0.014602137446536378
5kmN3255E4220,-0.011902247935403287
5kmN3255E4225,-0.024165640641726216
5kmN3255E4230,-0.001795782382397193
5kmN3255E4235,0.03510463345238668
5kmN3255E4240,0.03153740361650509
5kmN3255E4245,0.0213649768528274
5kmN3255E4250,-0.04840072646888832
5kmN3255E4255,-0.05119402295112002
5kmN3255E4260,0.03712247288037662
5kmN3255E4265,0.12476129335166064
5kmN3255E4270,0.19657212235119953
5kmN3255E4275,0.13075394238537374
5kmN3255E4280,0.03387824261915967
5kmN3255E4285,0.06139266045958408
5kmN3255E4310,0.037525819061923094
5kmN3255E4315,0.04561252474428351
5kmN3255E4320,0.05835250060172403
5kmN3255E4325,0.06545318577145443
5kmN3255E4330,0.0744200098622827
5kmN3255E4335,0.04328118573131051
5kmN3255E4340,0.004637492235613938
5kmN3255E4345,-0.07439065051428709
5kmN3255E4350,-0.05652999282142063
5kmN3255E4355,-0.0687078167051311
5kmN3255E4360,-0.0709774098712605
5kmN3255E4365,0.37289601593818866
5kmN3255E4370,0.36976403205319325
5kmN3255E4375,0.4096728430824865
5kmN3255E4380,0.2598413975977606
5kmN3255E4385,0.10255506617723675
5kmN3255E4390,0.016990202217550654
5kmN3255E4395,0.0014120281776786037
5kmN3255E4400,-0.004065833376129646
5kmN3255E4405,0.006660511533717495
5kmN3255E4410,0.01729678064614648
5kmN3255E4415,-0.0063454283776518405
5kmN3255E4420,-0.07948080069856112
5kmN3255E4430,0.07335733864190724
5kmN3255E4435,0.054871367792539094
5kmN3255E4440,-0.000460386945151825
5kmN3255E4445,-0.04713419244380823
5kmN3255E4450,-0.03497465980479497
5kmN3255E4455,0.09383163226001295
5kmN3255E4460,0.11057466648354075
5kmN3255E4465,0.10783425850661765
5kmN3255E4470,0.13487680659112822
5kmN3255E4475,0.007918276276312197
5kmN3255E4480,-0.0908186230283734
5kmN3255E4485,-0.15939327021204736
5kmN3255E4490,-0.15314235014486077
5kmN3255E4495,-0.10234964659528967
5kmN3255E4500,-0.04430786975978218
5kmN3255E4505,-0.03131205789653185
5kmN3255E4510,-0.019877459517384843
5kmN3255E4515,-0.04627501249088195
5kmN3255E4520,-0.013500638381666763
5kmN3255E4525,-0.005656752628082795
5kmN3255E4530,0.009601248443819793
5kmN3255E4535,-0.019931376234441467
5kmN3255E4540,-0.03687426515558667
5kmN3255E4555,-0.0002708846921919972
5kmN3255E4575,0.11384463675378054
5kmN3255E4580,0.13665652433386166
5kmN3255E4585,0.11592689806025203
5kmN3255E4590,0.12030344181341884
5kmN3255E4595,0.07877468181818864
5kmN3255E4600,0.13486894006615902
5kmN3255E4605,0.12243617896976389
5kmN3255E4610,0.14265215724845015
5kmN3255E4615,0.13349809891171432
5kmN3255E4620,0.10640608382388944
5kmN3255E4625,0.07365662010323137
5kmN3255E4630,0.09750535289402718
5kmN3260E4105,0.11879847737930735
5kmN3260E4110,0.1080890047261073
5kmN3260E4115,0.09962863795552335
5kmN3260E4120,0.06210576016427721
5kmN3260E4125,0.08306330265903505
5kmN3260E4130,0.06073205624585842
5kmN3260E4135,0.021949122535383447
5kmN3260E4140,0.00018987171463913377
5kmN3260E4145,-0.0050958895741689825
5kmN3260E4150,-0.008841323074675472
5kmN3260E4155,-0.03933296450005758
5kmN3260E4160,-0.037398664137969495
5kmN3260E4165,-0.012095206701759065
5kmN3260E4170,-0.014600112983867652
5kmN3260E4175,-0.007897904750950702
5kmN3260E4180,-0.00502362121882155
5kmN3260E4185,-0.04382536572266402
5kmN3260E4190,-0.15095859874072654
5kmN3260E4195,-0.10347565714144308
5kmN3260E4200,-0.033745989097218765
5kmN3260E4205,0.02015871824854637
5kmN3260E4210,0.024649742078535708
5kmN3260E4215,-0.0049616984586906
5kmN3260E4220,-0.026544793615219553
5kmN3260E4225,-0.01654746345081426
5kmN3260E4230,0.003357785853721873
5kmN3260E4235,0.03428246596295531
5kmN3260E4240,0.02766404862245253
5kmN3260E4245,0.02810095698937648
5kmN3260E4250,-0.002422891606178923
5kmN3260E4255,-0.04442703749951732
5kmN3260E4260,-0.0009132465732308859
5kmN3260E4265,0.016315971487791847
5kmN3260E4270,0.055728216022970734
5kmN3260E4275,0.0922474498107056
5kmN3260E4280,0.07018568967654548
5kmN3260E4285,0.07130111585477528
5kmN3260E4290,0.05376256156426368
5kmN3260E4295,0.03327341436467551
5kmN3260E4300,0.017717722250158996
5kmN3260E4305,0.04336038899210315
5kmN3260E4310,0.05928872063202595
5kmN3260E4315,0.05442110141842016
5kmN3260E4320,0.06490073629511678
5kmN3260E4325,0.06596897728185186
5kmN3260E4330,0.05824289950636946
5kmN3260E4335,0.06634078739422694
5kmN3260E4340,-0.06141440662578354
5kmN3260E4345,-0.08359771165308294
5kmN3260E4350,-0.05835637896842877
5kmN3260E4355,-0.08602259044148436
5kmN3260E4360,-0.06417420690383929
5kmN3260E4365,0.01663494786541675
5kmN3260E4370,0.22052473948382517
5kmN3260E4375,0.31213032545727476
5kmN3260E4380,0.09667009322226966
5kmN3260E4385,0.004904740269519037
5kmN3260E4390,-0.007408514856084958
5kmN3260E4395,-0.09657642792077548
5kmN3260E4400,-0.10014065358850421
5kmN3260E4405,-0.08338629084817606
5kmN3260E4410,-0.07732410773717846
5kmN3260E4415,-0.05727158074300609
5kmN3260E4420,-0.06689800258953049
5kmN3260E4425,-0.05154391825373261
5kmN3260E4435,-0.020155979787917055
5kmN3260E4440,-0.04432200192021907
5kmN3260E4445,-0.04372285928379527
5kmN3260E4450,-0.04625449102042378
5kmN3260E4455,0.07064396265771733
5kmN3260E4460,0.13096951561374715
5kmN3260E4465,0.12491131097219677
5kmN3260E4470,0.1527531432456251
5kmN3260E4475,0.06863587440868785
5kmN3260E4480,-0.12420714743784328
5kmN3260E4485,-0.12313127674009877
5kmN3260E4490,-0.10851849768010019
5kmN3260E4495,-0.08894096350343977
5kmN3260E4500,-0.04890889177916996
5kmN3260E4505,-0.024905750270156513
5kmN3260E4510,-0.01367492656688879
5kmN3260E4515,-0.024974078362550778
5kmN3260E4520,-0.01588350733720173
5kmN3260E4525,-0.023133797664881606
5kmN3260E4535,-0.05494382144433116
5kmN3260E4575,0.10253633894044306
5kmN3260E4580,0.09433510485139995
5kmN3260E4585,0.11164616534087501
5kmN3260E4590,0.11255885774681473
5kmN3260E4595,0.1058677531605614
5kmN3260E4600,0.11786494096099986
5kmN3260E4605,0.12152891746237171
5kmN3260E4610,0.08781260899119991
5kmN3260E4615,-0.009082563957546363
5kmN3260E4620,0.008928275916650685
5kmN3260E4625,0.03615266422715141
5kmN3260E4630,0.08835067027606713
5kmN3265E4095,0.12391216981016906
5kmN3265E4100,0.10940458168910977
5kmN3265E4105,0.10508316541490453
5kmN3265E4110,0.10221403664194403
5kmN3265E4115,0.10127192630007362
5kmN3265E4120,0.07958308523721339
5kmN3265E4125,0.06658203961110193
5kmN3265E4130,0.06408448899122379
5kmN3265E4135,0.015537237366093887
5kmN3265E4140,0.0017751134683048342
5kmN3265E4145,0.003122159529124424
5kmN3265E4150,-0.0009210383138979483
5kmN3265E4155,0.00033714757243663573
5kmN3265E4160,0.002672651690748984
5kmN3265E4165,0.015012211125864094
5kmN3265E4170,-0.009030188590526567
5kmN3265E4175,-0.0039819114528430455
5kmN3265E4180,-0.017689004093040694
5kmN3265E4185,-0.07151925778225529
5kmN3265E4190,-0.17920516865360323
5kmN3265E4195,-0.19649413066820842
5kmN3265E4200,-0.15007732781051122
5kmN3265E4205,0.0021750762268942236
5kmN3265E4210,0.05255854018794265
5kmN3265E4215,0.03234654783027152
5kmN3265E4220,0.019678051895217485
5kmN3265E4225,-0.005094692974287274
5kmN3265E4230,0.010618545928429701
5kmN3265E4235,0.03677438586196541
5kmN3265E4240,0.04224689025443401
5kmN3265E4245,0.012267804072319977
5kmN3265E4250,0.018475768438101392
5kmN3265E4255,-0.014084635432238535
5kmN3265E4260,-0.004885392033267322
5kmN3265E4265,0.018256637609994797
5kmN3265E4270,0.08500781672879071
5kmN3265E4275,0.06803185525253524
5kmN3265E4280,0.07087479703288457
5kmN3265E4285,0.0742152306160122
5kmN3265E4290,0.0733510853815344
5kmN3265E4295,0.06524101739107241
5kmN3265E4300,0.056159983352433274
5kmN3265E4305,0.07525516473694854
5kmN3265E4310,0.06377352052241841
5kmN3265E4315,0.07871876214349388
5kmN3265E4320,0.06510759432865515
5kmN3265E4325,0.044005362155511374
5kmN3265E4330,0.01327126700151221
5kmN3265E4335,0.01606669635188329
5kmN3265E4340,-0.06401896823313069
5kmN3265E4345,-0.05891301622783052
5kmN3265E4350,-0.06412121907619966
5kmN3265E4355,-0.05992098491167347
5kmN3265E4360,-0.055515640713573566
5kmN3265E4365,-0.0775862338355488
5kmN3265E4370,-0.07188807411900872
5kmN3265E4375,-0.06967245861897758
5kmN3265E4380,-0.060267641447584175
5kmN3265E4385,-0.059943358495379295
5kmN3265E4390,-0.07544364668445369
5kmN3265E4395,-0.1007588517577086
5kmN3265E4400,-0.10790826561461919
5kmN3265E4405,-0.09799277661586203
5kmN3265E4410,-0.07121799026109055
5kmN3265E4415,-0.07362542849947096
5kmN3265E4420,-0.0616790634039317
5kmN3265E4435,-0.042086622913116156
5kmN3265E4440,-0.03670850629661271
5kmN3265E4445,-0.039385570280722426
5kmN3265E4450,-0.027583642397355557
5kmN3265E4455,0.11554739026594851
5kmN3265E4460,0.13148658099199428
5kmN3265E4465,0.09258548661067334
5kmN3265E4470,0.1028394572217668
5kmN3265E4475,-0.034881898194802585
5kmN3265E4480,-0.104810674574699
5kmN3265E4485,-0.02499296855248634
5kmN3265E4490,0.001427444147498902
5kmN3265E4495,-0.01580353133449558
5kmN3265E4500,-0.014342740544591892
5kmN3265E4505,-0.04745785714672368
5kmN3265E4510,-0.09618549126395198
5kmN3265E4515,-0.08565580841270365
5kmN3265E4520,-0.011609152674505019
5kmN3265E4525,-0.07494856730083468
5kmN3265E4575,-0.04995663287927882
5kmN3265E4580,-0.01893781077265133
5kmN3265E4585,0.0915735677845777
5kmN3265E4590,0.05472377641916987
5kmN3265E4595,0.08354035212351285
5kmN3265E4600,0.09362729681374926
5kmN3265E4605,0.12555049723640177
5kmN3265E4610,-0.0020668316088858774
5kmN3265E4615,-0.07087424466825587
5kmN3265E4620,-0.056557002722138816
5kmN3265E4625,-0.059853712741438914
5kmN3265E4630,-0.059403448053449215
5kmN3270E4095,0.11125904230649722
5kmN3270E4100,0.1011285971237908
5kmN3270E4105,0.11542594628444272
5kmN3270E4110,0.1030545841243562
5kmN3270E4115,0.08898104418712124
5kmN3270E4120,0.09190589648099762
5kmN3270E4125,0.06098818896788438
5kmN3270E4130,0.053816231644247536
5kmN3270E4135,0.010898268616492235
5kmN3270E4140,-0.009579550835497691
5kmN3270E4145,0.0016165395623468637
5kmN3270E4150,-0.004694668056419715
5kmN3270E4155,-0.005712511173185636
5kmN3270E4160,-0.004376000313479234
5kmN3270E4165,0.0029842307793107037
5kmN3270E4170,-0.0015123575658408939
5kmN3270E4175,-0.008925741232511275
5kmN3270E4180,-0.012549831056656469
5kmN3270E4185,-0.09234149142014295
5kmN3270E4190,-0.1879512924837416
5kmN3270E4195,-0.18834591171142667
5kmN3270E4200,-0.19809471893023572
5kmN3270E4205,-0.0991321705865768
5kmN3270E4210,0.021262610409629956
5kmN3270E4215,0.04403290234171381
5kmN3270E4220,0.03540338965368267
5kmN3270E4225,0.027521175164936518
5kmN3270E4230,0.02231607134063468
5kmN3270E4235,0.025078648283453187
5kmN3270E4240,0.02837574869213222
5kmN3270E4245,0.041758057031125284
5kmN3270E4250,0.017460633838319084
5kmN3270E4255,0.010539117887788219
5kmN3270E4260,0.00471409837294734
5kmN3270E4265,0.013493277268054826
5kmN3270E4270,0.04565144073863142
5kmN3270E4275,0.060186552027589324
5kmN3270E4280,0.08149030717855837
5kmN3270E4285,0.07617348003816621
5kmN3270E4290,0.06664273282267141
5kmN3270E4295,0.07505134454582019
5kmN3270E4300,0.056931049602500006
5kmN3270E4305,0.055023616206051895
5kmN3270E4310,0.06579077599806049
5kmN3270E4315,0.0932111127027434
5kmN3270E4320,0.02689812723757562
5kmN3270E4325,0.020117158989414907
5kmN3270E4330,0.02919809366607168
5kmN3270E4335,0.029434973461678338
5kmN3270E4340,0.020022221442084598
5kmN3270E4345,-0.01763897533339892
5kmN3270E4350,-0.07558112122252975
5kmN3270E4355,-0.05286995062300842
5kmN3270E4360,-0.04896066492018608
5kmN3270E4365,-0.07188013439811569
5kmN3270E4370,-0.0513147417475765
5kmN3270E4375,-0.03638481701373508
5kmN3270E4380,-0.061741243154521036
5kmN3270E4385,-0.1173656723580847
5kmN3270E4390,-0.10005532202324707
5kmN3270E4395,-0.09204823108920757
5kmN3270E4400,-0.08532420241396521
5kmN3270E4405,-0.08880499856278035
5kmN3270E4410,-0.06421791453885584
5kmN3270E4415,-0.05177008812949768
5kmN3270E4420,-0.06405704835075399
5kmN3270E4425,-0.0644586759095348
5kmN3270E4430,-0.04230588775075195
5kmN3270E4435,-0.050611769107650306
5kmN3270E4440,-0.036489671463801
5kmN3270E4445,-0.04759319294254172
5kmN3270E4450,-0.03041560545116917
5kmN3270E4455,0.00926194871074082
5kmN3270E4460,0.027187970162504183
5kmN3270E4465,-0.04398991822420473
5kmN3270E4470,-0.1057776862216458
5kmN3270E4475,-0.11562579382809135
5kmN3270E4480,-0.11888786594951656
5kmN3270E4485,-0.01646122317558124
5kmN3270E4490,-0.04133111149464874
5kmN3270E4495,-0.04559294386312018
5kmN3270E4500,-0.027058467462764912
5kmN3270E4505,-0.06546689740023337
5kmN3270E4510,-0.08713946929010874
5kmN3270E4515,-0.12080492279090527
5kmN3270E4520,-0.10028864664554504
5kmN3270E4525,-0.13698487360708683
5kmN3270E4570,-0.07978761467466605
5kmN3270E4575,-0.13621466380289154
5kmN3270E4580,-0.12360979860922539
5kmN3270E4585,-0.07860164595857339
5kmN3270E4590,-0.06604067579687162
5kmN3270E4595,-0.05784824682090983
5kmN3270E4600,-0.07162590420576737
5kmN3270E4605,0.033483830510197654
5kmN3270E4610,-0.06847716190780434
5kmN3270E4615,-0.07944772411387302
5kmN3270E4620,-0.07773615969022685
5kmN3270E4625,-0.08130631763591967
5kmN3270E4630,-0.07266716720251842
5kmN3275E4095,0.12205209883945067
5kmN3275E4100,0.11191859166288265
5kmN3275E4105,0.10559839208399621
5kmN3275E4110,0.09316039728297712
5kmN3275E4115,0.09591543194610946
5kmN3275E4120,0.08942354502566183
5kmN3275E4125,0.044165225711717104
5kmN3275E4130,0.004920501358505969
5kmN3275E4135,-0.019521075070399352
5kmN3275E4140,-0.005297798161314482
5kmN3275E4145,-0.008966359192099427
5kmN3275E4150,-0.011224645105375769
5kmN3275E4155,-0.016518638731296498
5kmN3275E4160,-0.007475424395872732
5kmN3275E4165,0.016186025007506766
5kmN3275E4170,0.0012616614713037988
5kmN3275E4175,-0.015648942502937024
5kmN3275E4180,-0.027202082141205175
5kmN3275E4185,-0.06479328872980852
5kmN3275E4190,-0.19595595032744412
5kmN3275E4195,-0.2157654428989781
5kmN3275E4200,-0.20308336188591342
5kmN3275E4205,-0.026592607844804605
5kmN3275E4210,0.03575543997285313
5kmN3275E4215,0.04535203130965754
5kmN3275E4220,0.03483910435580323
5kmN3275E4225,0.02962866676732595
5kmN3275E4230,0.023255606208677337
5kmN3275E4235,0.013912096401542673
5kmN3275E4240,0.01739054789185146
5kmN3275E4245,0.038279528809450125
5kmN3275E4250,0.03321865035181648
5kmN3275E4255,0.012138334828057429
5kmN3275E4260,0.01742409569552128
5kmN3275E4265,0.01840312915107628
5kmN3275E4270,0.025347223821313825
5kmN3275E4275,0.0556378578790801
5kmN3275E4280,0.07691331050530797
5kmN3275E4285,0.05879848129135751
5kmN3275E4290,0.069346460113197
5kmN3275E4295,0.014704900385362596
5kmN3275E4300,0.03930089360696748
5kmN3275E4305,0.028166446673692114
5kmN3275E4315,0.02562616091204889
5kmN3275E4320,0.0029340213557790262
5kmN3275E4325,0.01365401655458065
5kmN3275E4330,0.026298699428703165
5kmN3275E4335,0.036726057140899826
5kmN3275E4340,0.04222225958968162
5kmN3275E4345,0.008732920808877942
5kmN3275E4350,-0.06119633383126227
5kmN3275E4355,-0.0582729628041867
5kmN3275E4360,-0.050683630104623234
5kmN3275E4365,-0.05443485030849887
5kmN3275E4370,-0.0667363513632025
5kmN3275E4375,-0.06362764524382158
5kmN3275E4380,-0.06809144030844744
5kmN3275E4385,-0.1025080890089835
5kmN3275E4390,-0.11262799877467833
5kmN3275E4395,-0.09086218191421747
5kmN3275E4400,-0.09018956707200587
5kmN3275E4405,-0.07646067702601744
5kmN3275E4410,-0.045351651016852346
5kmN3275E4415,-0.04801371610359595
5kmN3275E4420,-0.043625953657497996
5kmN3275E4425,-0.029306699790311974
5kmN3275E4430,-0.04412573413784093
5kmN3275E4435,-0.030532092056061888
5kmN3275E4440,-0.02360576781258228
5kmN3275E4445,-0.056574163827867396
5kmN3275E4450,-0.01813465892048638
5kmN3275E4455,-0.01108118197138186
5kmN3275E4460,0.006387469690229297
5kmN3275E4465,-0.029746563663945735
5kmN3275E4470,-0.10934077820968097
5kmN3275E4475,-0.11586900623572943
5kmN3275E4480,-0.11483599132042566
5kmN3275E4485,-0.07956852402796433
5kmN3275E4490,-0.08140965255814675
5kmN3275E4495,-0.08928720648451954
5kmN3275E4500,-0.0952516752619127
5kmN3275E4505,-0.09136713114636119
5kmN3275E4510,-0.09802879218856742
5kmN3275E4515,-0.10667287643827716
5kmN3275E4520,-0.10220666198089934
5kmN3275E4570,-0.1321800461129094
5kmN3275E4575,-0.1270303583444643
5kmN3275E4580,-0.10300984012758752
5kmN3275E4585,-0.09599545742806687
5kmN3275E4590,-0.08176100324581304
5kmN3275E4595,-0.08040800355142641
5kmN3275E4600,-0.08423165139940442
5kmN3275E4605,-0.08239360634238413
5kmN3275E4610,-0.07270667680269471
5kmN3275E4615,-0.08763179503440482
5kmN3275E4620,-0.0936279700328091
5kmN3275E4625,-0.08777718004929946
5kmN3275E4630,-0.07822513381909874
5kmN3275E4635,-0.06396264724805201
5kmN3280E4095,0.11094904910173745
5kmN3280E4100,0.10192222930030906
5kmN3280E4105,0.09611536833534845
5kmN3280E4110,0.09437772656214397
5kmN3280E4115,0.06953005423017294
5kmN3280E4120,0.0392541356561569
5kmN3280E4125,0.013930496268992537
5kmN3280E4130,0.01144700964472914
5kmN3280E4135,0.0020404331316574986
5kmN3280E4140,-0.0035609631798413366
5kmN3280E4145,-0.0038575626152690945
5kmN3280E4150,-0.013534357777059913
5kmN3280E4155,-0.007148081767799241
5kmN3280E4160,0.0021668764948489794
5kmN3280E4165,0.01353906857127779
5kmN3280E4170,0.010502744343869108
5kmN3280E4175,-0.003720616339809746
5kmN3280E4180,-0.01537622023870433
5kmN3280E4185,-0.0380076143851909
5kmN3280E4190,-0.18276711852659072
5kmN3280E4195,-0.20525097721361246
5kmN3280E4200,-0.19178196566872766
5kmN3280E4205,0.012992995187978196
5kmN3280E4210,0.035681183076353096
5kmN3280E4215,0.02559086867058752
5kmN3280E4220,0.038333040717677236
5kmN3280E4225,0.03229825496844718
5kmN3280E4230,0.02864180208788325
5kmN3280E4235,0.0284632011925392
5kmN3280E4240,0.009956185363981962
5kmN3280E4245,0.01814422840231833
5kmN3280E4250,0.02329304423039308
5kmN3280E4255,0.03562751360283967
5kmN3280E4260,0.019964137058357978
5kmN3280E4265,0.0005677181949761967
5kmN3280E4270,0.01582569560515712
5kmN3280E4275,0.02247169760653256
5kmN3280E4280,0.031161261827416853
5kmN3280E4285,0.006360924559964565
5kmN3280E4290,0.04923605876066289
5kmN3280E4295,-0.04885509468062582
5kmN3280E4300,-0.022113816161306754
5kmN3280E4305,0.01178389853137446
5kmN3280E4310,0.014723647588890276
5kmN3280E4315,0.024368031608509422
5kmN3280E4320,0.01695220833158534
5kmN3280E4325,0.01000926529931756
5kmN3280E4330,0.0413358981897779
5kmN3280E4335,0.02785153585033867
5kmN3280E4340,0.030159811190259678
5kmN3280E4345,-0.00800071950771497
5kmN3280E4350,-0.061505023811215975
5kmN3280E4355,-0.048845962018426115
5kmN3280E4360,-0.04681833804090785
5kmN3280E4365,-0.0473625797296785
5kmN3280E4370,-0.05882250731709243
5kmN3280E4375,-0.04698778381720553
5kmN3280E4380,-0.08441573362756966
5kmN3280E4385,-0.11316727524195946
5kmN3280E4390,-0.0939220408958743
5kmN3280E4395,-0.0918613451839908
5kmN3280E4400,-0.05733973725324981
5kmN3280E4405,-0.07714824203934878
5kmN3280E4410,-0.04592791000429397
5kmN3280E4415,-0.049780929530121476
5kmN3280E4420,-0.06937923747278207
5kmN3280E4425,-0.0554032937158081
5kmN3280E4430,-0.03996614373262353
5kmN3280E4435,-0.04525127219596048
5kmN3280E4440,-0.03890466817381599
5kmN3280E4445,-0.028663077747195898
5kmN3280E4450,-0.02353122407520647
5kmN3280E4455,-0.015510993922287164
5kmN3280E4460,-0.0015274744966997655
5kmN3280E4465,-0.008505014346250395
5kmN3280E4475,-0.09569605395538572
5kmN3280E4480,-0.0891702354533791
5kmN3280E4485,-0.0941683815572808
5kmN3280E4490,-0.09239824503877725
5kmN3280E4495,-0.09227882547471467
5kmN3280E4500,-0.08703983917716573
5kmN3280E4505,-0.06753774536258939
5kmN3280E4510,-0.08225276250273889
5kmN3280E4515,-0.09385123273969365
5kmN3280E4520,-0.10897143854121705
5kmN3280E4525,-0.11615943588045441
5kmN3280E4530,-0.11542834086173343
5kmN3280E4570,-0.13728666881686924
5kmN3280E4575,-0.11839951066642324
5kmN3280E4580,-0.126193618071972
5kmN3280E4585,-0.10595493728181593
5kmN3280E4590,-0.10182478888905233
5kmN3280E4595,-0.10741906923940431
5kmN3280E4600,-0.09278147184427615
5kmN3280E4605,-0.09120171189565085
5kmN3280E4610,-0.09671930491337566
5kmN3280E4615,-0.09246090971914833
5kmN3280E4620,-0.09871352828925939
5kmN3280E4625,-0.09099119227108898
5kmN3280E4630,-0.07247020214169508
5kmN3285E4095,0.0995236359668002
5kmN3285E4100,0.09029685121579017
5kmN3285E4105,0.08868988058638452
5kmN3285E4110,0.0933433276855026
5kmN3285E4115,0.08670906262165551
5kmN3285E4120,0.03032071940260403
5kmN3285E4125,0.00400157696844472
5kmN3285E4130,-0.00477121626714791
5kmN3285E4135,-0.0021328336334840436
5kmN3285E4140,0.0029224368778485166
5kmN3285E4145,0.008583847303106185
5kmN3285E4150,0.00898808953546254
5kmN3285E4155,-0.013571350624883127
5kmN3285E4160,0.003115286614679469
5kmN3285E4165,-0.012844441192678857
5kmN3285E4170,-0.007424031817348131
5kmN3285E4175,-0.007829315372338996
5kmN3285E4180,-0.0440107367802684
5kmN3285E4185,-0.1038508466352992
5kmN3285E4190,-0.20615051031995918
5kmN3285E4195,-0.1992255703409645
5kmN3285E4200,-0.2229738291673316
5kmN3285E4205,-0.07923605828728356
5kmN3285E4210,0.038958964799705786
5kmN3285E4215,0.025004502363610792
5kmN3285E4220,0.020118656599705853
5kmN3285E4225,0.03436276557861856
5kmN3285E4230,0.030256255925663778
5kmN3285E4235,0.027848115698667186
5kmN3285E4240,0.009719652270754386
5kmN3285E4245,0.01360535194300877
5kmN3285E4250,0.012709094911279473
5kmN3285E4255,0.02870312236971262
5kmN3285E4260,0.02812475543024362
5kmN3285E4265,0.018077533168024795
5kmN3285E4270,0.014555482466438008
5kmN3285E4275,0.01575359493656381
5kmN3285E4280,0.025824710258001704
5kmN3285E4285,-0.02088963846197206
5kmN3285E4290,-0.03667132080689922
5kmN3285E4295,-0.039237788529634776
5kmN3285E4300,-0.014423429995929493
5kmN3285E4305,0.010338145376136976
5kmN3285E4310,0.031187528202366754
5kmN3285E4315,0.035820856612210905
5kmN3285E4320,0.040129321382928684
5kmN3285E4325,0.020733028533225673
5kmN3285E4330,0.027709371509474834
5kmN3285E4335,0.029394798297457503
5kmN3285E4340,0.032544775104649926
5kmN3285E4345,-0.024376322238135184
5kmN3285E4350,-0.06654278888197535
5kmN3285E4355,-0.055224649616802124
5kmN3285E4360,-0.04184559572363006
5kmN3285E4365,-0.04667141223957688
5kmN3285E4370,-0.03042102607618713
5kmN3285E4375,-0.06522977437924943
5kmN3285E4380,-0.1196900060534094
5kmN3285E4385,-0.10943777647912756
5kmN3285E4390,-0.08871558734956142
5kmN3285E4395,-0.08733997995232345
5kmN3285E4400,-0.06029617390404851
5kmN3285E4405,-0.058240931583457445
5kmN3285E4410,-0.04657698254150777
5kmN3285E4415,-0.03010662733728542
5kmN3285E4420,-0.03866566670373439
5kmN3285E4425,-0.04667511491586118
5kmN3285E4430,-0.04498232136492919
5kmN3285E4435,-0.01924879362990828
5kmN3285E4440,-0.01615792902474711
5kmN3285E4445,-0.007611920057084776
5kmN3285E4450,-0.028158958906092324
5kmN3285E4455,0.0064081539963202205
5kmN3285E4460,-0.0023809588588770136
5kmN3285E4465,0.03210280554513778
5kmN3285E4470,-0.03757699877717208
5kmN3285E4475,-0.07888168364110004
5kmN3285E4480,-0.09490868269515007
5kmN3285E4485,-0.08087939812594858
5kmN3285E4490,-0.07654122915184458
5kmN3285E4495,-0.08315818352231397
5kmN3285E4500,-0.09010356491734789
5kmN3285E4505,-0.08751833845790502
5kmN3285E4510,-0.08686355739565527
5kmN3285E4515,-0.09160502654119995
5kmN3285E4520,-0.09701932846833716
5kmN3285E4525,-0.12093789331445887
5kmN3285E4530,-0.02674333809367263
5kmN3285E4570,-0.14728634613735325
5kmN3285E4575,-0.13706546005373943
5kmN3285E4580,-0.11171196611688028
5kmN3285E4585,-0.09009712407317721
5kmN3285E4590,-0.10748505738829317
5kmN3285E4595,-0.10317757839937053
5kmN3285E4600,-0.10916172519285894
5kmN3285E4605,-0.12185176527075253
5kmN3285E4610,-0.11031816292235697
5kmN3285E4615,-0.10381539117551686
5kmN3285E4620,-0.09374281502471726
5kmN3285E4625,-0.08865699992823256
5kmN3285E4630,-0.08853564149201898
5kmN3290E4120,0.00630776197834762
5kmN3290E4125,0.0035417056664032998
5kmN3290E4130,-0.0026262180687090797
5kmN3290E4135,-0.013081715579082664
5kmN3290E4140,0.004162466458916769
5kmN3290E4145,-4.463317490602248e-05
5kmN3290E4150,-0.017297790309092204
5kmN3290E4155,-0.009093376192172986
5kmN3290E4160,-0.038075059069603956
5kmN3290E4165,-0.07934762495423225
5kmN3290E4170,-0.06958619813464445
5kmN3290E4175,-0.0716300974549477
5kmN3290E4180,-0.10637736560678207
5kmN3290E4185,-0.1088529156230961
5kmN3290E4190,-0.19519115979491536
5kmN3290E4195,-0.19798024764275235
5kmN3290E4200,-0.21711631036262508
5kmN3290E4205,-0.1834470261946293
5kmN3290E4210,-0.16721844626051507
5kmN3290E4215,-0.046629226079257124
5kmN3290E4220,0.01651292217320538
5kmN3290E4225,0.02370496352994972
5kmN3290E4230,0.03564933885692856
5kmN3290E4235,0.03237222312603999
5kmN3290E4240,0.006629378609737613
5kmN3290E4245,0.01966623026370945
5kmN3290E4250,0.011227132296975528
5kmN3290E4255,0.02306835386961542
5kmN3290E4260,0.02283245582229021
5kmN3290E4265,0.015202443747075356
5kmN3290E4270,-6.774199097953071e-05
5kmN3290E4275,-0.00602098274395052
5kmN3290E4280,-0.02204150480814432
5kmN3290E4285,-0.03280295791682447
5kmN3290E4290,-0.037378080787393575
5kmN3290E4295,-0.05454853252294645
5kmN3290E4300,-0.04014614686903606
5kmN3290E4305,-0.007255776263760061
5kmN3290E4310,0.015235629849484122
5kmN3290E4315,0.031034120485925576
5kmN3290E4320,0.05953455093382942
5kmN3290E4325,0.05751956064039887
5kmN3290E4330,0.03355472369049589
5kmN3290E4335,0.04411004822091491
5kmN3290E4340,0.04620503477663651
5kmN3290E4345,-0.024799293242270204
5kmN3290E4350,-0.0648187285392931
5kmN3290E4355,-0.06817545592566288
5kmN3290E4360,-0.05062017700146093
5kmN3290E4365,-0.05579182990397785
5kmN3290E4370,-0.05128557645171089
5kmN3290E4375,-0.12332415327145452
5kmN3290E4380,-0.09423791107283463
5kmN3290E4385,-0.08353464059524951
5kmN3290E4390,-0.07926477721113923
5kmN3290E4395,-0.0721844334001458
5kmN3290E4400,-0.057250587259601526
5kmN3290E4405,-0.06674537450584328
5kmN3290E4410,-0.03180950247869396
5kmN3290E4415,-0.01217028194327574
5kmN3290E4420,-0.02351178979381474
5kmN3290E4425,-0.039047216142817254
5kmN3290E4430,-0.031619158051827245
5kmN3290E4435,-0.024993833395412612
5kmN3290E4440,-0.02106029571029122
5kmN3290E4445,0.00044751936185849495
5kmN3290E4450,-0.00502562326622813
5kmN3290E4455,0.010087969348835824
5kmN3290E4460,0.0052327771356447395
5kmN3290E4465,0.04013543108395701
5kmN3290E4470,-0.08045319308404936
5kmN3290E4475,-0.09629168102102181
5kmN3290E4480,-0.0770233537727743
5kmN3290E4485,-0.060450079188544725
5kmN3290E4490,-0.09327518500173043
5kmN3290E4495,-0.09060228328582509
5kmN3290E4500,-0.08831186177978667
5kmN3290E4505,-0.03813226820369503
5kmN3290E4510,-0.0339807304925428
5kmN3290E4515,-0.07604037933368074
5kmN3290E4520,-0.06606896377177046
5kmN3290E4525,-0.014469748626002477
5kmN3290E4530,-0.03231566428199656
5kmN3290E4535,-0.03383110443595311
5kmN3290E4570,-0.14639594340227208
5kmN3290E4575,-0.13601055848085875
5kmN3290E4580,-0.11159451028572465
5kmN3290E4585,-0.1025213309378229
5kmN3290E4590,-0.11142841391783326
5kmN3290E4595,-0.11677265538865894
5kmN3290E4600,-0.1177719609949055
5kmN3290E4605,-0.1114999185182835
5kmN3290E4610,-0.1163985961361021
5kmN3290E4615,-0.1072880272894039
5kmN3290E4620,-0.08590694993032744
5kmN3295E4120,0.011043230938176052
5kmN3295E4125,0.006715654077805472
5kmN3295E4130,-0.005398939227233279
5kmN3295E4135,-0.010260033586930423
5kmN3295E4140,-0.006776062237734415
5kmN3295E4145,-0.006643575917229777
5kmN3295E4150,0.0034714082982479078
5kmN3295E4155,0.005361836180892643
5kmN3295E4160,-0.017632628599722616
5kmN3295E4165,-0.04519710131055357
5kmN3295E4170,-0.0642355328004644
5kmN3295E4175,-0.09157297908495526
5kmN3295E4180,-0.11118838668958614
5kmN3295E4185,-0.10750749550962521
5kmN3295E4190,-0.13834963517911816
5kmN3295E4195,-0.152548901667044
5kmN3295E4200,-0.1949438854546408
5kmN3295E4205,-0.20279435421756314
5kmN3295E4210,-0.20669406605901092
5kmN3295E4215,-0.07081677958429161
5kmN3295E4220,0.015411721990688354
5kmN3295E4225,0.016745900519616386
5kmN3295E4230,0.03310578739527592
5kmN3295E4235,0.008083610440173084
5kmN3295E4240,0.008069047080698388
5kmN3295E4245,0.011229675199608546
5kmN3295E4250,0.0017602526088898451
5kmN3295E4255,0.023830007941802733
5kmN3295E4260,0.021167891873842604
5kmN3295E4265,0.009733409561928807
5kmN3295E4270,0.014790020828863382
5kmN3295E4275,0.000425644941413339
5kmN3295E4280,-0.02730761011349414
5kmN3295E4285,-0.02385154638847148
5kmN3295E4290,-0.025994811704429632
5kmN3295E4295,-0.03372723312804182
5kmN3295E4300,-0.05335176976196321
5kmN3295E4310,0.0205295668816996
5kmN3295E4315,0.029999678408381247
5kmN3295E4320,0.04946977110714024
5kmN3295E4325,0.03425551128181942
5kmN3295E4330,0.03857583032075351
5kmN3295E4340,0.035716191582186585
5kmN3295E4345,0.014658645613695065
5kmN3295E4350,-0.05438253512543326
5kmN3295E4355,-0.0610009458831659
5kmN3295E4360,0.010915941327329759
5kmN3295E4365,0.01737371412996208
5kmN3295E4370,-0.0630249111909329
5kmN3295E4375,-0.10071214204710477
5kmN3295E4380,-0.09735796924240969
5kmN3295E4385,-0.07494224158856477
5kmN3295E4390,-0.10005581649627993
5kmN3295E4395,-0.06492638841676202
5kmN3295E4400,-0.05760463166128127
5kmN3295E4405,-0.057297349533430575
5kmN3295E4410,-0.03382959554921516
5kmN3295E4415,-0.006292253021419336
5kmN3295E4420,-0.010649101093006208
5kmN3295E4425,-0.026924093362588497
5kmN3295E4430,-0.017686713049858804
5kmN3295E4435,-0.013113406890649104
5kmN3295E4440,-0.001115077110503515
5kmN3295E4445,0.010906950177345331
5kmN3295E4450,0.005231276443743882
5kmN3295E4455,0.009889867942652453
5kmN3295E4460,0.029823984552796556
5kmN3295E4465,0.032663558651743974
5kmN3295E4470,-0.08335814594509644
5kmN3295E4475,-0.08338882095572309
5kmN3295E4480,-0.04718556897501813
5kmN3295E4485,-0.023703366255139413
5kmN3295E4490,-0.03325008323896239
5kmN3295E4495,-0.08232530937932886
5kmN3295E4500,-0.06374206822098483
5kmN3295E4505,0.0036767622128556776
5kmN3295E4510,-0.02201457445011512
5kmN3295E4515,-0.006085340677559448
5kmN3295E4520,-0.01522391181840993
5kmN3295E4525,-0.02438015551568895
5kmN3295E4565,-0.13306740343438944
5kmN3295E4570,-0.1298698411135567
5kmN3295E4575,-0.1309215827390941
5kmN3295E4580,-0.11636915460232339
5kmN3295E4585,-0.10438469434918202
5kmN3295E4590,-0.11038371598530017
5kmN3295E4595,-0.1216644539533438
5kmN3295E4600,-0.1225683740255833
5kmN3295E4605,-0.12129519201170058
5kmN3295E4610,-0.11120071891390693
5kmN3295E4615,-0.09715206819449873
5kmN3300E4120,0.02946964005417757
5kmN3300E4125,-0.005330055337307682
5kmN3300E4130,0.008978189334882453
5kmN3300E4135,0.0004096191394246107
5kmN3300E4140,0.007366056314956848
5kmN3300E4145,0.009993885948202913
5kmN3300E4150,0.018942647527375955
5kmN3300E4155,-0.004350853672346056
5kmN3300E4160,0.02236027209755495
5kmN3300E4165,-0.04476524054270353
5kmN3300E4170,-0.05620390469871578
5kmN3300E4175,-0.06446684717194656
5kmN3300E4180,-0.0934117764083085
5kmN3300E4185,-0.10964054033667053
5kmN3300E4190,-0.11417390499758512
5kmN3300E4195,-0.11185830720358253
5kmN3300E4200,-0.16737558572670025
5kmN3300E4205,-0.20133741760785678
5kmN3300E4210,-0.16102772429776174
5kmN3300E4215,0.015776081851488766
5kmN3300E4220,0.062490598070123304
5kmN3300E4225,0.042546121516742474
5kmN3300E4230,0.03457233500278728
5kmN3300E4235,0.026078939886010344
5kmN3300E4240,0.00023638996296798664
5kmN3300E4245,0.009068616915249128
5kmN3300E4250,0.006846003996157923
5kmN3300E4255,0.010342413815014273
5kmN3300E4260,0.024400623405282373
5kmN3300E4265,0.02893422022984432
5kmN3300E4270,0.05275903045425612
5kmN3300E4275,0.02744372052296895
5kmN3300E4280,-0.028499249786097858
5kmN3300E4285,-0.021623898716028767
5kmN3300E4290,-0.016847014538421357
5kmN3300E4295,-0.023816299274886932
5kmN3300E4300,-0.03643397806101434
5kmN3300E4310,0.014115408301163646
5kmN3300E4315,0.045450409918934176
5kmN3300E4320,0.044259614456255036
5kmN3300E4325,0.042432032181296764
5kmN3300E4330,0.03435041340887973
5kmN3300E4335,0.047696926709273724
5kmN3300E4340,0.046912928577725665
5kmN3300E4345,0.05383225221671095
5kmN3300E4350,0.0397590609949624
5kmN3300E4355,-0.004211130798259799
5kmN3300E4360,0.03153935773832217
5kmN3300E4365,0.07227737347496155
5kmN3300E4370,-0.010140371100591405
5kmN3300E4375,-0.10786377164104644
5kmN3300E4380,-0.0962696784655308
5kmN3300E4385,-0.08130322204663509
5kmN3300E4390,-0.07258146069347504
5kmN3300E4395,-0.07110641759871339
5kmN3300E4400,-0.04343260511388025
5kmN3300E4405,-0.03390043961106981
5kmN3300E4410,-0.019794753630829054
5kmN3300E4415,-0.020291487725664026
5kmN3300E4420,-0.018359440260713678
5kmN3300E4425,-0.018201164762580824
5kmN3300E4430,-0.012522400508226283
5kmN3300E4435,0.0016568102827738684
5kmN3300E4440,0.00735436854051108
5kmN3300E4445,0.00934600260079399
5kmN3300E4450,0.0029155257362536435
5kmN3300E4455,0.015462471823255552
5kmN3300E4460,0.032585222013920334
5kmN3300E4465,0.03870753031042662
5kmN3300E4470,0.017138438896872055
5kmN3300E4475,-0.01784838038110176
5kmN3300E4480,-0.01390515262283254
5kmN3300E4485,-0.006060105609299704
5kmN3300E4490,0.006450775788625462
5kmN3300E4495,-0.025981346894002555
5kmN3300E4500,-0.012177323818251429
5kmN3300E4505,-0.015678420819365768
5kmN3300E4510,-0.010020590301171306
5kmN3300E4515,-0.00816429906508015
5kmN3300E4520,0.0009745517714274676
5kmN3300E4525,-0.004456258112997602
5kmN3300E4530,-0.00511509000709387
5kmN3300E4565,-0.131898605485948
5kmN3300E4570,-0.13248510827986504
5kmN3300E4575,-0.12697460910252384
5kmN3300E4580,-0.12668463043140893
5kmN3300E4585,-0.11641444223664843
5kmN3300E4590,-0.11123598545912727
5kmN3300E4595,-0.12206661056252
5kmN3300E4600,-0.13298693740653694
5kmN3300E4605,-0.10174656153617201
5kmN3300E4610,-0.10361850352883817
5kmN3305E4120,0.027887668320720455
5kmN3305E4125,-0.009393724800606768
5kmN3305E4130,0.0007159722284345027
5kmN3305E4135,0.019685024402150614
5kmN3305E4140,0.005597985203487976
5kmN3305E4150,-0.0014241164931443062
5kmN3305E4155,0.008383488298177227
5kmN3305E4160,-0.006802030162185363
5kmN3305E4165,-0.007113439991379061
5kmN3305E4170,-0.05204324040343736
5kmN3305E4175,-0.07895969762771898
5kmN3305E4180,-0.10498769614018882
5kmN3305E4185,-0.11054742566891879
5kmN3305E4190,-0.10308874959512176
5kmN3305E4195,-0.12590540419005586
5kmN3305E4200,-0.07075076449901241
5kmN3305E4205,-0.11943810559064966
5kmN3305E4210,0.06677824529038101
5kmN3305E4215,0.10518178320572358
5kmN3305E4220,0.1027143983195214
5kmN3305E4225,0.09210107730630668
5kmN3305E4230,0.021874954631390164
5kmN3305E4235,0.017453840477446414
5kmN3305E4240,0.011653150470192608
5kmN3305E4245,0.012278924476336661
5kmN3305E4250,-0.0032412272921217844
5kmN3305E4255,-0.00634263845899502
5kmN3305E4260,0.017463899861871357
5kmN3305E4265,0.049083320954200316
5kmN3305E4270,0.05295884215368263
5kmN3305E4275,0.06023858487484862
5kmN3305E4280,0.0012841093439202034
5kmN3305E4285,-0.014422080995905917
5kmN3305E4290,-0.028185271073228213
5kmN3305E4295,-0.024051810084600223
5kmN3305E4300,-0.015898992995716843
5kmN3305E4305,-0.022188337296674132
5kmN3305E4310,0.015566881917688402
5kmN3305E4315,0.03577222233298083
5kmN3305E4320,0.02133410102377653
5kmN3305E4325,0.04048255942139989
5kmN3305E4330,0.0360093645386681
5kmN3305E4335,0.048397831523730284
5kmN3305E4340,0.056600533730590596
5kmN3305E4345,0.056364235707502985
5kmN3305E4350,0.058631091176966244
5kmN3305E4355,0.05672945306319782
5kmN3305E4360,0.03948370665591738
5kmN3305E4365,0.06752306736613456
5kmN3305E4370,0.05895579338294943
5kmN3305E4375,0.03192899597544019
5kmN3305E4380,0.015825990871834117
5kmN3305E4385,-0.04763404682983108
5kmN3305E4390,-0.06264924078568834
5kmN3305E4395,-0.0644311075783478
5kmN3305E4400,-0.034654861295799644
5kmN3305E4405,-0.00029654629418462974
5kmN3305E4410,-0.009235328179701296
5kmN3305E4415,-0.014516285581557598
5kmN3305E4420,-0.004084298885057014
5kmN3305E4425,0.015246626084699733
5kmN3305E4430,0.0014375592354612943
5kmN3305E4435,-0.0009741220296615172
5kmN3305E4440,0.007957958418129296
5kmN3305E4445,0.02045875136629649
5kmN3305E4450,0.026097793353064946
5kmN3305E4455,0.023954609156457862
5kmN3305E4460,0.011070849943250916
5kmN3305E4465,0.01667617862251425
5kmN3305E4470,0.00976367699866365
5kmN3305E4475,0.007548071575069315
5kmN3305E4480,0.01066802156636426
5kmN3305E4485,0.0003610822624793286
5kmN3305E4490,-0.009809820433531347
5kmN3305E4495,-0.01359413779323837
5kmN3305E4500,-0.015973347311143804
5kmN3305E4505,-0.020739448570970764
5kmN3305E4510,-0.03221980641691474
5kmN3305E4515,-0.03147988356068254
5kmN3305E4520,-0.012140585310390861
5kmN3305E4525,-0.01883295586092415
5kmN3305E4530,-0.0018371194375276234
5kmN3305E4535,-0.006279083757953496
5kmN3305E4540,-0.014437762790379949
5kmN3305E4545,-0.025686322058257716
5kmN3305E4550,-0.018478560392437615
5kmN3305E4560,-0.13058410563373152
5kmN3305E4565,-0.13763091168787145
5kmN3305E4570,-0.1457993455769141
5kmN3305E4575,-0.13889570805870832
5kmN3305E4580,-0.12963308842302151
5kmN3305E4585,-0.10288068774657033
5kmN3305E4590,-0.12289133039785033
5kmN3305E4595,-0.11218209030043091
5kmN3305E4600,-0.10357449683785758
5kmN3305E4605,-0.10547085054612709
5kmN3310E4125,0.008730277536253883
5kmN3310E4130,-0.014133530514432502
5kmN3310E4135,0.00909544922475694
5kmN3310E4140,-0.015086366877190865
5kmN3310E4145,-0.011657843902055709
5kmN3310E4150,0.006766844095817737
5kmN3310E4155,0.019813119317733857
5kmN3310E4160,-0.00895397721763147
5kmN3310E4165,-0.02054945376382944
5kmN3310E4170,-0.03494368282955179
5kmN3310E4175,-0.08614708891233666
5kmN3310E4180,-0.08525519033941814
5kmN3310E4185,-0.10358308868208616
5kmN3310E4190,-0.11402426796948872
5kmN3310E4195,0.015134736947495953
5kmN3310E4200,0.13959538615385547
5kmN3310E4205,0.13196775723885068
5kmN3310E4210,0.12533830501996268
5kmN3310E4215,0.12148540072803315
5kmN3310E4220,0.11618438792399272
5kmN3310E4225,0.1079802767751234
5kmN3310E4230,0.0500161824211135
5kmN3310E4235,0.022079915858672694
5kmN3310E4240,-0.0018777854850878795
5kmN3310E4245,0.02108576547695523
5kmN3310E4250,0.04587507190263285
5kmN3310E4255,0.023823063861459493
5kmN3310E4260,0.05938798915414001
5kmN3310E4265,0.055271336527876136
5kmN3310E4270,0.0582528288139067
5kmN3310E4275,0.06497015438807824
5kmN3310E4280,0.05059986725652338
5kmN3310E4285,-0.007609181654488373
5kmN3310E4290,-0.0047029035268697506
5kmN3310E4295,-0.032392381954829574
5kmN3310E4300,-0.0038888712315167107
5kmN3310E4305,-0.00013440484846610756
5kmN3310E4310,-0.024730182069496176
5kmN3310E4315,-0.006919398236622576
5kmN3310E4320,-0.01060847707811785
5kmN3310E4325,-9.343528288252578e-05
5kmN3310E4330,0.018093361750011583
5kmN3310E4340,0.049038124819512086
5kmN3310E4345,0.06749920202401893
5kmN3310E4350,0.06323718615244567
5kmN3310E4355,0.05164230774436146
5kmN3310E4360,0.04501344229075971
5kmN3310E4365,0.057449643827108154
5kmN3310E4370,0.06101774481644373
5kmN3310E4375,0.028403327176974802
5kmN3310E4380,0.027011161106156978
5kmN3310E4385,0.029323976371360416
5kmN3310E4390,0.012972548763459324
5kmN3310E4395,0.04116133773225861
5kmN3310E4400,0.0596348292735327
5kmN3310E4405,0.08363548223668588
5kmN3310E4410,0.093588591169745
5kmN3310E4415,0.037823824648773874
5kmN3310E4420,0.005149402172721751
5kmN3310E4425,0.02500346988852209
5kmN3310E4430,0.015614293409452307
5kmN3310E4435,0.010363783305841756
5kmN3310E4440,0.03595462282931139
5kmN3310E4445,0.09173908995413571
5kmN3310E4450,0.13629573333176392
5kmN3310E4455,0.13702811115916708
5kmN3310E4460,0.13248810113717308
5kmN3310E4465,0.0895785730384237
5kmN3310E4470,0.03104365132562259
5kmN3310E4475,0.0014270364506119293
5kmN3310E4480,-0.011720056279465929
5kmN3310E4485,-0.013328523310387252
5kmN3310E4490,-0.008399995685809847
5kmN3310E4495,-0.01571977304110239
5kmN3310E4500,-0.028729127734311466
5kmN3310E4505,-0.050805682734465396
5kmN3310E4510,-0.05970227064366185
5kmN3310E4515,-0.01812778023263184
5kmN3310E4520,-0.010780751306995295
5kmN3310E4525,-0.02394935110416163
5kmN3310E4530,-0.004805695383639119
5kmN3310E4535,-0.02645113195139548
5kmN3310E4540,-0.01961224219428992
5kmN3310E4545,-0.022615182405757772
5kmN3310E4550,-0.02738249927490327
5kmN3310E4560,-0.10135201693710155
5kmN3310E4565,-0.1194368402048735
5kmN3310E4570,-0.14071467771211194
5kmN3310E4575,-0.15032952057477011
5kmN3310E4580,-0.12215149195968039
5kmN3310E4585,-0.10739696738959553
5kmN3310E4590,-0.11825484675404185
5kmN3310E4595,-0.11860975669475843
5kmN3310E4600,-0.11079667434723739
5kmN3315E4130,-0.012416137978301212
5kmN3315E4135,0.015291794569428252
5kmN3315E4140,0.010272820628923013
5kmN3315E4145,-0.00662116833247714
5kmN3315E4150,-0.012214944841430181
5kmN3315E4155,-0.013218935375300722
5kmN3315E4160,-0.00948006978547547
5kmN3315E4165,-0.01876870072202444
5kmN3315E4170,-0.07117992822335464
5kmN3315E4175,-0.08939474608146358
5kmN3315E4180,-0.09318820321363497
5kmN3315E4185,-0.10153704420105342
5kmN3315E4190,-0.10325634626277769
5kmN3315E4195,0.13207415630446123
5kmN3315E4200,0.13246418795654613
5kmN3315E4205,0.13207524378693136
5kmN3315E4210,0.11902613138834195
5kmN3315E4215,0.11042877917501348
5kmN3315E4220,0.11943722850166094
5kmN3315E4225,0.11473701674738179
5kmN3315E4230,0.055294617773925414
5kmN3315E4235,0.013521411745295475
5kmN3315E4240,0.012151245985815018
5kmN3315E4245,0.035894533323124644
5kmN3315E4250,0.06491318864453899
5kmN3315E4255,0.0629075572572591
5kmN3315E4260,0.06473255280251533
5kmN3315E4265,0.06234937841240917
5kmN3315E4270,0.0635506034063037
5kmN3315E4275,0.060295388290260765
5kmN3315E4280,0.06320933150969615
5kmN3315E4285,0.009228697595363766
5kmN3315E4290,-0.0040949599610450305
5kmN3315E4295,-0.0018152457540731581
5kmN3315E4300,-0.014474382448479872
5kmN3315E4305,-0.0011814960023525112
5kmN3315E4310,-0.0008332865315116011
5kmN3315E4315,0.008321785599139875
5kmN3315E4320,-0.010834712528833279
5kmN3315E4325,-0.007808574747014685
5kmN3315E4330,-0.007151284281858461
5kmN3315E4335,0.04414474082588116
5kmN3315E4340,0.06464818877394307
5kmN3315E4345,0.06394965141744802
5kmN3315E4350,0.074352289229351
5kmN3315E4355,0.04015245083332064
5kmN3315E4360,0.05236453227009508
5kmN3315E4365,0.058131885063598676
5kmN3315E4370,0.06777189549518392
5kmN3315E4375,0.053384054276340964
5kmN3315E4380,0.03229821210539252
5kmN3315E4385,0.058060289447941726
5kmN3315E4390,0.06885905707865692
5kmN3315E4395,0.07317638629147022
5kmN3315E4400,0.0687869431441741
5kmN3315E4405,0.07489049354749033
5kmN3315E4410,0.09417360351912929
5kmN3315E4415,0.09979449379407879
5kmN3315E4420,0.019742118231712347
5kmN3315E4425,0.013980502694607266
5kmN3315E4430,0.020980925648893534
5kmN3315E4435,0.02791040795591415
5kmN3315E4440,0.07237815703617301
5kmN3315E4445,0.15852799427705644
5kmN3315E4450,0.15148289177752294
5kmN3315E4455,0.16995416482503356
5kmN3315E4460,0.16655981583297985
5kmN3315E4465,0.166791641748964
5kmN3315E4470,0.12260174353785613
5kmN3315E4475,0.011191994868140154
5kmN3315E4480,-0.011164857910120507
5kmN3315E4485,-0.028369530656242203
5kmN3315E4490,-0.018527385895633852
5kmN3315E4495,-0.009418134978527504
5kmN3315E4500,-0.02598276355313689
5kmN3315E4505,-0.04558710266304755
5kmN3315E4510,-0.06539041212398444
5kmN3315E4515,-0.037335058870037074
5kmN3315E4520,-0.041313857264127285
5kmN3315E4525,-0.021011869690661433
5kmN3315E4530,-0.02514757177802729
5kmN3315E4535,-0.03859208436256523
5kmN3315E4540,-0.014357760747754411
5kmN3315E4545,-0.022087620884652492
5kmN3315E4550,-0.06146517619714009
5kmN3315E4555,-0.10685933779348311
5kmN3315E4560,-0.11046547727109501
5kmN3315E4565,-0.12909026470867674
5kmN3315E4570,-0.12433295230632402
5kmN3315E4575,-0.12676313210084067
5kmN3315E4580,-0.11179812921799748
5kmN3315E4585,-0.13662476311095695
5kmN3315E4590,-0.13466846313067254
5kmN3315E4595,-0.11154076854444239
5kmN3315E4600,-0.1109278609627708
5kmN3320E4130,-0.0065110983540155876
5kmN3320E4135,0.0025197459179002457
5kmN3320E4140,0.007944404008602246
5kmN3320E4145,-0.018385672903775296
5kmN3320E4150,-0.0038825842891023477
5kmN3320E4155,0.018330435324154015
5kmN3320E4160,0.009448476073534495
5kmN3320E4165,-0.040268677414603576
5kmN3320E4170,-0.09928968158472401
5kmN3320E4175,-0.0916440946262283
5kmN3320E4180,-0.11004897954197701
5kmN3320E4185,-0.11730990630812949
5kmN3320E4190,-0.07359462883151185
5kmN3320E4195,0.14319399086976267
5kmN3320E4200,0.13706922493980989
5kmN3320E4205,0.13676093352556784
5kmN3320E4210,0.13667489340638062
5kmN3320E4215,0.12784404268594673
5kmN3320E4220,0.12049214850533718
5kmN3320E4225,0.02711759834970834
5kmN3320E4230,-0.0002465914985078643
5kmN3320E4235,-0.0035539333128991046
5kmN3320E4245,0.009874057494720756
5kmN3320E4250,0.047135804502641376
5kmN3320E4255,0.05820881470259487
5kmN3320E4260,0.07374490782892362
5kmN3320E4265,0.0681495290417764
5kmN3320E4270,0.06259681050588978
5kmN3320E4275,0.022750511411920138
5kmN3320E4280,0.025006056898333073
5kmN3320E4285,0.018463234178255128
5kmN3320E4290,0.015996134723463284
5kmN3320E4295,0.009594850333708993
5kmN3320E4300,-0.0027585534105171172
5kmN3320E4305,0.0025603948251946007
5kmN3320E4310,-0.00551252877755215
5kmN3320E4315,-0.004758561445738219
5kmN3320E4320,0.013860545992027684
5kmN3320E4325,0.009156151338271468
5kmN3320E4330,0.02023767141087307
5kmN3320E4335,0.06736188418970107
5kmN3320E4340,0.07563805795930878
5kmN3320E4345,0.05848866695031041
5kmN3320E4350,0.05679565142578785
5kmN3320E4355,0.06613781034933341
5kmN3320E4360,0.0712312787842509
5kmN3320E4365,0.0879116098436653
5kmN3320E4370,0.07832508290069834
5kmN3320E4375,0.07241237131773637
5kmN3320E4380,0.042807197779569206
5kmN3320E4385,0.041025165060099456
5kmN3320E4390,0.06613558380253914
5kmN3320E4395,0.07051335359332933
5kmN3320E4400,0.06225752983417787
5kmN3320E4405,0.09517224516040385
5kmN3320E4410,0.09444610474496923
5kmN3320E4415,0.1181873736241636
5kmN3320E4420,0.10795809706239123
5kmN3320E4425,0.028177114584404972
5kmN3320E4430,0.07362080551729933
5kmN3320E4435,0.12415458698274395
5kmN3320E4440,0.16848831012880378
5kmN3320E4445,0.15380379437380243
5kmN3320E4450,0.16336854115868588
5kmN3320E4455,0.1620344921423852
5kmN3320E4460,0.17401148785933096
5kmN3320E4465,0.16433561407049246
5kmN3320E4470,0.15726757652433065
5kmN3320E4475,0.10703391089705994
5kmN3320E4480,-0.007486631970666735
5kmN3320E4485,-0.011185051218272235
5kmN3320E4490,-0.008948351641369312
5kmN3320E4495,-0.005649307286311855
5kmN3320E4500,-0.027867280526843063
5kmN3320E4505,-0.03662884160730062
5kmN3320E4510,-0.05169145101473549
5kmN3320E4515,-0.06608502754527434
5kmN3320E4520,-0.06366644199173133
5kmN3320E4525,-0.03677622748908499
5kmN3320E4530,-0.017374684157223985
5kmN3320E4535,-0.024626970035786455
5kmN3320E4540,-0.01654406925990959
5kmN3320E4545,-0.01851774733159628
5kmN3320E4550,-0.0571626209911012
5kmN3320E4555,-0.09079778162926094
5kmN3320E4560,-0.09405359667120972
5kmN3320E4565,-0.09740563132175589
5kmN3320E4570,-0.12447784084975227
5kmN3320E4575,-0.10795861516706973
5kmN3320E4580,-0.11544650132492967
5kmN3320E4585,-0.1313060639934439
5kmN3320E4590,-0.11189531829447769
5kmN3320E4595,-0.10120984715322578
5kmN3325E4130,0.023914819349314193
5kmN3325E4135,0.017909815272932506
5kmN3325E4140,0.012918456684242963
5kmN3325E4145,-0.00520312640510745
5kmN3325E4150,0.001288370790298865
5kmN3325E4155,0.026045753051612774
5kmN3325E4160,-0.00214355922893264
5kmN3325E4165,-0.07121196685292588
5kmN3325E4170,-0.08971574746737071
5kmN3325E4175,-0.09012863803717569
5kmN3325E4180,-0.08548677908713725
5kmN3325E4185,-0.08396995213495723
5kmN3325E4190,0.0545883345934714
5kmN3325E4195,0.1440082678439653
5kmN3325E4200,0.13653607479619173
5kmN3325E4205,0.12337037713846033
5kmN3325E4210,0.12031291770562635
5kmN3325E4215,0.12192790473736403
5kmN3325E4220,0.11414203394602007
5kmN3325E4225,-0.041151390295658175
5kmN3325E4255,0.05698411859883162
5kmN3325E4260,0.07338336028269166
5kmN3325E4265,0.040248128979413045
5kmN3325E4270,-0.001927543321677161
5kmN3325E4275,0.012347166350214822
5kmN3325E4280,0.020381596612946584
5kmN3325E4285,0.024401492702723182
5kmN3325E4290,0.022727488075402258
5kmN3325E4295,0.012057102614193571
5kmN3325E4300,0.007005231956481506
5kmN3325E4305,-0.002274498918138801
5kmN3325E4310,0.008579079142205015
5kmN3325E4315,-0.0007636609950369966
5kmN3325E4320,-0.012115522755813735
5kmN3325E4335,0.05377243067466714
5kmN3325E4340,0.06768541039865306
5kmN3325E4345,0.0817788024448558
5kmN3325E4350,0.06567970429103087
5kmN3325E4355,0.06278807893052529
5kmN3325E4360,0.07167810323419271
5kmN3325E4365,0.07466666465459038
5kmN3325E4370,0.07272214146164868
5kmN3325E4375,0.06926439861870848
5kmN3325E4380,0.04541383918645536
5kmN3325E4385,0.04793473181590924
5kmN3325E4390,0.07188072485080521
5kmN3325E4395,0.07282484465729328
5kmN3325E4400,0.0851486819541889
5kmN3325E4405,0.11032351388428929
5kmN3325E4410,0.11702817821592054
5kmN3325E4415,0.13458875546152338
5kmN3325E4420,0.13108278929863315
5kmN3325E4425,0.11131365602227927
5kmN3325E4430,0.13909061758762215
5kmN3325E4435,0.1531261341531724
5kmN3325E4440,0.16744848609549334
5kmN3325E4445,0.18076861214497647
5kmN3325E4450,0.17676797681291379
5kmN3325E4455,0.1447794050493848
5kmN3325E4460,0.1435161936907255
5kmN3325E4465,0.15927952768035558
5kmN3325E4470,0.15486407133457564
5kmN3325E4475,0.0724064690452601
5kmN3325E4480,0.04365773151993485
5kmN3325E4485,-0.03234779811211386
5kmN3325E4490,-0.006400012565054625
5kmN3325E4495,-0.03750332143829205
5kmN3325E4500,-0.028260078483094864
5kmN3325E4505,-0.0447699735872924
5kmN3325E4510,-0.053178053854609275
5kmN3325E4515,-0.04426909851879868
5kmN3325E4520,-0.020384012659744433
5kmN3325E4525,-0.019788053254858218
5kmN3325E4530,-0.027501064433304245
5kmN3325E4535,-0.031241257810589895
5kmN3325E4540,-0.03031803788107501
5kmN3325E4545,-0.02552510009463238
5kmN3325E4550,-0.010695311295163101
5kmN3325E4555,-0.04774562736977073
5kmN3325E4560,-0.07077556324507783
5kmN3325E4565,-0.05485411471975116
5kmN3325E4570,-0.10091730510057723
5kmN3325E4575,-0.08372761734229234
5kmN3325E4580,-0.0501302259665346
5kmN3325E4585,-0.05244169047533498
5kmN3325E4590,-0.059588514302710616
5kmN3325E4595,-0.03994140065605323
5kmN3325E4600,-0.04630281151524929
5kmN3330E4130,0.017115233975201732
5kmN3330E4135,0.016406767245379372
5kmN3330E4140,0.01567962479459803
5kmN3330E4145,-0.0027999614052877098
5kmN3330E4150,0.04924420161541493
5kmN3330E4155,0.09627578404998016
5kmN3330E4160,-0.007870369578769687
5kmN3330E4165,-0.06034733491580996
5kmN3330E4170,-0.06468644454433159
5kmN3330E4175,-0.07673096130940438
5kmN3330E4180,-0.053211409624067785
5kmN3330E4185,0.005954594314259765
5kmN3330E4190,0.09190456711448652
5kmN3330E4195,0.14187770588518886
5kmN3330E4200,0.05143533435882214
5kmN3330E4205,0.11525144065655446
5kmN3330E4210,0.11588898942293346
5kmN3330E4215,0.11573329398641552
5kmN3330E4220,0.11498907176697776
5kmN3330E4225,0.08449377875447778
5kmN3330E4255,0.069641825576232
5kmN3330E4260,0.07347548361749201
5kmN3330E4265,0.02035325586822906
5kmN3330E4270,0.01016531178102631
5kmN3330E4275,0.01220982102078988
5kmN3330E4280,0.01959236427579586
5kmN3330E4285,0.026732062216630326
5kmN3330E4290,0.02482711344132449
5kmN3330E4295,0.02283983443146792
5kmN3330E4300,0.015732990919720136
5kmN3330E4305,0.010565140663352846
5kmN3330E4310,0.005124603282920193
5kmN3330E4315,0.028079673905792357
5kmN3330E4320,0.011919658528317667
5kmN3330E4325,-0.05959097081219733
5kmN3330E4330,-0.13008643381573243
5kmN3330E4335,-0.10281376049603441
5kmN3330E4340,-0.028398682295641797
5kmN3330E4345,0.05234709660535397
5kmN3330E4350,0.08174851889170398
5kmN3330E4355,0.07913446677563984
5kmN3330E4360,0.08348827386698132
5kmN3330E4365,0.08656586670220096
5kmN3330E4370,0.06423910494017782
5kmN3330E4375,0.05439250915159266
5kmN3330E4380,0.0565786343754997
5kmN3330E4385,0.05600153044341638
5kmN3330E4390,0.07905289205415067
5kmN3330E4395,0.073677977838004
5kmN3330E4400,0.10815339718525785
5kmN3330E4405,0.09591440877526469
5kmN3330E4410,0.09277452733034353
5kmN3330E4415,0.1096333695973033
5kmN3330E4420,0.12322843696798236
5kmN3330E4425,0.1268321112819044
5kmN3330E4430,0.14382412573959108
5kmN3330E4435,0.1421124438702106
5kmN3330E4440,0.1466557067762207
5kmN3330E4445,0.13827664931186046
5kmN3330E4450,0.1486496288029835
5kmN3330E4455,0.15316450345788768
5kmN3330E4460,0.14635295268776993
5kmN3330E4465,0.14544922956590456
5kmN3330E4470,0.1370582956692542
5kmN3330E4475,0.008483644423691816
5kmN3330E4480,-0.004915871467758071
5kmN3330E4485,-0.032713021361812644
5kmN3330E4490,-0.024808505644046464
5kmN3330E4500,-0.02681221821793267
5kmN3330E4505,-0.03836207327023
5kmN3330E4510,-0.039380424540685244
5kmN3330E4515,-0.03562850139117396
5kmN3330E4520,-0.040516075697418
5kmN3330E4525,-0.014179708777001088
5kmN3330E4530,-0.020829050544071304
5kmN3330E4535,-0.04889540006497345
5kmN3330E4540,-0.04607381615142758
5kmN3330E4545,-0.033699208672944014
5kmN3330E4550,-0.019481404956107173
5kmN3330E4555,-0.02838015965153362
5kmN3330E4560,-0.020785007600947702
5kmN3330E4565,-0.022618382966580364
5kmN3330E4570,-0.06929972650365618
5kmN3330E4575,-0.08188773431328172
5kmN3330E4580,-0.07347486803380654
5kmN3330E4585,-0.057914058702372206
5kmN3330E4590,-0.06181073776939672
5kmN3330E4595,-0.051348431159522034
5kmN3330E4600,-0.05018672856110684
5kmN3330E4605,-0.039545196115156944
5kmN3335E4130,0.05673159209774242
5kmN3335E4135,0.059415040444624645
5kmN3335E4140,0.05879560132101064
5kmN3335E4145,0.08788785937210003
5kmN3335E4150,0.09681743806190901
5kmN3335E4155,0.09602066590909003
5kmN3335E4160,0.02366751230637215
5kmN3335E4165,-0.059852356188376254
5kmN3335E4170,-0.07293312290926118
5kmN3335E4175,-0.03432705206675746
5kmN3335E4180,0.02793162622085099
5kmN3335E4185,0.03382523475421412
5kmN3335E4190,0.025532867093581935
5kmN3335E4195,-0.010075604557070517
5kmN3335E4200,-0.03422772553102521
5kmN3335E4205,0.06268672589691626
5kmN3335E4210,0.12515074931933362
5kmN3335E4215,0.13705157639496135
5kmN3335E4220,0.13287878973885986
5kmN3335E4225,0.11187869165199954
5kmN3335E4255,0.04557568308263743
5kmN3335E4260,0.07756734317158165
5kmN3335E4265,0.042120937247623336
5kmN3335E4270,0.015368591924136199
5kmN3335E4275,0.021876688422537205
5kmN3335E4280,0.02698858495146933
5kmN3335E4285,0.026806446942704232
5kmN3335E4290,0.027335593762651378
5kmN3335E4295,0.03135860474170665
5kmN3335E4300,0.029429702772315214
5kmN3335E4305,0.028812118012145727
5kmN3335E4310,0.02168758141907634
5kmN3335E4315,0.021379734065822442
5kmN3335E4320,0.04141631591495931
5kmN3335E4325,-0.06113056061776273
5kmN3335E4330,-0.12102866313985561
5kmN3335E4335,-0.1239484032206229
5kmN3335E4340,-0.12630699919197214
5kmN3335E4345,-0.05104200275476706
5kmN3335E4350,0.0984159627028689
5kmN3335E4355,0.0838743234064554
5kmN3335E4360,0.07598212680979416
5kmN3335E4365,0.00020010092725447626
5kmN3335E4370,-0.07624563381536376
5kmN3335E4375,-0.018278771317526588
5kmN3335E4380,0.04069191919319637
5kmN3335E4385,0.06299738526742371
5kmN3335E4390,0.025107364538493104
5kmN3335E4395,0.07467096481801716
5kmN3335E4400,0.007804331676844356
5kmN3335E4405,-0.05232762877092578
5kmN3335E4410,-0.04040806941227221
5kmN3335E4415,0.058938198156905375
5kmN3335E4420,0.01538983563099039
5kmN3335E4425,0.11950657335088433
5kmN3335E4430,0.14009531335100267
5kmN3335E4435,0.13961527025211717
5kmN3335E4440,0.13147642032631945
5kmN3335E4445,0.13770815436065464
5kmN3335E4450,0.1409474819093831
5kmN3335E4455,0.14363011689706756
5kmN3335E4460,0.1307050253372637
5kmN3335E4465,0.14797683837686304
5kmN3335E4470,0.12398787144302914
5kmN3335E4475,-0.005322385854222178
5kmN3335E4480,-0.011889847897550543
5kmN3335E4485,-0.03248557602118074
5kmN3335E4490,-0.039626976486446086
5kmN3335E4495,-0.04320674910351352
5kmN3335E4505,-0.041362176931555195
5kmN3335E4510,-0.049531478078808866
5kmN3335E4515,-0.04697760330533046
5kmN3335E4520,-0.04340784006541504
5kmN3335E4525,-0.026507543153394042
5kmN3335E4530,-0.03400087610123281
5kmN3335E4535,-0.02759660426162458
5kmN3335E4540,-0.04207005105170192
5kmN3335E4545,-0.0533464269770656
5kmN3335E4550,-0.05428939154843471
5kmN3335E4555,-0.036621785447177424
5kmN3335E4560,-0.02783906345830045
5kmN3335E4565,-0.04559384854271997
5kmN3335E4570,-0.043912970000075324
5kmN3335E4575,-0.03978003769457872
5kmN3335E4580,-0.05481684139449994
5kmN3335E4585,-0.044639266101896835
5kmN3335E4590,-0.048913976094959954
5kmN3335E4595,-0.06183352001595832
5kmN3335E4600,-0.0720651663591092
5kmN3335E4605,-0.06122816368562334
5kmN3335E4610,-0.052557300118605044
5kmN3340E4130,0.07991781322642777
5kmN3340E4135,0.08939648317467741
5kmN3340E4140,0.09797117828854685
5kmN3340E4145,0.09495104982424124
5kmN3340E4150,0.09908003438810031
5kmN3340E4155,0.0961922194189575
5kmN3340E4160,0.05827097271432269
5kmN3340E4165,-0.02108193254218277
5kmN3340E4170,-0.01774012198662922
5kmN3340E4175,0.01685513096787694
5kmN3340E4180,0.04421855189987456
5kmN3340E4185,0.025935751353135694
5kmN3340E4190,0.027511687549201025
5kmN3340E4195,0.0012424855894524467
5kmN3340E4200,-0.02989616666781747
5kmN3340E4205,0.0647127224396637
5kmN3340E4210,0.13938390394166567
5kmN3340E4215,0.14206923111780423
5kmN3340E4240,0.01737933972255823
5kmN3340E4245,0.015586439879324954
5kmN3340E4250,0.019795075683157082
5kmN3340E4255,0.028633177489693407
5kmN3340E4260,0.03554583851075893
5kmN3340E4265,0.032614424865055225
5kmN3340E4270,0.023733942315386947
5kmN3340E4275,0.020787517360615848
5kmN3340E4280,0.03096654410392985
5kmN3340E4285,0.026149097536596555
5kmN3340E4290,0.027950734922774445
5kmN3340E4295,0.039967968817217925
5kmN3340E4300,0.03226317295954112
5kmN3340E4305,0.03370057425701711
5kmN3340E4310,0.01652413531056679
5kmN3340E4315,0.027907913121088812
5kmN3340E4320,0.041716437762487735
5kmN3340E4325,0.03673002538624087
5kmN3340E4330,-0.002975737244466814
5kmN3340E4335,-0.09987978854517776
5kmN3340E4340,-0.12154416524746597
5kmN3340E4345,-0.11665130328985213
5kmN3340E4350,-0.05696080864802955
5kmN3340E4355,-0.04596225193334463
5kmN3340E4360,-0.043358244593589446
5kmN3340E4365,-0.09353307526434995
5kmN3340E4370,-0.08928735472369581
5kmN3340E4375,-0.07736615668017327
5kmN3340E4380,0.037204180530530206
5kmN3340E4385,-0.0045838727828633186
5kmN3340E4390,-0.06606421073963928
5kmN3340E4395,-0.05713744525536252
5kmN3340E4400,-0.07575111546658125
5kmN3340E4405,-0.07644932010231853
5kmN3340E4410,-0.031864215188281086
5kmN3340E4415,-0.03644272481918992
5kmN3340E4420,-0.023966124675942113
5kmN3340E4425,0.10445558485853668
5kmN3340E4430,0.12577117876495103
5kmN3340E4435,0.12718276484508384
5kmN3340E4440,0.12938673091878616
5kmN3340E4445,0.13744298340242445
5kmN3340E4450,0.1277008931028365
5kmN3340E4455,0.13070414816502196
5kmN3340E4460,0.13595716905021304
5kmN3340E4465,0.1190692069493029
5kmN3340E4470,0.13975735804897427
5kmN3340E4475,0.016088195020549367
5kmN3340E4480,-0.013829389220003763
5kmN3340E4485,-0.022832443311311068
5kmN3340E4490,-0.03182089948784417
5kmN3340E4495,-0.037606875402490636
5kmN3340E4500,-0.041715334484965005
5kmN3340E4505,-0.05654922507806592
5kmN3340E4510,-0.054803690387963955
5kmN3340E4515,-0.03542078534531812
5kmN3340E4520,-0.042490746197062
5kmN3340E4525,-0.012660628510122618
5kmN3340E4530,-0.020654749536434758
5kmN3340E4535,-0.018875811911998497
5kmN3340E4540,-0.03298987717007029
5kmN3340E4545,-0.037406676872868916
5kmN3340E4550,-0.02952499083962734
5kmN3340E4555,-0.057068518932726464
5kmN3340E4560,-0.04350036769433474
5kmN3340E4565,-0.028824556832603987
5kmN3340E4570,-0.03795143877549034
5kmN3340E4575,-0.04751796922485996
5kmN3340E4580,-0.051774641217019135
5kmN3340E4585,-0.046478559969097666
5kmN3340E4590,-0.04518924389947809
5kmN3340E4595,-0.06040041286211051
5kmN3340E4600,-0.04170588200041636
5kmN3340E4605,-0.05490454539020251
5kmN3340E4610,-0.05005868679264047
5kmN3345E4130,0.09473752104906985
5kmN3345E4135,0.09629537772143937
5kmN3345E4140,0.1016096895247679
5kmN3345E4145,0.0942479505412801
5kmN3345E4150,0.0908412049020168
5kmN3345E4155,0.09779347187830101
5kmN3345E4160,0.09687434742177559
5kmN3345E4165,0.08390981440804263
5kmN3345E4170,0.05486454659902795
5kmN3345E4175,0.04545074272801136
5kmN3345E4180,0.04561460566861575
5kmN3345E4185,0.026789302979638274
5kmN3345E4190,0.030231202769955723
5kmN3345E4195,0.01972941507287329
5kmN3345E4200,0.017771207984145165
5kmN3345E4205,0.08812081768451513
5kmN3345E4210,0.15115087859544019
5kmN3345E4215,0.1296787413252588
5kmN3345E4230,0.03420701159824302
5kmN3345E4235,0.029497849769600903
5kmN3345E4240,0.029605032472232173
5kmN3345E4245,0.028697344970357697
5kmN3345E4250,0.031908454226912686
5kmN3345E4255,0.03781844639753562
5kmN3345E4260,0.038380021453782664
5kmN3345E4265,0.0361130984733139
5kmN3345E4270,0.0376253196014823
5kmN3345E4275,0.025598191715044183
5kmN3345E4280,0.03162792736307718
5kmN3345E4285,0.03456540088696569
5kmN3345E4290,0.03321515229095262
5kmN3345E4295,0.029365651082983835
5kmN3345E4300,0.027702633174876284
5kmN3345E4305,0.043908144521179304
5kmN3345E4310,0.04272859668070714
5kmN3345E4315,0.020465585066489933
5kmN3345E4320,0.06236829407015909
5kmN3345E4325,0.06721930671658172
5kmN3345E4330,0.06516461442016744
5kmN3345E4335,-0.0785482537329322
5kmN3345E4340,-0.1080469991309343
5kmN3345E4345,-0.1253244947335322
5kmN3345E4350,-0.14019915767522534
5kmN3345E4355,-0.11546272661709095
5kmN3345E4360,-0.10437637699628394
5kmN3345E4365,-0.10048144787434787
5kmN3345E4370,-0.102557062662197
5kmN3345E4375,-0.045928988823023154
5kmN3345E4380,-0.025574385061540472
5kmN3345E4385,-0.07479262046474772
5kmN3345E4390,-0.0854213379133244
5kmN3345E4395,-0.07853630653073274
5kmN3345E4400,-0.06375696477096005
5kmN3345E4405,-0.05475697830179721
5kmN3345E4410,-0.06036167301694101
5kmN3345E4415,-0.051281766455269606
5kmN3345E4420,-0.05837690882698365
5kmN3345E4425,0.03600832223548922
5kmN3345E4430,0.10524800659232036
5kmN3345E4435,0.05118051664676071
5kmN3345E4440,0.08654232334773138
5kmN3345E4445,0.12900352246160707
5kmN3345E4450,0.1278507623326045
5kmN3345E4455,0.11500171035002238
5kmN3345E4460,0.1252619254007058
5kmN3345E4465,0.13056927877578628
5kmN3345E4470,0.11575478175601339
5kmN3345E4475,0.008867039610584715
5kmN3345E4480,-0.02335784672699104
5kmN3345E4485,-0.04320993207814727
5kmN3345E4490,-0.03669271854609979
5kmN3345E4495,-0.049816657452643465
5kmN3345E4500,-0.017702810750474196
5kmN3345E4525,-0.03203450114605383
5kmN3345E4530,-0.04128449174243648
5kmN3345E4535,-0.04138111908693681
5kmN3345E4540,-0.0473885200657298
5kmN3345E4545,-0.031319342928519234
5kmN3345E4550,-0.032200701054524106
5kmN3345E4555,-0.03656747261618276
5kmN3345E4560,-0.0385055254169846
5kmN3345E4565,-0.04086373426731693
5kmN3345E4570,-0.04863335260594903
5kmN3345E4575,-0.0710364678165083
5kmN3345E4580,-0.050547374445968574
5kmN3345E4585,-0.06129257874185634
5kmN3345E4590,-0.04397159563699138
5kmN3345E4595,-0.038296717747862696
5kmN3345E4600,-0.02560148018023556
5kmN3345E4605,-0.055146277487928885
5kmN3345E4610,-0.04952265019106883
5kmN3350E4135,0.09161807929911103
5kmN3350E4140,0.10955935795690996
5kmN3350E4145,0.08659868870196741
5kmN3350E4150,0.0964381390107728
5kmN3350E4155,0.09825824453600929
5kmN3350E4160,0.10171532619124235
5kmN3350E4165,0.09673888255411206
5kmN3350E4170,0.07873548051770729
5kmN3350E4175,0.049646321836630314
5kmN3350E4180,0.03683911340769774
5kmN3350E4185,0.04445624359529332
5kmN3350E4190,0.02668083485279471
5kmN3350E4195,0.021125205120125667
5kmN3350E4200,0.019618864768735145
5kmN3350E4205,0.13905285659265676
5kmN3350E4210,0.15930251701088544
5kmN3350E4215,0.1389643368635925
5kmN3350E4220,0.031630238294650115
5kmN3350E4225,0.04367017437542958
5kmN3350E4230,0.052959615356209744
5kmN3350E4235,0.047358872539389196
5kmN3350E4240,0.041689498213790255
5kmN3350E4245,0.038441624436230004
5kmN3350E4250,0.03719575472226361
5kmN3350E4255,0.04979239297513144
5kmN3350E4260,0.05614891339462158
5kmN3350E4265,0.04720204511558085
5kmN3350E4270,0.039363216241658505
5kmN3350E4275,0.035348090998152726
5kmN3350E4280,0.03174356296768499
5kmN3350E4285,0.03378399631306206
5kmN3350E4290,0.031538927015287654
5kmN3350E4295,0.026913464359056866
5kmN3350E4300,0.034910495401723446
5kmN3350E4305,0.04281110202420954
5kmN3350E4310,0.048104380938982005
5kmN3350E4315,0.05159787195072929
5kmN3350E4320,0.04919610653149892
5kmN3350E4325,0.05352550574900142
5kmN3350E4330,0.05400341325995983
5kmN3350E4335,-0.037658849829422414
5kmN3350E4340,-0.09943838664213905
5kmN3350E4345,-0.13852982193255198
5kmN3350E4350,-0.11347801650810857
5kmN3350E4355,-0.1023382828431077
5kmN3350E4360,-0.0978072357028566
5kmN3350E4365,-0.0844532288601883
5kmN3350E4370,-0.07718719792414924
5kmN3350E4375,-0.07996918916128076
5kmN3350E4380,-0.088307259218319
5kmN3350E4385,-0.0933162973382971
5kmN3350E4390,-0.08850290529899946
5kmN3350E4395,-0.09389141923989053
5kmN3350E4400,-0.09236767763799925
5kmN3350E4405,-0.05986739669169283
5kmN3350E4410,-0.0565206293628312
5kmN3350E4415,-0.0616847141522891
5kmN3350E4420,-0.051943749373007386
5kmN3350E4425,-0.045585318330360836
5kmN3350E4430,-0.031122959002103268
5kmN3350E4435,-0.029774607992697044
5kmN3350E4440,-0.01657211183367685
5kmN3350E4445,0.05050782458697528
5kmN3350E4450,0.10826175517830194
5kmN3350E4455,0.12222762714443447
5kmN3350E4460,0.12427645115009067
5kmN3350E4465,0.11065855155630477
5kmN3350E4470,0.09817553677201718
5kmN3350E4475,0.014708292912488208
5kmN3350E4480,-0.013393641366027886
5kmN3350E4495,-0.016393698691472225
5kmN3350E4535,-0.030001884636786658
5kmN3350E4540,-0.04389653014228023
5kmN3350E4545,-0.0519335666581493
5kmN3350E4550,-0.03317285531356928
5kmN3350E4555,-0.055646581626608405
5kmN3350E4560,-0.05602433640255167
5kmN3350E4565,-0.05784065220698775
5kmN3350E4570,-0.0646149582607436
5kmN3350E4575,-0.049628061768954956
5kmN3350E4580,-0.06557119054948024
5kmN3350E4585,-0.061562762643163405
5kmN3350E4590,-0.053027252819861204
5kmN3350E4595,-0.05019373679276096
5kmN3350E4600,-0.055358182248780974
5kmN3350E4605,-0.04583249201014494
5kmN3350E4610,-0.03357588012306778
5kmN3355E4135,0.08294528510612503
5kmN3355E4140,0.09023505862735504
5kmN3355E4145,0.0921648283414947
5kmN3355E4150,0.08680919671969745
5kmN3355E4155,0.09245130339886853
5kmN3355E4160,0.09186048442728145
5kmN3355E4165,0.09088887658325684
5kmN3355E4170,0.07993464913567871
5kmN3355E4175,0.07365262346473284
5kmN3355E4180,0.03759972503912318
5kmN3355E4185,0.02758310921037027
5kmN3355E4190,0.024660674686753314
5kmN3355E4195,0.030317210996075872
5kmN3355E4200,0.11401497861399512
5kmN3355E4205,0.16364618774942197
5kmN3355E4210,0.1653040280523731
5kmN3355E4215,0.158132280623542
5kmN3355E4220,0.057632585799447356
5kmN3355E4225,0.07898038155699005
5kmN3355E4230,0.07621702027297744
5kmN3355E4235,0.06258920186575562
5kmN3355E4240,0.05063036938200505
5kmN3355E4245,0.044637258106599575
5kmN3355E4250,0.043268920748167405
5kmN3355E4255,0.0516410696335487
5kmN3355E4260,0.056428421271849494
5kmN3355E4265,0.04680915119796858
5kmN3355E4270,0.05067492481682323
5kmN3355E4275,0.04035459398446983
5kmN3355E4280,0.05600926651904592
5kmN3355E4285,0.04703194731563304
5kmN3355E4290,0.04196296521717241
5kmN3355E4295,0.03615639094850365
5kmN3355E4300,0.032923948303115874
5kmN3355E4305,0.045472449295217016
5kmN3355E4310,0.029154403059136663
5kmN3355E4315,0.048052342485711164
5kmN3355E4320,0.04016184038532805
5kmN3355E4325,0.042869629563628026
5kmN3355E4330,0.05041572475698111
5kmN3355E4335,-0.0009498751633392755
5kmN3355E4340,-0.07348356654162408
5kmN3355E4345,-0.09535553980414374
5kmN3355E4350,-0.09070023850270831
5kmN3355E4355,-0.08844546245071416
5kmN3355E4360,-0.08890894669402138
5kmN3355E4365,-0.09068255189011043
5kmN3355E4370,-0.08548795682674687
5kmN3355E4375,-0.09545233106705414
5kmN3355E4380,-0.06971948202578218
5kmN3355E4385,-0.07978860892398454
5kmN3355E4390,-0.09381594729076359
5kmN3355E4395,-0.09483845337466601
5kmN3355E4400,-0.09743955419606765
5kmN3355E4405,-0.08697585501474964
5kmN3355E4410,-0.06062353196582149
5kmN3355E4415,-0.05537844581631385
5kmN3355E4420,-0.07598698910798479
5kmN3355E4425,-0.022531458980964203
5kmN3355E4430,-0.0380186598382406
5kmN3355E4435,-0.045517961976576815
5kmN3355E4440,-0.02535302287186375
5kmN3355E4445,-0.022970669445571856
5kmN3355E4450,-0.017061501227396525
5kmN3355E4455,0.09874570353712209
5kmN3355E4460,0.1247714545015376
5kmN3355E4465,0.11594601803223525
5kmN3355E4470,0.12197285431840132
5kmN3355E4475,0.004073743871432556
5kmN3355E4550,-0.04303137722702777
5kmN3355E4555,-0.05419930511531301
5kmN3355E4560,-0.053236367508847526
5kmN3355E4565,-0.057607181875924285
5kmN3355E4570,-0.06079581832183678
5kmN3355E4575,-0.07056906617332548
5kmN3355E4580,-0.06917226412701227
5kmN3355E4585,-0.07124361748944441
5kmN3355E4590,-0.049697882091053414
5kmN3355E4595,-0.04587803949975
5kmN3355E4600,-0.04493540695807241
5kmN3355E4605,-0.05213433451233629
5kmN3355E4610,-0.059707285708210045
5kmN3355E4615,-0.05680979064842395
5kmN3360E4120,-0.06623193712007586
5kmN3360E4125,-0.08771920184409954
5kmN3360E4130,-0.10478982623621608
5kmN3360E4135,-0.06485990229508515
5kmN3360E4140,0.03273443991555297
5kmN3360E4145,0.08072220126416035
5kmN3360E4150,0.10145398993011867
5kmN3360E4155,0.06281977049476378
5kmN3360E4160,0.030786771211716524
5kmN3360E4165,0.048098031133163854
5kmN3360E4170,0.07851924474312222
5kmN3360E4175,0.07879948917932172
5kmN3360E4180,0.03360550191307643
5kmN3360E4185,0.017693477207220254
5kmN3360E4190,0.013338835601510224
5kmN3360E4195,0.029514989631143018
5kmN3360E4200,0.1457389492831142
5kmN3360E4205,0.16645017615572744
5kmN3360E4210,0.16644182412288994
5kmN3360E4215,0.1661859846232746
5kmN3360E4220,0.0740567213114357
5kmN3360E4225,0.08354921902021806
5kmN3360E4230,0.07910335506512328
5kmN3360E4235,0.07337391189018255
5kmN3360E4240,0.06214099093004333
5kmN3360E4245,0.0559279778759279
5kmN3360E4250,0.05099952954001752
5kmN3360E4255,0.054829359471389894
5kmN3360E4260,0.05783087893118932
5kmN3360E4265,0.051238483731044004
5kmN3360E4270,0.05895791618668411
5kmN3360E4275,0.054839913361063974
5kmN3360E4280,0.04870428242835623
5kmN3360E4285,0.05433208611087864
5kmN3360E4290,0.0445954764181159
5kmN3360E4295,0.041941153989478036
5kmN3360E4300,0.03987976946119423
5kmN3360E4305,0.01584721698341568
5kmN3360E4310,0.037544836433814816
5kmN3360E4315,0.04273350982700136
5kmN3360E4320,0.04706750574046378
5kmN3360E4325,0.040283374837283475
5kmN3360E4330,0.04220540497812786
5kmN3360E4335,0.04746795881249183
5kmN3360E4340,0.027328731415728502
5kmN3360E4345,0.003142396291788252
5kmN3360E4350,-0.034168239709951115
5kmN3360E4355,0.0006179874903682325
5kmN3360E4360,-0.06982407483264497
5kmN3360E4365,-0.09349915666231084
5kmN3360E4370,-0.10125463701008192
5kmN3360E4375,-0.09702878218341604
5kmN3360E4380,-0.08952835262382491
5kmN3360E4385,-0.1051968177881275
5kmN3360E4390,-0.0912333686101594
5kmN3360E4395,-0.0954764847878643
5kmN3360E4400,-0.08698319577245955
5kmN3360E4405,-0.08258710946401937
5kmN3360E4410,-0.08228080076493033
5kmN3360E4415,-0.062125527177373574
5kmN3360E4420,-0.06467976265212888
5kmN3360E4425,-0.050744852873643886
5kmN3360E4430,-0.03549274888723952
5kmN3360E4435,-0.044865718718132275
5kmN3360E4440,-0.03674053614065986
5kmN3360E4445,-0.04109603363811609
5kmN3360E4450,-0.040966630999168696
5kmN3360E4455,0.0337906835114693
5kmN3360E4460,0.03520678561872864
5kmN3360E4465,0.016206788031315922
5kmN3360E4470,-0.023948648432045083
5kmN3360E4555,-0.04096317739120381
5kmN3360E4560,-0.05947840640624191
5kmN3360E4565,-0.052569447386662915
5kmN3360E4570,-0.058809010316865584
5kmN3360E4575,-0.07792805887553866
5kmN3360E4580,-0.06973312090256267
5kmN3360E4585,-0.07109960014952221
5kmN3360E4590,-0.06188934139804747
5kmN3360E4595,-0.019001486979487447
5kmN3360E4600,-0.026883554465539805
5kmN3360E4605,-0.045580526565062396
5kmN3360E4610,-0.059048162590925934
5kmN3360E4615,-0.04726138494608012
5kmN3365E4120,-0.0012406300344374732
5kmN3365E4125,-0.021455330564911945
5kmN3365E4130,-0.04761310209286046
5kmN3365E4135,-0.06796323375559865
5kmN3365E4140,-0.000411001091080776
5kmN3365E4145,0.0009768931511222045
5kmN3365E4150,0.01331012048931901
5kmN3365E4155,0.0014921099174087238
5kmN3365E4160,-0.00985885627482469
5kmN3365E4165,-0.005162881309170253
5kmN3365E4170,-0.006506220785149064
5kmN3365E4175,0.005953604591509176
5kmN3365E4180,0.028524968108969928
5kmN3365E4185,0.030974966439806906
5kmN3365E4190,0.021405191079535535
5kmN3365E4195,0.008831111030208616
5kmN3365E4200,0.10288006310765002
5kmN3365E4205,0.15276358478785335
5kmN3365E4210,0.1774441797448214
5kmN3365E4215,0.1652849019513019
5kmN3365E4220,0.0776333404374755
5kmN3365E4225,0.08668307748544962
5kmN3365E4230,0.07999552415098143
5kmN3365E4235,0.08714356962279746
5kmN3365E4240,0.08422723160491341
5kmN3365E4245,0.08539193997027089
5kmN3365E4250,0.07094398139530483
5kmN3365E4255,0.07074195700704061
5kmN3365E4260,0.061132694184600156
5kmN3365E4265,0.06438840722812489
5kmN3365E4270,0.06563430670337472
5kmN3365E4275,0.05660018341384504
5kmN3365E4280,0.04166878316556505
5kmN3365E4285,0.05052398662828275
5kmN3365E4290,0.04953984881905704
5kmN3365E4295,0.041384667828753996
5kmN3365E4300,0.03788997650319531
5kmN3365E4305,0.02476304480661118
5kmN3365E4310,0.03959212642090082
5kmN3365E4340,0.03987142796769419
5kmN3365E4345,0.06186990730097047
5kmN3365E4350,0.08313586137028162
5kmN3365E4355,0.08782677640709918
5kmN3365E4360,-0.027533907939221003
5kmN3365E4365,-0.11015979467223747
5kmN3365E4370,-0.10235032883274964
5kmN3365E4375,-0.09155363991382037
5kmN3365E4380,-0.07884847643382431
5kmN3365E4385,-0.10568475459566384
5kmN3365E4390,-0.08421782231401975
5kmN3365E4395,-0.09036620586828992
5kmN3365E4400,-0.09110468657524551
5kmN3365E4405,-0.08133745962888395
5kmN3365E4410,-0.06920153439860915
5kmN3365E4415,-0.06933029736214902
5kmN3365E4420,-0.06595448974404072
5kmN3365E4425,-0.06671887368820817
5kmN3365E4430,-0.0426695047795162
5kmN3365E4435,-0.05483672397038403
5kmN3365E4440,-0.051842873555755675
5kmN3365E4445,-0.05524241994680579
5kmN3365E4450,-0.03735675185175996
5kmN3365E4455,-0.04629136088073038
5kmN3365E4460,-0.04152513294009186
5kmN3365E4465,-0.03923602491373712
5kmN3365E4500,0.043444807395670026
5kmN3365E4515,-0.00424757910175777
5kmN3365E4555,-0.04213924130420077
5kmN3365E4560,-0.057690040095857875
5kmN3365E4565,-0.047731455077204
5kmN3365E4570,-0.06755937674929591
5kmN3365E4575,-0.05241780485912739
5kmN3365E4580,-0.08230208908402215
5kmN3365E4585,-0.06773034738133354
5kmN3365E4590,-0.0717479225753217
5kmN3365E4595,-0.050796380772153205
5kmN3365E4600,-0.01449119822322964
5kmN3365E4605,-0.030142099255488386
5kmN3365E4610,-0.026326640693977943
5kmN3370E4120,-0.00143067808461933
5kmN3370E4125,0.010789251150449208
5kmN3370E4130,0.00694892710342071
5kmN3370E4135,0.013298931047851292
5kmN3370E4140,-0.0007601200292629562
5kmN3370E4145,-0.0055967279418605576
5kmN3370E4150,0.002362791615785953
5kmN3370E4155,0.0013305645040531666
5kmN3370E4160,-0.0014649995722177955
5kmN3370E4165,-0.005023141530680231
5kmN3370E4170,0.0007415615827829902
5kmN3370E4175,-0.006572277953771799
5kmN3370E4180,-0.006612328550343105
5kmN3370E4185,0.03352762991440095
5kmN3370E4190,0.02429376709607578
5kmN3370E4195,0.012339906544784673
5kmN3370E4205,0.17674046431683255
5kmN3370E4210,0.16936563303520147
5kmN3370E4215,0.16484106260552345
5kmN3370E4220,0.0751558368186841
5kmN3370E4225,0.08220947283387975
5kmN3370E4230,0.07620657070747583
5kmN3370E4235,0.08948326725428613
5kmN3370E4240,0.09021603014803553
5kmN3370E4245,0.08997879988433155
5kmN3370E4250,0.07845190666681973
5kmN3370E4255,0.06706670807045839
5kmN3370E4260,0.058149848016840866
5kmN3370E4265,0.06438813948851158
5kmN3370E4270,0.057095847543809974
5kmN3370E4275,0.04465037214016554
5kmN3370E4280,0.039591845010015086
5kmN3370E4285,0.037279358158227444
5kmN3370E4290,0.03682879532169869
5kmN3370E4295,0.04576313711860858
5kmN3370E4300,0.0405528732450639
5kmN3370E4345,0.07024061253962521
5kmN3370E4350,0.08114736568195124
5kmN3370E4355,0.07889264706279625
5kmN3370E4360,0.03560870062895194
5kmN3370E4365,-0.06478356854437822
5kmN3370E4370,-0.09953022179289417
5kmN3370E4375,-0.10294542753346803
5kmN3370E4380,-0.09896541303868833
5kmN3370E4385,-0.0920685800422466
5kmN3370E4390,-0.07481872700875036
5kmN3370E4395,-0.09333328700786314
5kmN3370E4400,-0.09154961551612795
5kmN3370E4405,-0.09629057203282176
5kmN3370E4410,-0.05958002530026835
5kmN3370E4415,-0.064121368987486
5kmN3370E4420,-0.06437369998574971
5kmN3370E4425,-0.07137286634016982
5kmN3370E4430,-0.05115600522627911
5kmN3370E4435,-0.0591156911620519
5kmN3370E4440,-0.06904300057546686
5kmN3370E4445,-0.04416491664656186
5kmN3370E4450,-0.04225846583685511
5kmN3370E4455,-0.05241517131343859
5kmN3370E4460,-0.0484635179401075
5kmN3370E4465,-0.045916398709940354
5kmN3370E4500,0.053871932995503524
5kmN3370E4565,-0.06591636318992644
5kmN3370E4570,-0.059359125209089814
5kmN3370E4575,-0.051780221918398706
5kmN3370E4580,-0.07352643794133396
5kmN3370E4585,-0.07050150266152189
5kmN3370E4590,-0.07297324048060982
5kmN3370E4595,-0.0765195954659561
5kmN3370E4600,-0.03444660062193994
5kmN3370E4605,-0.019611670151970184
5kmN3370E4610,-0.007583407973945855
5kmN3375E4120,0.012895172047502734
5kmN3375E4125,0.006095177666114282
5kmN3375E4130,0.00534436849593567
5kmN3375E4135,0.0030581897553028647
5kmN3375E4140,0.006066715882213414
5kmN3375E4145,0.004904360061746493
5kmN3375E4150,-0.0066894902650322385
5kmN3375E4155,0.008491860899129622
5kmN3375E4160,-3.781602668034845e-05
5kmN3375E4165,0.0035532688644809296
5kmN3375E4170,0.004717422912189406
5kmN3375E4175,0.00024621857503198674
5kmN3375E4180,0.011667031999696043
5kmN3375E4185,0.03905361403386942
5kmN3375E4190,0.01601779589132174
5kmN3375E4195,-0.09940908241729851
5kmN3375E4205,0.16696366447024275
5kmN3375E4210,0.16778658982909506
5kmN3375E4215,0.16831482723021135
5kmN3375E4220,0.04868778416140157
5kmN3375E4225,-0.03648138741488588
5kmN3375E4230,0.07400669449698838
5kmN3375E4235,0.08754016745769627
5kmN3375E4240,0.09217472437792973
5kmN3375E4245,0.08858026970557165
5kmN3375E4250,0.08203551113465984
5kmN3375E4255,0.08309713726109491
5kmN3375E4260,0.057933249787658125
5kmN3375E4265,0.06853359833406919
5kmN3375E4270,0.05096251903262733
5kmN3375E4275,0.0471709697255612
5kmN3375E4280,0.03899842849452059
5kmN3375E4285,0.03788575173282341
5kmN3375E4290,0.03493799748244181
5kmN3375E4295,0.03622870496042785
5kmN3375E4300,0.029242731541966327
5kmN3375E4340,0.0602270257048656
5kmN3375E4345,0.09089540612112429
5kmN3375E4350,0.07936087446054518
5kmN3375E4355,0.08637724929204083
5kmN3375E4360,0.08891970711306729
5kmN3375E4365,0.09288099945014644
5kmN3375E4370,0.012801289777742475
5kmN3375E4375,-0.09881808247443874
5kmN3375E4380,-0.1008938406115113
5kmN3375E4385,-0.09863327566636437
5kmN3375E4390,-0.0910794600763174
5kmN3375E4395,-0.08895819471674793
5kmN3375E4400,-0.08905877486741931
5kmN3375E4405,-0.09297548506917941
5kmN3375E4410,-0.08783843864481977
5kmN3375E4415,-0.09687545539484421
5kmN3375E4420,-0.059517488943732544
5kmN3375E4425,-0.040066778079672405
5kmN3375E4430,-0.04470256459627053
5kmN3375E4435,-0.05044764458958495
5kmN3375E4440,-0.06521449534665807
5kmN3375E4445,-0.049760173368888716
5kmN3375E4450,-0.0473205077810096
5kmN3375E4455,-0.053747114592910206
5kmN3375E4460,-0.0441520412547558
5kmN3375E4465,-0.04907650415706871
5kmN3375E4470,-0.08324169894812722
5kmN3375E4505,0.027322819161166967
5kmN3375E4565,-0.0573496654088943
5kmN3375E4570,-0.07211343760774636
5kmN3375E4575,-0.05208287837349568
5kmN3375E4580,-0.033144780098500304
5kmN3375E4585,-0.04423275811116756
5kmN3375E4590,-0.03397172397965087
5kmN3375E4595,-0.030255654287255185
5kmN3375E4600,-0.01535060355202067
5kmN3375E4605,-0.00933016701298639
5kmN3375E4610,-0.010137699145670531
5kmN3380E4120,-0.027711612478191927
5kmN3380E4125,0.005056756827822639
5kmN3380E4130,0.015435005862038664
5kmN3380E4135,0.0037864341600326035
5kmN3380E4140,0.007257557796929548
5kmN3380E4145,0.006138680978843458
5kmN3380E4150,0.004284445765832534
5kmN3380E4155,0.00878422214663338
5kmN3380E4160,-0.0009957986197755009
5kmN3380E4165,-0.002060090266240766
5kmN3380E4170,0.004677115969925372
5kmN3380E4175,0.026459776745712038
5kmN3380E4180,0.033803073701959896
5kmN3380E4185,0.0378455553865622
5kmN3380E4190,0.011833989544097256
5kmN3380E4195,-0.02650909533657797
5kmN3380E4200,0.22109431851421218
5kmN3380E4205,0.16694248306871218
5kmN3380E4210,0.17433331228942606
5kmN3380E4215,0.16773722886715936
5kmN3380E4220,0.13504371184409403
5kmN3380E4225,-0.04759464356550114
5kmN3380E4230,0.05639740784358377
5kmN3380E4235,0.08557176357410556
5kmN3380E4240,0.0933967442583521
5kmN3380E4245,0.09109366519681028
5kmN3380E4250,0.08110416761115818
5kmN3380E4255,0.07293506567770747
5kmN3380E4260,0.06343688559272376
5kmN3380E4265,0.05660235186007895
5kmN3380E4270,0.05721258267942625
5kmN3380E4275,0.047483545918853926
5kmN3380E4280,0.04090355497112991
5kmN3380E4285,0.03759649443440427
5kmN3380E4290,0.02805623016482045
5kmN3380E4295,0.0037966130486632443
5kmN3380E4335,0.0663768528423874
5kmN3380E4340,0.06932847318978685
5kmN3380E4345,0.0644466190359026
5kmN3380E4350,0.08602873358994428
5kmN3380E4355,0.0941558875139672
5kmN3380E4360,0.0658376246670696
5kmN3380E4365,0.0818433895565579
5kmN3380E4370,0.08437344174461014
5kmN3380E4375,-0.0661356119738864
5kmN3380E4380,-0.1330754351814677
5kmN3380E4385,-0.09557103235707942
5kmN3380E4390,-0.08568853834181156
5kmN3380E4395,-0.0873508459302787
5kmN3380E4400,-0.08693450303630279
5kmN3380E4405,-0.07878970837239896
5kmN3380E4410,-0.07273159604838397
5kmN3380E4415,-0.05825273966695549
5kmN3380E4420,-0.06705576321178375
5kmN3380E4425,-0.05838864343355504
5kmN3380E4430,-0.0629110487172439
5kmN3380E4435,-0.057701608640373714
5kmN3380E4440,-0.052211227034971774
5kmN3380E4445,-0.03938207324992682
5kmN3380E4450,-0.05717165079282066
5kmN3380E4455,-0.034005696055151635
5kmN3380E4460,-0.04200179921154068
5kmN3380E4465,-0.03768598122579048
5kmN3380E4470,-0.05314458290755647
5kmN3380E4565,-0.02457142010428981
5kmN3380E4570,-0.02783571010251973
5kmN3380E4575,-0.06038469559476156
5kmN3380E4580,-0.017016335409933303
5kmN3380E4585,-0.03401912890371017
5kmN3380E4590,-0.030024227017421135
5kmN3380E4595,-0.00588115012580448
5kmN3380E4600,-0.006264916929555331
5kmN3380E4605,-0.009480226456233143
5kmN3380E4610,-0.0014315193772851398
5kmN3385E4100,0.12154614582410261
5kmN3385E4105,0.0320979542110309
5kmN3385E4125,0.041819163647971114
5kmN3385E4130,0.016324082690637565
5kmN3385E4135,0.018082653526205916
5kmN3385E4140,0.017289956105055848
5kmN3385E4145,0.016072267108119986
5kmN3385E4150,0.025099119726114283
5kmN3385E4155,0.016513409816194757
5kmN3385E4160,0.011149602080279819
5kmN3385E4165,0.009813371930916193
5kmN3385E4170,0.004675957866755676
5kmN3385E4175,0.01701079222711427
5kmN3385E4180,0.04219034567281865
5kmN3385E4185,0.03408348510305864
5kmN3385E4190,0.015470544554622434
5kmN3385E4195,-0.0397529762774842
5kmN3385E4200,0.09322456696361137
5kmN3385E4205,0.1713018502781521
5kmN3385E4210,0.1718616620978699
5kmN3385E4215,0.08247906919129877
5kmN3385E4220,0.018479053957250413
5kmN3385E4225,-0.03112220152487788
5kmN3385E4230,0.07040372524680705
5kmN3385E4235,0.09128758903608425
5kmN3385E4240,0.09608896998142025
5kmN3385E4245,0.09672358827118821
5kmN3385E4250,0.09527784137858686
5kmN3385E4255,0.09614254916548992
5kmN3385E4260,0.08790575258418765
5kmN3385E4265,0.05428867285202019
5kmN3385E4270,0.0454615474159033
5kmN3385E4275,0.04804630107122748
5kmN3385E4280,0.05613398838166006
5kmN3385E4285,0.02407300218234082
5kmN3385E4290,0.013912751555246072
5kmN3385E4295,0.0222569307590417
5kmN3385E4335,0.07545483644429893
5kmN3385E4340,0.09223283230978657
5kmN3385E4345,0.09095202107217237
5kmN3385E4350,0.09355590870622355
5kmN3385E4355,0.07737649985383438
5kmN3385E4360,0.08723394498043308
5kmN3385E4365,0.05953790896048233
5kmN3385E4370,0.09318334281451368
5kmN3385E4375,0.08113608407717243
5kmN3385E4380,-0.04953784058682592
5kmN3385E4385,-0.09528508051499102
5kmN3385E4390,-0.0983937223018631
5kmN3385E4395,-0.11916193584786022
5kmN3385E4400,-0.11946712690537903
5kmN3385E4405,-0.09808535531078438
5kmN3385E4410,-0.019536776089725927
5kmN3385E4415,0.027386667967746192
5kmN3385E4420,-0.08591851831949099
5kmN3385E4425,-0.07229689874904083
5kmN3385E4430,-0.07860295088263719
5kmN3385E4435,-0.0610301986913217
5kmN3385E4440,-0.045898836773920204
5kmN3385E4445,-0.04379880787056939
5kmN3385E4450,-0.04468944295168964
5kmN3385E4455,-0.041018407471799245
5kmN3385E4460,-0.04768721000766296
5kmN3385E4465,-0.047571440171140955
5kmN3385E4470,-0.016555040621921813
5kmN3385E4480,0.010818749348733725
5kmN3385E4570,-0.026519861619351492
5kmN3385E4575,-0.029123327316897152
5kmN3385E4580,-0.019124325127867103
5kmN3385E4585,-0.022827252458451075
5kmN3385E4590,-0.018964781597437974
5kmN3385E4595,-0.00142907342836196
5kmN3385E4600,-0.008532031004795049
5kmN3385E4605,0.0035673905177021625
5kmN3390E4095,0.0474047856657297
5kmN3390E4100,0.11812437106503715
5kmN3390E4125,-0.0710466733675254
5kmN3390E4130,0.025747297219282816
5kmN3390E4135,0.03443177133362835
5kmN3390E4140,0.026466222731601985
5kmN3390E4145,0.023004039186928393
5kmN3390E4150,0.024216784979651962
5kmN3390E4155,0.024482697822502286
5kmN3390E4160,0.02430508647591678
5kmN3390E4165,0.014721131063425985
5kmN3390E4170,0.002094972948445073
5kmN3390E4175,0.018916600597392252
5kmN3390E4180,0.04955411705934709
5kmN3390E4185,0.03512550022592004
5kmN3390E4190,0.009336295948380258
5kmN3390E4195,0.008683430273839554
5kmN3390E4205,0.18441805930121447
5kmN3390E4210,0.11760852147853779
5kmN3390E4220,0.08355268671514832
5kmN3390E4225,0.09077608901635098
5kmN3390E4230,0.09449224200540124
5kmN3390E4235,0.10068030429375313
5kmN3390E4240,0.09839582506387945
5kmN3390E4245,0.0961287403661879
5kmN3390E4250,0.0996081023466816
5kmN3390E4255,0.10119818574364048
5kmN3390E4260,0.09326924676243953
5kmN3390E4265,0.09527158146007564
5kmN3390E4270,0.061893854732609166
5kmN3390E4275,0.048294423752083426
5kmN3390E4280,0.048314257760206425
5kmN3390E4285,0.024887493087011547
5kmN3390E4290,0.02618381543555548
5kmN3390E4295,0.03583126909465534
5kmN3390E4300,0.026112806136668776
5kmN3390E4305,0.013913291364351654
5kmN3390E4335,0.08383912444554625
5kmN3390E4340,0.09090912895171394
5kmN3390E4345,0.09407745600649828
5kmN3390E4350,0.09718319887853644
5kmN3390E4355,0.08340956929923365
5kmN3390E4360,0.07307286490814896
5kmN3390E4365,0.0673336086672498
5kmN3390E4370,0.06913238566299929
5kmN3390E4375,0.05346648897591266
5kmN3390E4380,-0.0018743360266409992
5kmN3390E4385,-0.12624778216710725
5kmN3390E4390,-0.1360606317644154
5kmN3390E4395,-0.1315618800840635
5kmN3390E4400,-0.14380012905517442
5kmN3390E4405,-0.09841570801488109
5kmN3390E4410,0.016645885874833566
5kmN3390E4415,0.027404877773686276
5kmN3390E4420,-0.0822701316453402
5kmN3390E4425,-0.05462791011551743
5kmN3390E4430,-0.07262014786219079
5kmN3390E4435,-0.05232737542621396
5kmN3390E4440,-0.04688878747759162
5kmN3390E4445,-0.055198052001789844
5kmN3390E4450,-0.04877394030172855
5kmN3390E4455,-0.05502039844943418
5kmN3390E4460,-0.053272535595195625
5kmN3390E4465,-0.04409209007112491
5kmN3390E4470,-0.017311969872189303
5kmN3390E4475,-0.0009021002132538758
5kmN3390E4565,0.0027982646307567194
5kmN3390E4570,0.006526336805708244
5kmN3390E4575,-0.018318703273596748
5kmN3390E4580,-0.011004259200660838
5kmN3390E4585,-0.0199151361312514
5kmN3390E4590,0.012793781913815305
5kmN3390E4595,0.001362506865870028
5kmN3390E4600,0.01341274373126311
5kmN3390E4605,-0.0001894523203322951
5kmN3395E4115,0.005050585390010132
5kmN3395E4130,-0.07716637329621484
5kmN3395E4135,0.03578303879339828
5kmN3395E4140,0.032409398932705946
5kmN3395E4145,0.020028073714773942
5kmN3395E4150,0.014483719608717582
5kmN3395E4155,0.00580042789965185
5kmN3395E4160,0.018159174545343548
5kmN3395E4165,0.023393001151147896
5kmN3395E4170,0.018769551369368753
5kmN3395E4175,0.03275702826502841
5kmN3395E4180,0.04142261745104059
5kmN3395E4185,0.03767515302315666
5kmN3395E4190,0.042062223818849165
5kmN3395E4220,0.1024250953339132
5kmN3395E4225,0.10582061755901861
5kmN3395E4230,0.11481103046640534
5kmN3395E4235,0.10094261384302844
5kmN3395E4240,0.10212137308131847
5kmN3395E4245,0.10880148010495172
5kmN3395E4250,0.10341533230414768
5kmN3395E4255,0.09480441640718879
5kmN3395E4260,0.09476188335680147
5kmN3395E4265,0.09139482320167136
5kmN3395E4270,0.05840925102669775
5kmN3395E4275,0.058750090276228656
5kmN3395E4280,0.0524377675864551
5kmN3395E4285,0.03295134700313079
5kmN3395E4290,0.030993893504879355
5kmN3395E4295,0.03545975271805815
5kmN3395E4300,0.019819728498960687
5kmN3395E4305,0.023569406113429142
5kmN3395E4310,0.02107792762532304
5kmN3395E4315,-0.004780870550771726
5kmN3395E4335,0.07940871985359613
5kmN3395E4340,0.09662337230277102
5kmN3395E4345,0.08298151591965036
5kmN3395E4350,0.08873095038544926
5kmN3395E4355,0.09172215010563439
5kmN3395E4360,0.0839643668742831
5kmN3395E4365,0.08533744227337892
5kmN3395E4370,0.056039133678091546
5kmN3395E4375,0.0700160996324406
5kmN3395E4380,-0.03929893795136835
5kmN3395E4385,-0.14148513372593025
5kmN3395E4390,-0.150278467784505
5kmN3395E4395,-0.15110258939162285
5kmN3395E4400,-0.1490879060804518
5kmN3395E4405,-0.11551660163345168
5kmN3395E4410,-0.050833801223280684
5kmN3395E4415,-0.06058490675576911
5kmN3395E4420,-0.08312766945172012
5kmN3395E4425,-0.052915247516143515
5kmN3395E4430,-0.05749504388763049
5kmN3395E4435,-0.05950729667700655
5kmN3395E4440,-0.060402117280079826
5kmN3395E4445,-0.06651416162585139
5kmN3395E4450,-0.05966972694402073
5kmN3395E4455,-0.042204835588878054
5kmN3395E4460,-0.0014932994775884723
5kmN3395E4465,-0.01190794650747995
5kmN3395E4470,-0.03711176419980966
5kmN3395E4475,-0.006451803003034662
5kmN3395E4500,-0.008186369365794421
5kmN3395E4570,0.0019089843972599496
5kmN3395E4575,-0.02172231522967427
5kmN3395E4580,-0.0031777997539674807
5kmN3395E4585,-0.018206560774171154
5kmN3395E4595,0.0026284873316330115
5kmN3395E4600,0.009313184962267629
5kmN3400E4115,0.03320911595766535
5kmN3400E4120,0.016214687649081072
5kmN3400E4125,-0.0010884636911761558
5kmN3400E4130,0.0008712329477009173
5kmN3400E4135,0.013165272903920389
5kmN3400E4145,0.01544405690132461
5kmN3400E4160,-0.08611452655330332
5kmN3400E4165,-0.0019284184387730607
5kmN3400E4170,0.005348568558521727
5kmN3400E4175,0.028427362889648033
5kmN3400E4180,0.04291710860243236
5kmN3400E4185,0.0482669118289778
5kmN3400E4190,-0.027132217646785306
5kmN3400E4220,0.10735934060449026
5kmN3400E4225,0.11483770910519003
5kmN3400E4230,0.11865481183670212
5kmN3400E4235,0.11450632324256815
5kmN3400E4240,0.11327282220264345
5kmN3400E4245,0.11173364304934952
5kmN3400E4250,0.10369217426617128
5kmN3400E4255,0.1074094861493356
5kmN3400E4260,0.09617767789757481
5kmN3400E4265,0.09090435352151605
5kmN3400E4270,0.07971681953270732
5kmN3400E4275,0.05734309978026028
5kmN3400E4280,0.018857181544478185
5kmN3400E4285,-0.03614570143046719
5kmN3400E4290,-0.0036296171037000224
5kmN3400E4295,0.03383826293018685
5kmN3400E4300,0.03141625739061654
5kmN3400E4305,0.025169551931527173
5kmN3400E4310,0.033148845600287524
5kmN3400E4315,0.0257083298125185
5kmN3400E4320,-0.0017403550798151257
5kmN3400E4330,0.09859905544352107
5kmN3400E4335,0.10940798077896166
5kmN3400E4340,0.10379098441496076
5kmN3400E4345,0.0814564166521271
5kmN3400E4350,0.06913223670820662
5kmN3400E4355,0.07609149788278025
5kmN3400E4360,0.07363729372936761
5kmN3400E4365,0.0790375092592589
5kmN3400E4370,0.022656120539226887
5kmN3400E4375,-0.14938328765365666
5kmN3400E4380,-0.16365054808687335
5kmN3400E4385,-0.1652876212951016
5kmN3400E4390,-0.1506400144689593
5kmN3400E4395,-0.15669095672884686
5kmN3400E4400,-0.1465731001527994
5kmN3400E4405,-0.14492409667780454
5kmN3400E4410,-0.14365573406027027
5kmN3400E4415,-0.10897045981564418
5kmN3400E4420,-0.0781318205724627
5kmN3400E4425,-0.07228385815845867
5kmN3400E4430,-0.06487915448506776
5kmN3400E4435,-0.04671236827265035
5kmN3400E4440,-0.059557290926603945
5kmN3400E4445,-0.04572858683291259
5kmN3400E4450,-0.03861425326091594
5kmN3400E4455,-0.018502613204999074
5kmN3400E4460,-0.020328295231339555
5kmN3400E4465,-0.014004889088618244
5kmN3400E4470,0.0005680049373628648
5kmN3400E4475,-0.006913922689637475
5kmN3400E4480,-0.0027351514502423346
5kmN3400E4485,-0.011667468740687414
5kmN3400E4490,-0.01774542416564534
5kmN3400E4570,-0.006337403988028956
5kmN3400E4575,-0.005873324503674504
5kmN3400E4580,-0.019301065290657227
5kmN3400E4585,-0.007717669164029495
5kmN3400E4590,-0.0066665839956497885
5kmN3400E4595,0.0008585409027203061
5kmN3400E4600,-0.0043778956657637424
5kmN3405E4135,-0.05525724601126242
5kmN3405E4145,0.02003179174278441
5kmN3405E4150,0.019443265680774424
5kmN3405E4155,0.019041145687244687
5kmN3405E4160,0.02736449920975703
5kmN3405E4165,0.009011375370262253
5kmN3405E4170,-0.029890697014714918
5kmN3405E4220,0.14542665622556805
5kmN3405E4225,0.12201155527999052
5kmN3405E4230,0.12614762362412996
5kmN3405E4235,0.12260781820090927
5kmN3405E4240,0.11190617163710287
5kmN3405E4245,0.10802099166778473
5kmN3405E4250,0.10008512632347843
5kmN3405E4255,0.10082689632217906
5kmN3405E4260,0.1000663587472313
5kmN3405E4265,0.06743709485381699
5kmN3405E4270,0.056768851536678266
5kmN3405E4275,0.049152602681671625
5kmN3405E4280,-0.034028909067747415
5kmN3405E4285,-0.06499694702694242
5kmN3405E4290,-0.05528095158603108
5kmN3405E4295,-0.0025520312470367346
5kmN3405E4300,0.03332284824837614
5kmN3405E4305,0.03102332607047148
5kmN3405E4310,0.014925935627061293
5kmN3405E4315,-0.021718731457969598
5kmN3405E4320,-0.011957420603329383
5kmN3405E4325,0.005420157289287519
5kmN3405E4330,0.08463935134499861
5kmN3405E4335,0.07879258389939697
5kmN3405E4340,0.08880743878994735
5kmN3405E4345,0.08267271748075466
5kmN3405E4350,0.08930067909033726
5kmN3405E4355,0.07068978175499491
5kmN3405E4360,0.00380214876603141
5kmN3405E4365,0.05033333288397618
5kmN3405E4370,-0.11169397520695529
5kmN3405E4375,-0.1607851877948993
5kmN3405E4380,-0.15612118374094203
5kmN3405E4385,-0.1552916651042831
5kmN3405E4390,-0.1448250765599603
5kmN3405E4395,-0.14984048332257532
5kmN3405E4400,-0.1468090548450181
5kmN3405E4405,-0.15526200815930796
5kmN3405E4410,-0.1464529137352119
5kmN3405E4415,-0.15390840563816693
5kmN3405E4420,-0.12499633709029573
5kmN3405E4425,-0.09616614800914397
5kmN3405E4430,-0.08500666582410388
5kmN3405E4435,-0.09550747235289819
5kmN3405E4440,-0.03477850106902175
5kmN3405E4445,-0.021698717525407696
5kmN3405E4450,-0.0260003571173264
5kmN3405E4455,-0.009651963229831695
5kmN3405E4460,-0.02773871309389042
5kmN3405E4465,-0.03745385313962407
5kmN3405E4470,-0.003960253652567858
5kmN3405E4475,-0.013711761094439445
5kmN3405E4480,-0.002194386063951781
5kmN3405E4485,-0.003747928676404444
5kmN3405E4490,-0.013743526456775401
5kmN3405E4555,-0.008506105269705855
5kmN3405E4560,-0.0010716348301944567
5kmN3405E4565,-0.008493021131558809
5kmN3405E4570,-0.002638603449094279
5kmN3405E4575,-0.017343056507407417
5kmN3405E4580,-0.012810848129328867
5kmN3405E4585,0.0053125753380575125
5kmN3405E4590,-0.007282734378337485
5kmN3405E4595,0.004289434379885271
5kmN3405E4600,-0.00765654376760827
5kmN3410E4165,-0.06896642148954435
5kmN3410E4175,-0.05155902319321698
5kmN3410E4180,0.04707944472927439
5kmN3410E4225,0.12062978225973958
5kmN3410E4230,0.12692130948854174
5kmN3410E4235,0.12459135935144672
5kmN3410E4240,0.11210852041930852
5kmN3410E4245,0.10413500511246243
5kmN3410E4250,0.10036041465118961
5kmN3410E4255,0.07683034504637826
5kmN3410E4260,0.05651314667273971
5kmN3410E4265,0.04926223666418922
5kmN3410E4270,0.05000474042403266
5kmN3410E4275,0.009865960465462675
5kmN3410E4280,-0.07430459114660681
5kmN3410E4285,-0.051288037396572506
5kmN3410E4290,-0.06886308350709341
5kmN3410E4295,-0.04642764072100464
5kmN3410E4300,0.03336027260044777
5kmN3410E4305,0.03547515341732835
5kmN3410E4310,-0.0073972704120598975
5kmN3410E4315,-0.05640108663501936
5kmN3410E4320,-0.022611290785040927
5kmN3410E4325,-0.017110835965142707
5kmN3410E4330,-0.013403456541034198
5kmN3410E4335,0.03445531162801932
5kmN3410E4340,0.08821021278207691
5kmN3410E4345,0.08683547666101168
5kmN3410E4350,0.09629588668660422
5kmN3410E4355,0.026287111376747274
5kmN3410E4360,-0.12662675729468437
5kmN3410E4365,-0.12524850620997513
5kmN3410E4370,-0.13536131916901273
5kmN3410E4375,-0.15350547530184305
5kmN3410E4380,-0.16187955716804298
5kmN3410E4385,-0.15368153869921258
5kmN3410E4390,-0.15339233441609662
5kmN3410E4395,-0.15924794466925268
5kmN3410E4400,-0.15167899552433078
5kmN3410E4405,-0.1528314098970332
5kmN3410E4410,-0.14257219123663994
5kmN3410E4415,-0.15091742784365275
5kmN3410E4420,-0.136317573772805
5kmN3410E4425,-0.12869756333659516
5kmN3410E4430,-0.13676711478899733
5kmN3410E4435,-0.10419958284247188
5kmN3410E4440,-0.02139055705607651
5kmN3410E4445,-0.00957807016015999
5kmN3410E4450,-0.00983901673691151
5kmN3410E4455,-0.011556480590692197
5kmN3410E4460,-0.01244505719912492
5kmN3410E4465,-0.015939239071445233
5kmN3410E4470,-0.0053271458439723696
5kmN3410E4475,-0.0165622920368228
5kmN3410E4480,-0.005966691179079442
5kmN3410E4485,-0.0036362188700744813
5kmN3410E4490,-0.015056265528040125
5kmN3410E4545,-0.011960631291433987
5kmN3410E4550,-0.015532819285330679
5kmN3410E4555,-0.0015882119903805059
5kmN3410E4560,0.003378516491802097
5kmN3410E4565,0.0002697002701087525
5kmN3410E4570,-0.004119966790280261
5kmN3410E4575,-0.009949036191943539
5kmN3410E4580,-0.014847800631297536
5kmN3410E4585,-0.010788009312055147
5kmN3410E4590,-0.008865622687304509
5kmN3410E4595,-0.019805166894984905
5kmN3410E4600,-0.011628623999450305
5kmN3415E4225,0.09967779293832535
5kmN3415E4230,0.11925881298953023
5kmN3415E4235,0.0979278300000152
5kmN3415E4240,0.022296205684193993
5kmN3415E4270,-0.0034334251797926707
5kmN3415E4275,-0.06935950226215165
5kmN3415E4280,-0.07003923669427381
5kmN3415E4285,-0.06960486355895523
5kmN3415E4290,-0.0751701482085333
5kmN3415E4295,-0.06162775767130507
5kmN3415E4300,0.031223362265744542
5kmN3415E4305,0.002893673092284471
5kmN3415E4310,-0.02746878571076744
5kmN3415E4315,-0.0241492096858128
5kmN3415E4320,-0.022539576443343368
5kmN3415E4325,-0.01721313978023467
5kmN3415E4330,-0.023674146062269807
5kmN3415E4335,-0.0321970678921141
5kmN3415E4340,0.025374874947068582
5kmN3415E4345,0.038265429891444214
5kmN3415E4350,0.085685343552037
5kmN3415E4355,0.057383204324496506
5kmN3415E4360,-0.1411219647550625
5kmN3415E4365,-0.14329006369980513
5kmN3415E4370,-0.15479507209909082
5kmN3415E4375,-0.1679374301017365
5kmN3415E4380,-0.16425589314814198
5kmN3415E4385,-0.17703026278937312
5kmN3415E4390,-0.15790126790166353
5kmN3415E4395,-0.1610675586469395
5kmN3415E4400,-0.15805182109433774
5kmN3415E4405,-0.16060748500960337
5kmN3415E4410,-0.14743240964863175
5kmN3415E4415,-0.14658303522459432
5kmN3415E4420,-0.14275378330510963
5kmN3415E4425,-0.1269210447203643
5kmN3415E4430,-0.141926027708621
5kmN3415E4435,-0.05908322881404149
5kmN3415E4440,-0.026267045563623803
5kmN3415E4445,-0.016795260010807833
5kmN3415E4450,-0.013289005353129268
5kmN3415E4455,-0.008369208710676923
5kmN3415E4460,-0.005515117833371996
5kmN3415E4465,-0.00026886982506429957
5kmN3415E4470,-0.0037717844361941366
5kmN3415E4475,-0.008252167152753231
5kmN3415E4480,-0.010488859071194956
5kmN3415E4485,-0.0041532665340913155
5kmN3415E4490,-0.001995487098908788
5kmN3415E4495,-0.003604661014673438
5kmN3415E4545,-0.01893139716224701
5kmN3415E4550,-0.019758463196197784
5kmN3415E4555,-0.01431783780988205
5kmN3415E4560,-0.01049915061549056
5kmN3415E4565,-0.006138706436562447
5kmN3415E4570,-0.006501433187473649
5kmN3415E4575,-0.009543477556501201
5kmN3420E4220,0.11404651123617315
5kmN3420E4230,0.0837775641292472
5kmN3420E4250,0.03171701044502029
5kmN3420E4255,0.019736339719550022
5kmN3420E4260,-0.011990900871077681
5kmN3420E4265,-0.0516820736400313
5kmN3420E4270,-0.08994382368142995
5kmN3420E4275,-0.07923534922020736
5kmN3420E4280,-0.07877930567449953
5kmN3420E4285,-0.07986054601416831
5kmN3420E4290,-0.07007734092785789
5kmN3420E4295,-0.06722941729065801
5kmN3420E4300,-0.05148510256462069
5kmN3420E4305,-0.02964143534125363
5kmN3420E4310,-0.023857629955119142
5kmN3420E4315,-0.01719915510949485
5kmN3420E4320,-0.019352810905215012
5kmN3420E4325,-0.0069853173404289814
5kmN3420E4330,-0.023063387346254405
5kmN3420E4335,-0.02873539528491703
5kmN3420E4340,-0.021906370676711806
5kmN3420E4345,-0.036529988583338696
5kmN3420E4350,0.006846398335224824
5kmN3420E4355,0.034107176323673494
5kmN3420E4360,-0.002516800491690563
5kmN3420E4365,-0.10417361793547347
5kmN3420E4370,-0.15745139350220322
5kmN3420E4375,-0.16996737992952998
5kmN3420E4380,-0.1749732277714981
5kmN3420E4385,-0.16833586644903026
5kmN3420E4390,-0.1543506416917539
5kmN3420E4395,-0.1499660079889759
5kmN3420E4400,-0.14507983627929139
5kmN3420E4405,-0.14588867551960022
5kmN3420E4410,-0.16761819198156674
5kmN3420E4415,-0.20011552365475477
5kmN3420E4420,-0.14875766766959092
5kmN3420E4425,-0.1354398899558163
5kmN3420E4430,-0.11216124758154083
5kmN3420E4435,-0.08021166615635794
5kmN3420E4440,-0.017232188745683608
5kmN3420E4445,-0.016154295964397936
5kmN3420E4450,-0.008240749650612444
5kmN3420E4455,-0.010891475594802191
5kmN3420E4460,-0.018197501442704267
5kmN3420E4465,-0.02245396422575835
5kmN3420E4470,-0.00897778426342255
5kmN3420E4475,-0.014153585303080585
5kmN3420E4480,-0.009327715548952564
5kmN3420E4485,-0.0030740522454786867
5kmN3420E4490,-0.0073164111371255
5kmN3420E4495,0.00907221988965895
5kmN3420E4545,-0.017421224865744267
5kmN3420E4550,-0.014615938140587814
5kmN3420E4555,-0.015929622310388414
5kmN3420E4560,-0.03409218705133854
5kmN3420E4565,-0.013478754274412252
5kmN3420E4570,-0.003660354333678617
5kmN3420E4575,0.004511096811385951
5kmN3420E4580,0.012092393927558565
5kmN3425E4245,0.03458930386095249
5kmN3425E4250,0.04319454614151336
5kmN3425E4255,0.025461667210124328
5kmN3425E4260,-0.0015229631261650667
5kmN3425E4265,-0.012888040251770372
5kmN3425E4270,-0.0820820542525198
5kmN3425E4275,-0.09177054710938204
5kmN3425E4280,-0.08158827572943794
5kmN3425E4285,-0.07764823328698328
5kmN3425E4290,-0.06493535021893249
5kmN3425E4295,-0.06678567063374452
5kmN3425E4300,-0.06450166059353274
5kmN3425E4305,-0.04958695018612136
5kmN3425E4310,-0.025833082465883006
5kmN3425E4315,-0.023762664851823156
5kmN3425E4320,-0.026016373999276976
5kmN3425E4325,-0.02020615315284302
5kmN3425E4330,-0.04130486673625555
5kmN3425E4335,-0.02772902497135371
5kmN3425E4340,-0.04121684449990709
5kmN3425E4345,-0.04348595256249371
5kmN3425E4350,-0.038979939149617227
5kmN3425E4355,0.0146835340452236
5kmN3425E4360,0.03641446180630736
5kmN3425E4365,0.030143101272328443
5kmN3425E4370,0.01803025276062281
5kmN3425E4375,-0.14318516618249572
5kmN3425E4380,-0.17774882016619858
5kmN3425E4385,-0.15078200174462536
5kmN3425E4390,-0.1513711513424209
5kmN3425E4395,-0.1497387642126597
5kmN3425E4400,-0.1681568438397703
5kmN3425E4405,-0.14749989073091446
5kmN3425E4410,-0.15133319065304868
5kmN3425E4415,-0.1622747356498629
5kmN3425E4420,-0.14269949339442062
5kmN3425E4425,-0.12650419584472744
5kmN3425E4430,-0.08751940307725575
5kmN3425E4435,-0.08858342432089727
5kmN3425E4440,-0.033401980764308614
5kmN3425E4445,-0.01631608515731131
5kmN3425E4450,-0.02914984512127433
5kmN3425E4455,-0.02905767700636963
5kmN3425E4460,-0.015672782105342564
5kmN3425E4465,-0.03163569267627153
5kmN3425E4470,-0.016769721403380566
5kmN3425E4475,-0.002700287888392938
5kmN3425E4480,-0.008516151258357363
5kmN3425E4485,-0.007476521172381179
5kmN3425E4490,-0.0012513828923499393
5kmN3425E4495,-0.0018208176323274428
5kmN3425E4500,-0.013412190552613168
5kmN3425E4545,-0.028863780018134277
5kmN3425E4550,-0.034918082979018106
5kmN3425E4555,-0.02059268763153954
5kmN3425E4560,-0.018160425775218814
5kmN3425E4565,-0.026257210804358055
5kmN3425E4570,-0.023259258257135262
5kmN3425E4575,-0.0038826414471042625
5kmN3425E4580,0.02042378179692017
5kmN3425E4585,0.005767032833476682
5kmN3425E4590,0.013759072045245624
5kmN3425E4595,-0.00939588196759078
5kmN3430E4245,0.026707546641464852
5kmN3430E4250,0.0420266328230845
5kmN3430E4255,0.03587933831852064
5kmN3430E4260,0.01088930099857599
5kmN3430E4265,0.009843696682864334
5kmN3430E4270,-0.01461092854779178
5kmN3430E4275,-0.09030396885920455
5kmN3430E4280,-0.08155537826752135
5kmN3430E4285,-0.07679846314735939
5kmN3430E4290,-0.06723114199797986
5kmN3430E4295,-0.0567487601142303
5kmN3430E4300,-0.06394356535817936
5kmN3430E4305,-0.06348405400059681
5kmN3430E4310,-0.03893134366921319
5kmN3430E4315,-0.02808775196565297
5kmN3430E4320,-0.04609773635586567
5kmN3430E4325,-0.021584619885489154
5kmN3430E4330,-0.022074289194969288
5kmN3430E4335,-0.022721643192658403
5kmN3430E4340,-0.01579419705430335
5kmN3430E4345,-0.02263060883125012
5kmN3430E4350,0.005549927914122066
5kmN3430E4355,0.03226662137965447
5kmN3430E4360,0.03683077334676765
5kmN3430E4365,0.035174955393320606
5kmN3430E4370,0.022008502671674868
5kmN3430E4375,-0.05613629341868592
5kmN3430E4380,-0.2610437895286674
5kmN3430E4385,-0.16811121096578613
5kmN3430E4390,-0.1628620378119922
5kmN3430E4395,-0.15042234657395853
5kmN3430E4400,-0.10355955291400326
5kmN3430E4410,-0.15411317047819545
5kmN3430E4415,-0.13050016907869266
5kmN3430E4420,-0.10971485509313
5kmN3430E4425,-0.06840781906604931
5kmN3430E4430,-0.027973573557851183
5kmN3430E4435,-0.04549383558181064
5kmN3430E4440,-0.040340860849485294
5kmN3430E4445,-0.018008452224559157
5kmN3430E4450,-0.02942421567023462
5kmN3430E4455,-0.026840375894008894
5kmN3430E4460,-0.015176982936661754
5kmN3430E4465,-0.005153672908473905
5kmN3430E4470,-0.004160912759378299
5kmN3430E4475,0.006839200404154755
5kmN3430E4480,0.0004234115109534864
5kmN3430E4485,-0.00653889079384673
5kmN3430E4490,-0.005758105618086928
5kmN3430E4495,-0.002250571956125047
5kmN3430E4500,-0.0050929422715383366
5kmN3430E4540,-0.025785482018371608
5kmN3430E4545,-0.020084479183175574
5kmN3430E4550,-0.02287638532127423
5kmN3430E4555,-0.021885842216057716
5kmN3430E4560,-0.023107422637689945
5kmN3430E4565,-0.021801579067374455
5kmN3430E4570,-0.022013263098845326
5kmN3430E4575,-0.009249875768458704
5kmN3430E4580,0.01838024966011309
5kmN3430E4585,0.0136655070491416
5kmN3430E4590,0.024405870064434954
5kmN3430E4595,-0.03454241116356349
5kmN3435E4240,-0.04144617387697236
5kmN3435E4245,0.04074037692936727
5kmN3435E4250,0.03387256558538382
5kmN3435E4255,0.03267458094885001
5kmN3435E4260,0.02269731253227575
5kmN3435E4265,0.008868082218804196
5kmN3435E4270,-0.006031525590028286
5kmN3435E4275,-0.09678712020655095
5kmN3435E4280,-0.08357557229322804
5kmN3435E4285,-0.08119973788415358
5kmN3435E4290,-0.07698348962143986
5kmN3435E4295,-0.04284575715859218
5kmN3435E4300,-0.02696543465020923
5kmN3435E4305,-0.031985759758852206
5kmN3435E4310,-0.005339260133580492
5kmN3435E4325,-0.02988929074992447
5kmN3435E4330,-0.01553756098742995
5kmN3435E4335,-0.03164356902871862
5kmN3435E4340,-0.013725804919170637
5kmN3435E4345,-0.010172004896688042
5kmN3435E4350,-0.00765269866241286
5kmN3435E4355,0.01619037740446233
5kmN3435E4360,0.0317017880047451
5kmN3435E4365,0.030694433526887666
5kmN3435E4370,0.014412953836583475
5kmN3435E4410,-0.24693411651077518
5kmN3435E4415,-0.10969452560192411
5kmN3435E4420,-0.10307191500110946
5kmN3435E4425,-0.026015601893957463
5kmN3435E4430,-0.03152222920939113
5kmN3435E4435,-0.02792348019023555
5kmN3435E4440,-0.023576360287804465
5kmN3435E4445,-0.03756144917004001
5kmN3435E4450,-0.02420460356270082
5kmN3435E4455,-0.0246462605396347
5kmN3435E4460,-0.016197893045944933
5kmN3435E4465,-0.015054557233054877
5kmN3435E4470,0.0003181351704016899
5kmN3435E4475,-0.008289147027047417
5kmN3435E4480,0.0033474465209923365
5kmN3435E4485,-0.009988570545927444
5kmN3435E4490,-0.004355894368333613
5kmN3435E4495,-0.023067522959911324
5kmN3435E4500,-0.025646081451551117
5kmN3435E4505,-0.05243618623519791
5kmN3435E4510,-0.04563363945320992
5kmN3435E4540,-0.02152819807308337
5kmN3435E4545,-0.025742607427748476
5kmN3435E4550,-0.018985941124479377
5kmN3435E4555,-0.01787327280631934
5kmN3435E4560,-0.014849482246977463
5kmN3435E4565,-0.012236505071302584
5kmN3435E4570,-0.005665997338212936
5kmN3435E4575,0.010670317474210544
5kmN3435E4580,0.014873339510106387
5kmN3435E4585,0.03476978061469205
5kmN3435E4590,-0.03139221547238347
5kmN3440E4250,0.03796685827015134
5kmN3440E4255,0.045007734873851124
5kmN3440E4260,0.028797979687415542
5kmN3440E4265,0.02136619675548279
5kmN3440E4270,0.011802013607204787
5kmN3440E4275,-0.03036647840064688
5kmN3440E4280,-0.03475892098425859
5kmN3440E4285,-0.048823302775738375
5kmN3440E4290,-0.03655212723803053
5kmN3440E4295,-0.005089562561173544
5kmN3440E4300,0.008849251940875325
5kmN3440E4305,0.011887097642176714
5kmN3440E4310,0.00034891096085398754
5kmN3440E4335,-0.034131469453734464
5kmN3440E4340,-0.042092485949945135
5kmN3440E4360,0.04288955169816977
5kmN3440E4365,0.04410585582923987
5kmN3440E4370,0.03493207358688666
5kmN3440E4375,0.030598509721209588
5kmN3440E4425,-0.04106482815569418
5kmN3440E4430,-0.02428412513268613
5kmN3440E4435,-0.029242327872830987
5kmN3440E4440,-0.02080274317295877
5kmN3440E4445,-0.017547053310913885
5kmN3440E4450,-0.01693241030875664
5kmN3440E4455,-0.028302794066908443
5kmN3440E4460,-0.034074414257723284
5kmN3440E4465,-0.006439630241782124
5kmN3440E4470,0.0009410231226737453
5kmN3440E4475,0.0005889832538847894
5kmN3440E4480,-0.01198498046898716
5kmN3440E4485,0.0011169949328854734
5kmN3440E4490,-0.00809471845689419
5kmN3440E4495,-0.04418880839739009
5kmN3440E4500,-0.05094854693263606
5kmN3440E4505,-0.05157277598029608
5kmN3440E4510,-0.06254334288673147
5kmN3440E4515,-0.07382897218136963
5kmN3440E4520,-0.0844511175668119
5kmN3440E4525,-0.07078519718181409
5kmN3440E4530,-0.03623671757552116
5kmN3440E4535,-0.02543344797368785
5kmN3440E4540,-0.02000397876294835
5kmN3440E4545,-0.019773895738469993
5kmN3440E4550,-0.023895387042290106
5kmN3440E4555,-0.018623626481811706
5kmN3440E4560,-0.008998392554625645
5kmN3440E4565,0.004456206364255588
5kmN3440E4570,-0.012571951446910035
5kmN3440E4575,0.010905436854304451
5kmN3440E4580,0.04403280892222272
5kmN3440E4585,-0.01666108930833987
5kmN3445E4240,-0.04399072716110486
5kmN3445E4245,0.02379368649868474
5kmN3445E4250,0.030628728285049422
5kmN3445E4255,0.04945749563986607
5kmN3445E4260,0.0338709970588682
5kmN3445E4265,0.026722579358972043
5kmN3445E4270,0.015143098819335288
5kmN3445E4275,-0.01990254858882995
5kmN3445E4280,-0.024075457290496982
5kmN3445E4285,-0.019797755108352855
5kmN3445E4290,-0.005380060488617111
5kmN3445E4295,-0.0060391518854975845
5kmN3445E4300,0.009122684818110793
5kmN3445E4305,0.0127053683051771
5kmN3445E4310,0.011212888494182172
5kmN3445E4360,0.030050543945407182
5kmN3445E4365,0.05410454315976876
5kmN3445E4370,0.05848747692465073
5kmN3445E4375,0.06998838902193821
5kmN3445E4380,0.02544402292414072
5kmN3445E4385,-0.05591883409935838
5kmN3445E4425,-0.05703942782882793
5kmN3445E4430,-0.019438055684429134
5kmN3445E4435,-0.007105965520172675
5kmN3445E4440,-0.005439656511407098
5kmN3445E4445,-0.007608484151639838
5kmN3445E4450,-0.02401885182934438
5kmN3445E4455,-0.06732101108502131
5kmN3445E4460,-0.03912093826394902
5kmN3445E4465,-0.008695717464365094
5kmN3445E4470,-0.01040870990772802
5kmN3445E4475,0.003403087639184288
5kmN3445E4480,-0.02779083397404225
5kmN3445E4485,-0.04521850944816208
5kmN3445E4490,-0.04083666729276225
5kmN3445E4495,-0.04593046132518286
5kmN3445E4500,-0.038173469300663454
5kmN3445E4505,-0.05691886943146085
5kmN3445E4510,-0.05923134744659819
5kmN3445E4515,-0.046375220993231436
5kmN3445E4520,-0.05890849101845963
5kmN3445E4525,-0.05799585849405542
5kmN3445E4530,-0.058158687760858196
5kmN3445E4535,-0.01707848379612753
5kmN3445E4540,-0.036465390980964574
5kmN3445E4545,-0.03914937734710877
5kmN3445E4550,-0.00478532354299932
5kmN3445E4555,0.00041138955733410754
5kmN3445E4560,-0.0004923436972725792
5kmN3445E4565,-0.0073969253402697
5kmN3445E4570,-0.006153555719003778
5kmN3445E4575,-0.027892425287069922
5kmN3445E4580,0.0018303128892462883
5kmN3450E4180,-0.026990692494509638
5kmN3450E4240,0.0764644653480624
5kmN3450E4245,0.0670554292854657
5kmN3450E4250,0.06262351776918135
5kmN3450E4255,0.05441608488019567
5kmN3450E4260,0.02861225117178201
5kmN3450E4265,0.03141091491316944
5kmN3450E4270,0.02768945606927775
5kmN3450E4275,0.007810558115811661
5kmN3450E4280,-0.015014556230272313
5kmN3450E4285,-0.03125837763714728
5kmN3450E4290,-0.022546559959516765
5kmN3450E4295,-0.018335177786554913
5kmN3450E4300,0.0005838172657187668
5kmN3450E4305,0.008764514141857027
5kmN3450E4310,0.010653488888963558
5kmN3450E4315,0.017173940463114823
5kmN3450E4330,-0.025720723237443566
5kmN3450E4335,-0.030801016837472606
5kmN3450E4355,0.030070222794248647
5kmN3450E4360,0.03408152110489432
5kmN3450E4365,0.05774395589161857
5kmN3450E4370,0.061713070669212666
5kmN3450E4375,0.06355384608119452
5kmN3450E4380,0.06856722822454198
5kmN3450E4385,0.04980959870051771
5kmN3450E4390,-0.07359231893603546
5kmN3450E4430,-0.01830127019943828
5kmN3450E4435,-0.007692120195880281
5kmN3450E4440,-0.011755086145661675
5kmN3450E4445,-0.04764995816953416
5kmN3450E4450,-0.04492521480603673
5kmN3450E4455,-0.08284667725262407
5kmN3450E4460,-0.0477852136134137
5kmN3450E4465,-0.0014937139415315825
5kmN3450E4470,0.00090083469116925
5kmN3450E4475,-0.015155591086143727
5kmN3450E4480,-0.030342669054712612
5kmN3450E4485,-0.02966995707784359
5kmN3450E4490,-0.032179912611210004
5kmN3450E4495,-0.04420484760250931
5kmN3450E4500,-0.059651939389692155
5kmN3450E4505,-0.055538514365357394
5kmN3450E4510,-0.05657063690981934
5kmN3450E4515,-0.051998615195638864
5kmN3450E4520,-0.06867164226448752
5kmN3450E4525,-0.056949874771078934
5kmN3450E4530,-0.056433788587268885
5kmN3450E4535,-0.013808149615054721
5kmN3450E4540,-0.03248409762894355
5kmN3450E4545,-0.019654062332433386
5kmN3450E4550,-0.04123820154992941
5kmN3450E4555,-0.03435453630444685
5kmN3450E4560,-0.01946056886356562
5kmN3450E4565,-0.013487165872214435
5kmN3450E4570,-0.044478234742568734
5kmN3455E4180,-0.02184785606888956
5kmN3455E4245,0.06446914865536141
5kmN3455E4250,0.06202550439888377
5kmN3455E4255,0.0456271020424287
5kmN3455E4260,0.04131699554625834
5kmN3455E4265,0.03577573692668545
5kmN3455E4270,0.031624750943733126
5kmN3455E4275,0.025300474303840748
5kmN3455E4280,0.0017536572773142467
5kmN3455E4285,-0.026688457261122567
5kmN3455E4290,-0.032298062900805224
5kmN3455E4295,-0.024378897857505022
5kmN3455E4300,-0.015055549311710437
5kmN3455E4305,0.007777422448102089
5kmN3455E4310,0.002188903722164237
5kmN3455E4315,0.009673517476651683
5kmN3455E4320,0.01647828783093036
5kmN3455E4325,0.010641481874899605
5kmN3455E4330,-0.01725387145158397
5kmN3455E4355,0.019764725747514145
5kmN3455E4360,0.01009860268375018
5kmN3455E4365,0.03935188900469627
5kmN3455E4370,0.06268271402772024
5kmN3455E4375,0.06183314145430652
5kmN3455E4380,0.0814546230652744
5kmN3455E4385,0.08197178414413775
5kmN3455E4390,0.05739965174657102
5kmN3455E4455,-0.1468492221267002
5kmN3455E4460,-0.07218630465094344
5kmN3455E4465,-0.026198302554899078
5kmN3455E4470,0.001499522990259683
5kmN3455E4475,-0.022158667277764887
5kmN3455E4480,-0.026444006414707788
5kmN3455E4485,-0.0367401484902129
5kmN3455E4490,-0.053253080996964686
5kmN3455E4495,-0.061277686205515436
5kmN3455E4500,-0.056635203008043145
5kmN3455E4505,-0.055078316479662215
5kmN3455E4510,-0.05842596573536918
5kmN3455E4515,-0.06975280405021478
5kmN3455E4520,-0.06876102683683827
5kmN3455E4525,-0.07199560698471563
5kmN3455E4530,-0.06759746991604254
5kmN3455E4535,-0.05927308112035923
5kmN3455E4540,-0.017101580353881207
5kmN3455E4555,-0.10614447470974797
5kmN3455E4560,0.001078160939974926
5kmN3455E4565,-0.026087781704574597
5kmN3460E4230,-0.059595623711849455
5kmN3460E4235,-0.09982087429837444
5kmN3460E4240,-0.15511503476899763
5kmN3460E4245,-0.0019061238210095754
5kmN3460E4250,0.06097626132237466
5kmN3460E4255,0.0503063700152111
5kmN3460E4260,0.04704420085804084
5kmN3460E4265,0.04088661274736666
5kmN3460E4270,0.029265310013253165
5kmN3460E4275,0.013466800244375465
5kmN3460E4280,0.018825536764180417
5kmN3460E4285,-0.004300764121534961
5kmN3460E4290,-0.016123134915588422
5kmN3460E4300,-0.028967551501383026
5kmN3460E4305,-0.011402853783586353
5kmN3460E4320,0.01283536543043412
5kmN3460E4345,-0.01919117699974715
5kmN3460E4350,-0.023348266114853578
5kmN3460E4355,-0.009908691297089822
5kmN3460E4360,-0.011080647393278853
5kmN3460E4365,0.03730688688388217
5kmN3460E4370,0.061216211345225924
5kmN3460E4375,0.07508594576995264
5kmN3460E4380,0.07701820477291388
5kmN3460E4385,0.08060453633688597
5kmN3460E4390,0.058894366750036786
5kmN3460E4465,-0.022231670442245666
5kmN3460E4470,-0.006819540692198145
5kmN3460E4475,-0.03620698470255035
5kmN3460E4480,-0.037021071634181446
5kmN3460E4485,-0.04152185564505384
5kmN3460E4490,-0.04915122267401384
5kmN3460E4495,-0.057103670070450474
5kmN3460E4500,-0.04417898404588494
5kmN3460E4505,-0.05356146253938909
5kmN3460E4510,-0.04782046789564254
5kmN3460E4515,-0.05834855221232749
5kmN3460E4520,-0.05789383230095668
5kmN3460E4525,-0.07521068877537407
5kmN3460E4530,-0.08330234955524585
5kmN3460E4535,-0.09299909579876664
5kmN3460E4540,-0.08759403356115902
5kmN3465E4225,-0.10598474298508942
5kmN3465E4230,-0.04838236294223225
5kmN3465E4235,-0.061642202153863956
5kmN3465E4240,-0.06462997330115999
5kmN3465E4245,-0.06457077602030659
5kmN3465E4250,-0.01732968909971233
5kmN3465E4255,0.04823858984335161
5kmN3465E4260,0.05253959628202953
5kmN3465E4265,0.016307135286986463
5kmN3465E4270,0.009761296543993603
5kmN3465E4275,-0.054286427923918745
5kmN3465E4280,-0.008062590725417762
5kmN3465E4285,0.006691068468661576
5kmN3465E4290,-0.01161294509083416
5kmN3465E4340,-0.028361394143912477
5kmN3465E4345,-0.0243489124030678
5kmN3465E4355,-0.007933920164821529
5kmN3465E4360,-0.02495436619184327
5kmN3465E4365,0.005245888454711134
5kmN3465E4370,0.03611218384053644
5kmN3465E4375,0.06863768928630753
5kmN3465E4380,0.06292241065006343
5kmN3465E4385,0.08108082621427248
5kmN3465E4390,0.08307088432617127
5kmN3465E4470,-0.032718442149674454
5kmN3465E4475,-0.009243002580329784
5kmN3465E4480,-0.01572724041476059
5kmN3465E4485,-0.04387673256342817
5kmN3465E4490,-0.04242735008155907
5kmN3465E4495,-0.04131218605521525
5kmN3465E4500,-0.046092972444574776
5kmN3465E4505,-0.02611178870963682
5kmN3465E4510,-0.041369494740416624
5kmN3465E4515,-0.05555440310999604
5kmN3465E4520,-0.08971117971219877
5kmN3465E4525,-0.09203488173626395
5kmN3465E4530,-0.07436828444944621
5kmN3465E4535,-0.06366658986108564
5kmN3465E4540,-0.07655916832644893
5kmN3465E4560,-0.07718983964943893
5kmN3470E4230,-0.043058767951951404
5kmN3470E4235,-0.05168284375192117
5kmN3470E4240,-0.04793099397941042
5kmN3470E4245,-0.05144298120649954
5kmN3470E4250,-0.06781714126285482
5kmN3470E4255,0.03618347671649813
5kmN3470E4260,-0.0011014160343734702
5kmN3470E4265,-0.06254272210678169
5kmN3470E4270,-0.0397130437211205
5kmN3470E4275,-0.051417139979636095
5kmN3470E4280,-0.042427397358958674
5kmN3470E4285,-0.05372701111113637
5kmN3470E4290,-0.01225222351686922
5kmN3470E4295,-0.007080968180581293
5kmN3470E4300,-0.04692338804413504
5kmN3470E4305,-0.05099245523787305
5kmN3470E4355,-0.016522214999649787
5kmN3470E4360,0.01584834612787478
5kmN3470E4375,0.05261952036321682
5kmN3470E4380,0.07252562871416335
5kmN3470E4385,0.05459330298364429
5kmN3470E4390,0.06917935618850657
5kmN3470E4470,-0.14227603157817026
5kmN3470E4475,-0.01753168050878201
5kmN3470E4480,-0.04832539414177206
5kmN3470E4485,-0.01999446108041636
5kmN3470E4490,-0.04035278009010512
5kmN3470E4495,-0.022047475620741053
5kmN3470E4500,-0.02729141086563336
5kmN3470E4505,-0.048856980236184455
5kmN3470E4510,-0.034653007868744146
5kmN3470E4515,-0.03406897021304023
5kmN3470E4520,-0.09035217195776513
5kmN3470E4525,-0.07213515822779659
5kmN3470E4530,-0.0381944400126808
5kmN3470E4535,-0.045652320724163586
5kmN3470E4540,-0.06483038557825971
5kmN3470E4545,-0.0523400461415382
5kmN3470E4555,-0.03275552123346226
5kmN3470E4560,-0.06416014802022896
5kmN3475E4230,-0.015609246985508862
5kmN3475E4235,-0.06033717895562374
5kmN3475E4240,-0.06347895104669976
5kmN3475E4245,-0.06582034939440135
5kmN3475E4250,-0.06361881595497043
5kmN3475E4255,-0.06346218611648141
5kmN3475E4260,-0.07012756447033991
5kmN3475E4265,-0.07542143779920502
5kmN3475E4270,-0.07409665356188061
5kmN3475E4275,-0.0584768668145047
5kmN3475E4280,-0.059469678130412984
5kmN3475E4285,-0.06237351501441524
5kmN3475E4290,-0.024141881747356597
5kmN3475E4295,0.006567098299643026
5kmN3475E4300,-0.02419197695546954
5kmN3475E4305,-0.028130672240752885
5kmN3475E4350,-0.016739610140187877
5kmN3475E4380,0.016642259390708403
5kmN3475E4385,-0.03613512198403568
5kmN3475E4390,0.06784926738100261
5kmN3475E4395,0.08469824160919753
5kmN3475E4400,0.08390735743783129
5kmN3475E4405,0.0796338843310419
5kmN3475E4475,-0.027916027471777016
5kmN3475E4480,0.011870922974769993
5kmN3475E4485,0.004656134537828316
5kmN3475E4490,-0.017638118518367718
5kmN3475E4495,-0.01164628520768285
5kmN3475E4500,-0.030912794868194093
5kmN3475E4505,-0.02454574050293279
5kmN3475E4510,-0.03519536911522214
5kmN3475E4515,-0.043271562664948915
5kmN3475E4520,-0.07701516046853785
5kmN3475E4525,-0.07711691304923574
5kmN3475E4530,-0.05579464478094187
5kmN3475E4535,-0.04011259773647924
5kmN3475E4540,-0.05439226281118459
5kmN3475E4545,-0.0795373363320393
5kmN3475E4550,-0.07869982623206784
5kmN3475E4555,-0.08016352116205694
5kmN3475E4560,-0.07089361927223214
5kmN3475E4565,-0.1637798666688164
5kmN3480E4245,-0.11017039858777161
5kmN3480E4250,-0.05112505411505458
5kmN3480E4255,-0.06941971921467938
5kmN3480E4260,-0.07222459379487894
5kmN3480E4265,-0.07170955662891887
5kmN3480E4270,-0.07138604306667867
5kmN3480E4275,-0.06768695296891203
5kmN3480E4280,-0.06342445150094211
5kmN3480E4285,-0.07086351840770178
5kmN3480E4290,-0.06022157068464046
5kmN3480E4295,-0.01616650302642325
5kmN3480E4300,0.007165669288961396
5kmN3480E4340,0.03642571384926058
5kmN3480E4345,-0.14730831252972398
5kmN3480E4385,0.0660421453532597
5kmN3480E4390,0.05057530078321687
5kmN3480E4395,0.07530198089663936
5kmN3480E4400,0.04914392853665439
5kmN3480E4480,-0.056724038803749544
5kmN3480E4485,0.01101998219015976
5kmN3480E4490,0.009301731900041854
5kmN3480E4495,-0.00023788472894126222
5kmN3480E4500,-0.002972189218209187
5kmN3480E4510,-0.04653984646249998
5kmN3480E4515,-0.06619004487495728
5kmN3480E4525,-0.04974550332904548
5kmN3480E4530,-0.05142608597441789
5kmN3480E4535,-0.04400724639352971
5kmN3480E4540,-0.05874315551517939
5kmN3480E4545,-0.049842330672209
5kmN3480E4550,-0.062262017021274874
5kmN3480E4555,-0.09189045501708071
5kmN3480E4560,-0.044365754755711695
5kmN3485E4230,-0.02478504115818747
5kmN3485E4235,-0.13988500238765278
5kmN3485E4240,-0.0523589397340104
5kmN3485E4245,-0.031890877298617226
5kmN3485E4250,-0.06671299148359389
5kmN3485E4255,-0.07130394063381296
5kmN3485E4260,-0.06946358889479037
5kmN3485E4265,-0.07774661150885503
5kmN3485E4270,-0.08061998099148904
5kmN3485E4275,-0.06450976596701585
5kmN3485E4280,-0.06404322107867022
5kmN3485E4285,-0.06379956554638944
5kmN3485E4290,-0.07817445207535839
5kmN3485E4295,-0.06112287264876043
5kmN3485E4300,-0.006029039996451768
5kmN3485E4315,-0.005629244994526272
5kmN3485E4385,0.07121741105722501
5kmN3485E4390,0.07687845158056678
5kmN3485E4395,0.08686287890471245
5kmN3485E4400,0.04536509656443688
5kmN3485E4480,-0.05801675816207519
5kmN3485E4485,-0.008988232132988383
5kmN3485E4515,-0.05298269237577924
5kmN3485E4520,-0.019040078907734292
5kmN3485E4525,-0.04041539103550207
5kmN3485E4530,-0.03980916693939318
5kmN3485E4535,-0.03763723865433166
5kmN3485E4540,-0.04211181431593802
5kmN3485E4545,-0.07370751934674202
5kmN3485E4550,-0.08867077845034788
5kmN3490E4225,-0.12936607503714032
5kmN3490E4230,-0.038832071091670306
5kmN3490E4235,-0.015863013747220545
5kmN3490E4240,-0.05448450549045597
5kmN3490E4245,-0.06961754059591962
5kmN3490E4250,-0.04805024835754179
5kmN3490E4255,-0.0650392975701447
5kmN3490E4260,-0.07155426598821035
5kmN3490E4265,-0.08055731355034557
5kmN3490E4270,-0.08839035390834132
5kmN3490E4275,-0.06038658161250526
5kmN3490E4280,-0.06168971957292041
5kmN3490E4285,-0.06826488513754303
5kmN3490E4290,-0.08350520277810292
5kmN3490E4295,-0.06614351622748521
5kmN3490E4300,-0.04613482980209771
5kmN3490E4305,-0.00022257722237589705
5kmN3490E4310,0.03047326332051764
5kmN3490E4315,0.02937671332856523
5kmN3490E4320,-0.0014282165197644914
5kmN3490E4385,0.09010959636614635
5kmN3490E4390,0.07672000765600073
5kmN3490E4520,-0.03721870733878052
5kmN3490E4525,-0.02174610898964613
5kmN3490E4530,-0.03736370300348657
5kmN3490E4535,-0.03604925927466618
5kmN3490E4540,-0.07554064217211698
5kmN3490E4545,-0.07228718005694634
5kmN3490E4550,-0.0835354514935468
5kmN3495E4225,0.006789040671707491
5kmN3495E4250,-0.04998221519464863
5kmN3495E4255,-0.06122952780645635
5kmN3495E4260,-0.06957029833352146
5kmN3495E4265,-0.07649705070615298
5kmN3495E4270,-0.07570374261406204
5kmN3495E4275,-0.05635163325413173
5kmN3495E4280,-0.06446604986683357
5kmN3495E4285,-0.06584796731164533
5kmN3495E4290,-0.07048559599300719
5kmN3495E4295,-0.05976320097054466
5kmN3495E4300,-0.0678277322343177
5kmN3495E4305,-0.04756751874277243
5kmN3495E4310,-0.0011573220158104802
5kmN3495E4315,0.017291844673039958
5kmN3495E4320,0.010143905071605619
5kmN3495E4520,-0.02879217232966491
5kmN3495E4525,-0.03508807299002259
5kmN3495E4530,-0.032299288169402196
5kmN3495E4535,-0.05862884559945736
5kmN3495E4540,-0.04435361710437302
5kmN3495E4545,-0.0664583575830402
5kmN3495E4550,-0.04730655632911307
5kmN3495E4555,-0.08043962896972678
5kmN3500E4210,-0.061258029006388215
5kmN3500E4215,-0.04952020399530499
5kmN3500E4225,0.0024421407292000152
5kmN3500E4230,0.014872461351731203
5kmN3500E4235,-0.03176218791860064
5kmN3500E4245,-0.0780616730085193
5kmN3500E4250,-0.05340443308377468
5kmN3500E4255,-0.05746070860061353
5kmN3500E4260,-0.06572710773417323
5kmN3500E4265,-0.07218608367207735
5kmN3500E4270,-0.057166728893668306
5kmN3500E4275,-0.062064523512384784
5kmN3500E4280,-0.059443039008868714
5kmN3500E4285,-0.06351409149777787
5kmN3500E4290,-0.060529398949465574
5kmN3500E4295,-0.05145781405326799
5kmN3500E4300,-0.056633062089459396
5kmN3500E4305,-0.05040413718684994
5kmN3500E4310,-0.05604940133099828
5kmN3500E4315,-0.006921217405730595
5kmN3500E4320,0.020467369992658357
5kmN3500E4520,-0.015149209032392474
5kmN3500E4530,-0.04823485374898129
5kmN3500E4535,-0.06276400989677655
5kmN3500E4540,-0.07375766357129909
5kmN3500E4545,-0.05968516812120772
5kmN3500E4550,-0.06776270585086963
5kmN3500E4555,-0.07447663069470323
5kmN3505E4210,-0.04451447418623544
5kmN3505E4215,-0.11207024653109221
5kmN3505E4220,-0.0778847788682141
5kmN3505E4225,-0.041418999146652036
5kmN3505E4230,-0.016847985727358794
5kmN3505E4235,-0.03973790840227309
5kmN3505E4240,-0.0291548839806961
5kmN3505E4245,-0.050306018684833254
5kmN3505E4250,-0.04806941854321778
5kmN3505E4255,-0.053132368993350276
5kmN3505E4260,-0.06504577854239385
5kmN3505E4265,-0.057167091005076276
5kmN3505E4270,-0.05019757219524251
5kmN3505E4275,-0.055753459002677586
5kmN3505E4280,-0.05351186930017404
5kmN3505E4285,-0.05826632437023527
5kmN3505E4290,-0.04881636612758011
5kmN3505E4295,-0.04998342333801142
5kmN3505E4300,-0.05477534500478509
5kmN3505E4305,-0.04396133048578732
5kmN3505E4310,-0.05048841474103383
5kmN3505E4315,-0.07052847088343306
5kmN3505E4320,-0.041154375641342666
5kmN3505E4525,-0.01197589061890969
5kmN3505E4530,-0.04378781435296353
5kmN3505E4535,-0.07383452122000822
5kmN3510E4210,-0.0601575402088107
5kmN3510E4215,-0.014412306908407335
5kmN3510E4220,-0.014292594364028188
5kmN3510E4225,-0.03314522270708109
5kmN3510E4235,-0.03449485179401823
5kmN3510E4240,-0.03125576713368422
5kmN3510E4245,-0.04616684445490954
5kmN3510E4250,-0.049145939632683766
5kmN3510E4255,-0.0499109519991634
5kmN3510E4260,-0.03784580567947471
5kmN3510E4265,-0.036484052320576554
5kmN3510E4270,-0.04335310305898776
5kmN3510E4275,-0.04903270257832609
5kmN3510E4280,-0.05264674467121877
5kmN3510E4285,-0.051607354720002996
5kmN3510E4290,-0.040510619377869594
5kmN3510E4295,-0.04227753223789943
5kmN3510E4300,-0.032702630559462265
5kmN3510E4305,-0.042833726653181636
5kmN3510E4310,-0.04135933784029766
5kmN3510E4315,-0.033223293968764445
5kmN3510E4320,-0.020875270600313134
5kmN3510E4530,-0.054265037678527084
5kmN3510E4535,-0.07111047561434447
5kmN3510E4540,-0.07746205313225585
5kmN3515E4210,-0.013266509591239595
5kmN3515E4215,-0.047433304060312875
5kmN3515E4220,-0.022230999282333408
5kmN3515E4225,-0.012949571273527416
5kmN3515E4235,-0.00889411238862925
5kmN3515E4240,-0.028795994084002963
5kmN3515E4245,-0.04236035645039948
5kmN3515E4250,-0.04386636309854741
5kmN3515E4255,-0.03603343303901202
5kmN3515E4260,-0.0425986507144947
5kmN3515E4265,-0.034005174109523084
5kmN3515E4270,-0.04191229199628732
5kmN3515E4275,-0.04487199817356102
5kmN3515E4280,-0.09656902220516705
5kmN3515E4285,-0.06176635569202399
5kmN3515E4290,-0.034835902907161376
5kmN3515E4295,-0.03204367329272034
5kmN3515E4300,-0.03743059448691488
5kmN3515E4305,-0.05453999282446054
5kmN3515E4310,-0.05381607213572881
5kmN3515E4315,-0.042875148883788405
5kmN3520E4210,-0.006579764429404222
5kmN3520E4230,-0.032590785778817466
5kmN3520E4235,-0.01978067457090915
5kmN3520E4240,-0.02643548844330046
5kmN3520E4245,-0.03658427979337353
5kmN3520E4250,-0.040782693904625134
5kmN3520E4255,-0.04253876024294312
5kmN3520E4260,-0.041206216950449126
5kmN3520E4265,-0.029630826507033414
5kmN3520E4270,-0.029326814488712882
5kmN3520E4275,-0.03876183667321953
5kmN3520E4280,-0.07054687800297865
5kmN3520E4285,-0.09443586641305701
5kmN3520E4290,-0.028602588108232574
5kmN3520E4295,-0.05610114934240629
5kmN3520E4300,-0.05116594748073067
5kmN3520E4305,-0.011991043036550686
5kmN3525E4210,-0.01728633936408991
5kmN3525E4215,0.021587987468966452
5kmN3525E4220,-0.0089930070028863
5kmN3525E4230,-0.014656044196269202
5kmN3525E4235,-0.014854959873552176
5kmN3525E4240,-0.02975181820893591
5kmN3525E4245,-0.036315969255006575
5kmN3525E4250,-0.035056256137406705
5kmN3525E4255,-0.03895449646373261
5kmN3525E4260,-0.04226103766421013
5kmN3525E4265,-0.026368133573720032
5kmN3525E4270,-0.020200940964086367
5kmN3525E4280,-0.03536362788917158
5kmN3525E4290,-0.044638092119132666
5kmN3525E4295,0.0027551689292084625
5kmN3530E4210,-0.009460647166421254
5kmN3530E4215,-0.008948540605974997
5kmN3530E4220,0.00832989417419605
5kmN3530E4230,-0.019314783704407534
5kmN3530E4235,-0.015009419483211717
5kmN3530E4240,-0.02212530304027588
5kmN3530E4245,-0.0311439691368689
5kmN3530E4250,-0.0325774298921474
5kmN3530E4255,-0.03464161702097729
5kmN3530E4295,-0.024576324342521327
5kmN3535E4210,-0.006053428954944096
5kmN3535E4215,0.03352729851444686
5kmN3540E4210,0.0015995699724780654
5kmN3540E4215,0.00014799379260599377
5kmN3545E4215,-0.03838437239618331
5kmN3545E4220,-0.01779345747461103
5kmN3550E4215,-0.006653780773566709
